timestamp,model,hour,y_true,y_pred,train_start,train_end,test_day,train_rows,test_rows,best_cv_score_neg_mae,best_cv_mae,best_params
2020-10-09 07:00:00,Decision Tree,7,0.9991083698594575,0.3485632118559556,2018-10-09 07:00:00,2020-10-09 07:00:00,2020-10-09 07:00:00,731,1,-0.42290985504429074,0.42290985504429074,"{'max_depth': None, 'min_samples_leaf': 1, 'min_samples_split': 20}"
2020-10-09 07:00:00,ARX,7,0.9991083698594575,0.288983926934671,2018-10-09 07:00:00,2020-10-09 07:00:00,2020-10-09 07:00:00,731,1,-0.3032104293734177,0.3032104293734177,{'model__alpha': 0.01}
2020-10-09 07:00:00,Random Forest,7,0.9991083698594575,0.3107051667592585,2018-10-09 07:00:00,2020-10-09 07:00:00,2020-10-09 07:00:00,731,1,-0.28640559026943707,0.28640559026943707,"{'max_depth': 10, 'max_features': 0.5, 'min_samples_leaf': 2, 'n_estimators': 100}"
2020-10-09 07:00:00,Neural Network,7,0.9991083698594575,0.17714566899330716,2018-10-09 07:00:00,2020-10-09 07:00:00,2020-10-09 07:00:00,731,1,-0.35941423956503044,0.35941423956503044,"{'regressor__model__alpha': 0.0001, 'regressor__model__hidden_layer_sizes': (64, 32), 'regressor__model__learning_rate_init': 0.0001}"
2020-10-09 07:00:00,Naive,7,0.9991083698594575,0.7669240602049539,2018-10-09 07:00:00,2020-10-09 07:00:00,2020-10-09 07:00:00,731,1,,,not_applicable
2020-10-10 07:00:00,Decision Tree,7,-0.30117642883082313,-0.50741889255857,2018-10-10 07:00:00,2020-10-10 07:00:00,2020-10-10 07:00:00,731,1,-0.42290985504429074,0.42290985504429074,"{'max_depth': None, 'min_samples_leaf': 1, 'min_samples_split': 20}"
2020-10-10 07:00:00,ARX,7,-0.30117642883082313,-0.6499013891751656,2018-10-10 07:00:00,2020-10-10 07:00:00,2020-10-10 07:00:00,731,1,-0.3032104293734177,0.3032104293734177,{'model__alpha': 0.01}
2020-10-10 07:00:00,Random Forest,7,-0.30117642883082313,-0.46147341586971274,2018-10-10 07:00:00,2020-10-10 07:00:00,2020-10-10 07:00:00,731,1,-0.28640559026943707,0.28640559026943707,"{'max_depth': 10, 'max_features': 0.5, 'min_samples_leaf': 2, 'n_estimators': 100}"
2020-10-10 07:00:00,Neural Network,7,-0.30117642883082313,-0.20047364057089606,2018-10-10 07:00:00,2020-10-10 07:00:00,2020-10-10 07:00:00,731,1,-0.35941423956503044,0.35941423956503044,"{'regressor__model__alpha': 0.0001, 'regressor__model__hidden_layer_sizes': (64, 32), 'regressor__model__learning_rate_init': 0.0001}"
2020-10-10 07:00:00,Naive,7,-0.30117642883082313,0.9991083698594575,2018-10-10 07:00:00,2020-10-10 07:00:00,2020-10-10 07:00:00,731,1,,,not_applicable
2020-10-11 07:00:00,Decision Tree,7,-0.5009064440134273,-0.9289961834302352,2018-10-11 07:00:00,2020-10-11 07:00:00,2020-10-11 07:00:00,731,1,-0.42290985504429074,0.42290985504429074,"{'max_depth': None, 'min_samples_leaf': 1, 'min_samples_split': 20}"
2020-10-11 07:00:00,ARX,7,-0.5009064440134273,-0.9966965258677606,2018-10-11 07:00:00,2020-10-11 07:00:00,2020-10-11 07:00:00,731,1,-0.3032104293734177,0.3032104293734177,{'model__alpha': 0.01}
2020-10-11 07:00:00,Random Forest,7,-0.5009064440134273,-1.0435422866542683,2018-10-11 07:00:00,2020-10-11 07:00:00,2020-10-11 07:00:00,731,1,-0.28640559026943707,0.28640559026943707,"{'max_depth': 10, 'max_features': 0.5, 'min_samples_leaf': 2, 'n_estimators': 100}"
2020-10-11 07:00:00,Neural Network,7,-0.5009064440134273,-0.7238416885276449,2018-10-11 07:00:00,2020-10-11 07:00:00,2020-10-11 07:00:00,731,1,-0.35941423956503044,0.35941423956503044,"{'regressor__model__alpha': 0.0001, 'regressor__model__hidden_layer_sizes': (64, 32), 'regressor__model__learning_rate_init': 0.0001}"
2020-10-11 07:00:00,Naive,7,-0.5009064440134273,-0.30117642883082313,2018-10-11 07:00:00,2020-10-11 07:00:00,2020-10-11 07:00:00,731,1,,,not_applicable
2020-10-12 07:00:00,Decision Tree,7,1.083933646934887,0.8294296430142123,2018-10-12 07:00:00,2020-10-12 07:00:00,2020-10-12 07:00:00,731,1,-0.42290985504429074,0.42290985504429074,"{'max_depth': None, 'min_samples_leaf': 1, 'min_samples_split': 20}"
2020-10-12 07:00:00,ARX,7,1.083933646934887,1.0673881811905428,2018-10-12 07:00:00,2020-10-12 07:00:00,2020-10-12 07:00:00,731,1,-0.3032104293734177,0.3032104293734177,{'model__alpha': 0.01}
2020-10-12 07:00:00,Random Forest,7,1.083933646934887,0.8692418821235995,2018-10-12 07:00:00,2020-10-12 07:00:00,2020-10-12 07:00:00,731,1,-0.28640559026943707,0.28640559026943707,"{'max_depth': 10, 'max_features': 0.5, 'min_samples_leaf': 2, 'n_estimators': 100}"
2020-10-12 07:00:00,Neural Network,7,1.083933646934887,1.447625176676819,2018-10-12 07:00:00,2020-10-12 07:00:00,2020-10-12 07:00:00,731,1,-0.35941423956503044,0.35941423956503044,"{'regressor__model__alpha': 0.0001, 'regressor__model__hidden_layer_sizes': (64, 32), 'regressor__model__learning_rate_init': 0.0001}"
2020-10-12 07:00:00,Naive,7,1.083933646934887,-0.5009064440134273,2018-10-12 07:00:00,2020-10-12 07:00:00,2020-10-12 07:00:00,731,1,,,not_applicable
2020-10-13 07:00:00,Decision Tree,7,1.22658363681166,1.3882420446052746,2018-10-13 07:00:00,2020-10-13 07:00:00,2020-10-13 07:00:00,731,1,-0.42290985504429074,0.42290985504429074,"{'max_depth': None, 'min_samples_leaf': 1, 'min_samples_split': 20}"
2020-10-13 07:00:00,ARX,7,1.22658363681166,1.2281732415942734,2018-10-13 07:00:00,2020-10-13 07:00:00,2020-10-13 07:00:00,731,1,-0.3032104293734177,0.3032104293734177,{'model__alpha': 0.01}
2020-10-13 07:00:00,Random Forest,7,1.22658363681166,1.0986499461166914,2018-10-13 07:00:00,2020-10-13 07:00:00,2020-10-13 07:00:00,731,1,-0.28640559026943707,0.28640559026943707,"{'max_depth': 10, 'max_features': 0.5, 'min_samples_leaf': 2, 'n_estimators': 100}"
2020-10-13 07:00:00,Neural Network,7,1.22658363681166,1.0718221578746465,2018-10-13 07:00:00,2020-10-13 07:00:00,2020-10-13 07:00:00,731,1,-0.35941423956503044,0.35941423956503044,"{'regressor__model__alpha': 0.0001, 'regressor__model__hidden_layer_sizes': (64, 32), 'regressor__model__learning_rate_init': 0.0001}"
2020-10-13 07:00:00,Naive,7,1.22658363681166,1.083933646934887,2018-10-13 07:00:00,2020-10-13 07:00:00,2020-10-13 07:00:00,731,1,,,not_applicable
2020-10-14 07:00:00,Decision Tree,7,0.8662872313594137,0.1312493836850065,2018-10-14 07:00:00,2020-10-14 07:00:00,2020-10-14 07:00:00,731,1,-0.42290985504429074,0.42290985504429074,"{'max_depth': None, 'min_samples_leaf': 1, 'min_samples_split': 20}"
2020-10-14 07:00:00,ARX,7,0.8662872313594137,0.2962919738869095,2018-10-14 07:00:00,2020-10-14 07:00:00,2020-10-14 07:00:00,731,1,-0.3032104293734177,0.3032104293734177,{'model__alpha': 0.01}
2020-10-14 07:00:00,Random Forest,7,0.8662872313594137,0.2674606954076116,2018-10-14 07:00:00,2020-10-14 07:00:00,2020-10-14 07:00:00,731,1,-0.28640559026943707,0.28640559026943707,"{'max_depth': 10, 'max_features': 0.5, 'min_samples_leaf': 2, 'n_estimators': 100}"
2020-10-14 07:00:00,Neural Network,7,0.8662872313594137,0.8940914486962146,2018-10-14 07:00:00,2020-10-14 07:00:00,2020-10-14 07:00:00,731,1,-0.35941423956503044,0.35941423956503044,"{'regressor__model__alpha': 0.0001, 'regressor__model__hidden_layer_sizes': (64, 32), 'regressor__model__learning_rate_init': 0.0001}"
2020-10-14 07:00:00,Naive,7,0.8662872313594137,1.22658363681166,2018-10-14 07:00:00,2020-10-14 07:00:00,2020-10-14 07:00:00,731,1,,,not_applicable
2020-10-15 07:00:00,Decision Tree,7,0.4883660925355192,0.4399245563700972,2018-10-15 07:00:00,2020-10-15 07:00:00,2020-10-15 07:00:00,731,1,-0.42290985504429074,0.42290985504429074,"{'max_depth': None, 'min_samples_leaf': 1, 'min_samples_split': 20}"
2020-10-15 07:00:00,ARX,7,0.4883660925355192,0.30188147328426695,2018-10-15 07:00:00,2020-10-15 07:00:00,2020-10-15 07:00:00,731,1,-0.3032104293734177,0.3032104293734177,{'model__alpha': 0.01}
2020-10-15 07:00:00,Random Forest,7,0.4883660925355192,0.4499591423288563,2018-10-15 07:00:00,2020-10-15 07:00:00,2020-10-15 07:00:00,731,1,-0.28640559026943707,0.28640559026943707,"{'max_depth': 10, 'max_features': 0.5, 'min_samples_leaf': 2, 'n_estimators': 100}"
2020-10-15 07:00:00,Neural Network,7,0.4883660925355192,1.0434600812221104,2018-10-15 07:00:00,2020-10-15 07:00:00,2020-10-15 07:00:00,731,1,-0.35941423956503044,0.35941423956503044,"{'regressor__model__alpha': 0.0001, 'regressor__model__hidden_layer_sizes': (64, 32), 'regressor__model__learning_rate_init': 0.0001}"
2020-10-15 07:00:00,Naive,7,0.4883660925355192,0.8662872313594137,2018-10-15 07:00:00,2020-10-15 07:00:00,2020-10-15 07:00:00,731,1,,,not_applicable
2020-10-16 07:00:00,Decision Tree,7,1.0873291416085862,0.8470300506523256,2018-10-16 07:00:00,2020-10-16 07:00:00,2020-10-16 07:00:00,731,1,-0.42290985504429074,0.42290985504429074,"{'max_depth': None, 'min_samples_leaf': 1, 'min_samples_split': 20}"
2020-10-16 07:00:00,ARX,7,1.0873291416085862,1.0054991578123609,2018-10-16 07:00:00,2020-10-16 07:00:00,2020-10-16 07:00:00,731,1,-0.3032104293734177,0.3032104293734177,{'model__alpha': 0.01}
2020-10-16 07:00:00,Random Forest,7,1.0873291416085862,0.909808360006928,2018-10-16 07:00:00,2020-10-16 07:00:00,2020-10-16 07:00:00,731,1,-0.28640559026943707,0.28640559026943707,"{'max_depth': 10, 'max_features': 0.5, 'min_samples_leaf': 2, 'n_estimators': 100}"
2020-10-16 07:00:00,Neural Network,7,1.0873291416085862,1.3158458633698966,2018-10-16 07:00:00,2020-10-16 07:00:00,2020-10-16 07:00:00,731,1,-0.35941423956503044,0.35941423956503044,"{'regressor__model__alpha': 0.0001, 'regressor__model__hidden_layer_sizes': (64, 32), 'regressor__model__learning_rate_init': 0.0001}"
2020-10-16 07:00:00,Naive,7,1.0873291416085862,0.4883660925355192,2018-10-16 07:00:00,2020-10-16 07:00:00,2020-10-16 07:00:00,731,1,,,not_applicable
2020-10-17 07:00:00,Decision Tree,7,0.36160282396229,0.19676369563934804,2018-10-17 07:00:00,2020-10-17 07:00:00,2020-10-17 07:00:00,731,1,-0.42290985504429074,0.42290985504429074,"{'max_depth': None, 'min_samples_leaf': 1, 'min_samples_split': 20}"
2020-10-17 07:00:00,ARX,7,0.36160282396229,0.2878937151019374,2018-10-17 07:00:00,2020-10-17 07:00:00,2020-10-17 07:00:00,731,1,-0.3032104293734177,0.3032104293734177,{'model__alpha': 0.01}
2020-10-17 07:00:00,Random Forest,7,0.36160282396229,0.21226679553306474,2018-10-17 07:00:00,2020-10-17 07:00:00,2020-10-17 07:00:00,731,1,-0.28640559026943707,0.28640559026943707,"{'max_depth': 10, 'max_features': 0.5, 'min_samples_leaf': 2, 'n_estimators': 100}"
2020-10-17 07:00:00,Neural Network,7,0.36160282396229,0.5786424959152539,2018-10-17 07:00:00,2020-10-17 07:00:00,2020-10-17 07:00:00,731,1,-0.35941423956503044,0.35941423956503044,"{'regressor__model__alpha': 0.0001, 'regressor__model__hidden_layer_sizes': (64, 32), 'regressor__model__learning_rate_init': 0.0001}"
2020-10-17 07:00:00,Naive,7,0.36160282396229,1.0873291416085862,2018-10-17 07:00:00,2020-10-17 07:00:00,2020-10-17 07:00:00,731,1,,,not_applicable
2020-10-18 07:00:00,Decision Tree,7,-0.7324154254595787,-0.8754142974064881,2018-10-18 07:00:00,2020-10-18 07:00:00,2020-10-18 07:00:00,731,1,-0.42290985504429074,0.42290985504429074,"{'max_depth': None, 'min_samples_leaf': 1, 'min_samples_split': 20}"
2020-10-18 07:00:00,ARX,7,-0.7324154254595787,-0.7911675867276698,2018-10-18 07:00:00,2020-10-18 07:00:00,2020-10-18 07:00:00,731,1,-0.3032104293734177,0.3032104293734177,{'model__alpha': 0.01}
2020-10-18 07:00:00,Random Forest,7,-0.7324154254595787,-0.8398341825679557,2018-10-18 07:00:00,2020-10-18 07:00:00,2020-10-18 07:00:00,731,1,-0.28640559026943707,0.28640559026943707,"{'max_depth': 10, 'max_features': 0.5, 'min_samples_leaf': 2, 'n_estimators': 100}"
2020-10-18 07:00:00,Neural Network,7,-0.7324154254595787,-0.6668164351582753,2018-10-18 07:00:00,2020-10-18 07:00:00,2020-10-18 07:00:00,731,1,-0.35941423956503044,0.35941423956503044,"{'regressor__model__alpha': 0.0001, 'regressor__model__hidden_layer_sizes': (64, 32), 'regressor__model__learning_rate_init': 0.0001}"
2020-10-18 07:00:00,Naive,7,-0.7324154254595787,0.36160282396229,2018-10-18 07:00:00,2020-10-18 07:00:00,2020-10-18 07:00:00,731,1,,,not_applicable
2020-10-19 07:00:00,Decision Tree,7,1.356066648699307,1.1925079653735415,2018-10-19 07:00:00,2020-10-19 07:00:00,2020-10-19 07:00:00,731,1,-0.42290985504429074,0.42290985504429074,"{'max_depth': None, 'min_samples_leaf': 1, 'min_samples_split': 20}"
2020-10-19 07:00:00,ARX,7,1.356066648699307,1.285870842923424,2018-10-19 07:00:00,2020-10-19 07:00:00,2020-10-19 07:00:00,731,1,-0.3032104293734177,0.3032104293734177,{'model__alpha': 0.01}
2020-10-19 07:00:00,Random Forest,7,1.356066648699307,0.8806273882013786,2018-10-19 07:00:00,2020-10-19 07:00:00,2020-10-19 07:00:00,731,1,-0.28640559026943707,0.28640559026943707,"{'max_depth': 10, 'max_features': 0.5, 'min_samples_leaf': 2, 'n_estimators': 100}"
2020-10-19 07:00:00,Neural Network,7,1.356066648699307,1.1182172084779225,2018-10-19 07:00:00,2020-10-19 07:00:00,2020-10-19 07:00:00,731,1,-0.35941423956503044,0.35941423956503044,"{'regressor__model__alpha': 0.0001, 'regressor__model__hidden_layer_sizes': (64, 32), 'regressor__model__learning_rate_init': 0.0001}"
2020-10-19 07:00:00,Naive,7,1.356066648699307,-0.7324154254595787,2018-10-19 07:00:00,2020-10-19 07:00:00,2020-10-19 07:00:00,731,1,,,not_applicable
2020-10-20 07:00:00,Decision Tree,7,0.7841721119765538,0.3335106298634425,2018-10-20 07:00:00,2020-10-20 07:00:00,2020-10-20 07:00:00,731,1,-0.42290985504429074,0.42290985504429074,"{'max_depth': None, 'min_samples_leaf': 1, 'min_samples_split': 20}"
2020-10-20 07:00:00,ARX,7,0.7841721119765538,0.4957354989967467,2018-10-20 07:00:00,2020-10-20 07:00:00,2020-10-20 07:00:00,731,1,-0.3032104293734177,0.3032104293734177,{'model__alpha': 0.01}
2020-10-20 07:00:00,Random Forest,7,0.7841721119765538,0.5331008404387455,2018-10-20 07:00:00,2020-10-20 07:00:00,2020-10-20 07:00:00,731,1,-0.28640559026943707,0.28640559026943707,"{'max_depth': 10, 'max_features': 0.5, 'min_samples_leaf': 2, 'n_estimators': 100}"
2020-10-20 07:00:00,Neural Network,7,0.7841721119765538,0.7433700580103707,2018-10-20 07:00:00,2020-10-20 07:00:00,2020-10-20 07:00:00,731,1,-0.35941423956503044,0.35941423956503044,"{'regressor__model__alpha': 0.0001, 'regressor__model__hidden_layer_sizes': (64, 32), 'regressor__model__learning_rate_init': 0.0001}"
2020-10-20 07:00:00,Naive,7,0.7841721119765538,1.356066648699307,2018-10-20 07:00:00,2020-10-20 07:00:00,2020-10-20 07:00:00,731,1,,,not_applicable
2020-10-21 07:00:00,Decision Tree,7,0.9024283771264043,0.5788345890017251,2018-10-21 07:00:00,2020-10-21 07:00:00,2020-10-21 07:00:00,731,1,-0.42290985504429074,0.42290985504429074,"{'max_depth': None, 'min_samples_leaf': 1, 'min_samples_split': 20}"
2020-10-21 07:00:00,ARX,7,0.9024283771264043,0.5144547532566055,2018-10-21 07:00:00,2020-10-21 07:00:00,2020-10-21 07:00:00,731,1,-0.3032104293734177,0.3032104293734177,{'model__alpha': 0.01}
2020-10-21 07:00:00,Random Forest,7,0.9024283771264043,0.5890395807698142,2018-10-21 07:00:00,2020-10-21 07:00:00,2020-10-21 07:00:00,731,1,-0.28640559026943707,0.28640559026943707,"{'max_depth': 10, 'max_features': 0.5, 'min_samples_leaf': 2, 'n_estimators': 100}"
2020-10-21 07:00:00,Neural Network,7,0.9024283771264043,0.8743109711854082,2018-10-21 07:00:00,2020-10-21 07:00:00,2020-10-21 07:00:00,731,1,-0.35941423956503044,0.35941423956503044,"{'regressor__model__alpha': 0.0001, 'regressor__model__hidden_layer_sizes': (64, 32), 'regressor__model__learning_rate_init': 0.0001}"
2020-10-21 07:00:00,Naive,7,0.9024283771264043,0.7841721119765538,2018-10-21 07:00:00,2020-10-21 07:00:00,2020-10-21 07:00:00,731,1,,,not_applicable
2020-10-22 07:00:00,Decision Tree,7,0.6031451943481916,0.8776822362436956,2018-10-22 07:00:00,2020-10-22 07:00:00,2020-10-22 07:00:00,731,1,-0.42290985504429074,0.42290985504429074,"{'max_depth': None, 'min_samples_leaf': 1, 'min_samples_split': 20}"
2020-10-22 07:00:00,ARX,7,0.6031451943481916,-0.10348188667901187,2018-10-22 07:00:00,2020-10-22 07:00:00,2020-10-22 07:00:00,731,1,-0.3032104293734177,0.3032104293734177,{'model__alpha': 0.01}
2020-10-22 07:00:00,Random Forest,7,0.6031451943481916,0.383874058925678,2018-10-22 07:00:00,2020-10-22 07:00:00,2020-10-22 07:00:00,731,1,-0.28640559026943707,0.28640559026943707,"{'max_depth': 10, 'max_features': 0.5, 'min_samples_leaf': 2, 'n_estimators': 100}"
2020-10-22 07:00:00,Neural Network,7,0.6031451943481916,0.06167564336403622,2018-10-22 07:00:00,2020-10-22 07:00:00,2020-10-22 07:00:00,731,1,-0.35941423956503044,0.35941423956503044,"{'regressor__model__alpha': 0.0001, 'regressor__model__hidden_layer_sizes': (64, 32), 'regressor__model__learning_rate_init': 0.0001}"
2020-10-22 07:00:00,Naive,7,0.6031451943481916,0.9024283771264043,2018-10-22 07:00:00,2020-10-22 07:00:00,2020-10-22 07:00:00,731,1,,,not_applicable
2020-10-23 07:00:00,Decision Tree,7,1.0525873344549699,1.018276722223,2018-10-23 07:00:00,2020-10-23 07:00:00,2020-10-23 07:00:00,731,1,-0.42290985504429074,0.42290985504429074,"{'max_depth': None, 'min_samples_leaf': 1, 'min_samples_split': 20}"
2020-10-23 07:00:00,ARX,7,1.0525873344549699,0.7194275677547592,2018-10-23 07:00:00,2020-10-23 07:00:00,2020-10-23 07:00:00,731,1,-0.3032104293734177,0.3032104293734177,{'model__alpha': 0.01}
2020-10-23 07:00:00,Random Forest,7,1.0525873344549699,0.762226134196779,2018-10-23 07:00:00,2020-10-23 07:00:00,2020-10-23 07:00:00,731,1,-0.28640559026943707,0.28640559026943707,"{'max_depth': 10, 'max_features': 0.5, 'min_samples_leaf': 2, 'n_estimators': 100}"
2020-10-23 07:00:00,Neural Network,7,1.0525873344549699,0.5196146351987825,2018-10-23 07:00:00,2020-10-23 07:00:00,2020-10-23 07:00:00,731,1,-0.35941423956503044,0.35941423956503044,"{'regressor__model__alpha': 0.0001, 'regressor__model__hidden_layer_sizes': (64, 32), 'regressor__model__learning_rate_init': 0.0001}"
2020-10-23 07:00:00,Naive,7,1.0525873344549699,0.6031451943481916,2018-10-23 07:00:00,2020-10-23 07:00:00,2020-10-23 07:00:00,731,1,,,not_applicable
2020-10-24 07:00:00,Decision Tree,7,-0.3390608556651849,-0.7466435633716422,2018-10-24 07:00:00,2020-10-24 07:00:00,2020-10-24 07:00:00,731,1,-0.42290985504429074,0.42290985504429074,"{'max_depth': None, 'min_samples_leaf': 1, 'min_samples_split': 20}"
2020-10-24 07:00:00,ARX,7,-0.3390608556651849,-0.4736753089509257,2018-10-24 07:00:00,2020-10-24 07:00:00,2020-10-24 07:00:00,731,1,-0.3032104293734177,0.3032104293734177,{'model__alpha': 0.01}
2020-10-24 07:00:00,Random Forest,7,-0.3390608556651849,-0.6024660501675622,2018-10-24 07:00:00,2020-10-24 07:00:00,2020-10-24 07:00:00,731,1,-0.28640559026943707,0.28640559026943707,"{'max_depth': 10, 'max_features': 0.5, 'min_samples_leaf': 2, 'n_estimators': 100}"
2020-10-24 07:00:00,Neural Network,7,-0.3390608556651849,-0.12030778812335147,2018-10-24 07:00:00,2020-10-24 07:00:00,2020-10-24 07:00:00,731,1,-0.35941423956503044,0.35941423956503044,"{'regressor__model__alpha': 0.0001, 'regressor__model__hidden_layer_sizes': (64, 32), 'regressor__model__learning_rate_init': 0.0001}"
2020-10-24 07:00:00,Naive,7,-0.3390608556651849,1.0525873344549699,2018-10-24 07:00:00,2020-10-24 07:00:00,2020-10-24 07:00:00,731,1,,,not_applicable
2020-10-25 07:00:00,Decision Tree,7,-1.718848693611412,-1.8114772832259853,2018-10-25 07:00:00,2020-10-25 07:00:00,2020-10-25 07:00:00,731,1,-0.42290985504429074,0.42290985504429074,"{'max_depth': None, 'min_samples_leaf': 1, 'min_samples_split': 20}"
2020-10-25 07:00:00,ARX,7,-1.718848693611412,-1.2330992575448056,2018-10-25 07:00:00,2020-10-25 07:00:00,2020-10-25 07:00:00,731,1,-0.3032104293734177,0.3032104293734177,{'model__alpha': 0.01}
2020-10-25 07:00:00,Random Forest,7,-1.718848693611412,-1.5050593888282533,2018-10-25 07:00:00,2020-10-25 07:00:00,2020-10-25 07:00:00,731,1,-0.28640559026943707,0.28640559026943707,"{'max_depth': 10, 'max_features': 0.5, 'min_samples_leaf': 2, 'n_estimators': 100}"
2020-10-25 07:00:00,Neural Network,7,-1.718848693611412,-0.9359848043400655,2018-10-25 07:00:00,2020-10-25 07:00:00,2020-10-25 07:00:00,731,1,-0.35941423956503044,0.35941423956503044,"{'regressor__model__alpha': 0.0001, 'regressor__model__hidden_layer_sizes': (64, 32), 'regressor__model__learning_rate_init': 0.0001}"
2020-10-25 07:00:00,Naive,7,-1.718848693611412,-0.3390608556651849,2018-10-25 07:00:00,2020-10-25 07:00:00,2020-10-25 07:00:00,731,1,,,not_applicable
2020-10-26 07:00:00,Decision Tree,7,0.6762169795072495,0.7711836207944882,2018-10-26 07:00:00,2020-10-26 07:00:00,2020-10-26 07:00:00,731,1,-0.42290985504429074,0.42290985504429074,"{'max_depth': None, 'min_samples_leaf': 1, 'min_samples_split': 20}"
2020-10-26 07:00:00,ARX,7,0.6762169795072495,0.6862932683954321,2018-10-26 07:00:00,2020-10-26 07:00:00,2020-10-26 07:00:00,731,1,-0.3032104293734177,0.3032104293734177,{'model__alpha': 0.01}
2020-10-26 07:00:00,Random Forest,7,0.6762169795072495,0.49039092174669635,2018-10-26 07:00:00,2020-10-26 07:00:00,2020-10-26 07:00:00,731,1,-0.28640559026943707,0.28640559026943707,"{'max_depth': 10, 'max_features': 0.5, 'min_samples_leaf': 2, 'n_estimators': 100}"
2020-10-26 07:00:00,Neural Network,7,0.6762169795072495,0.43243189989515685,2018-10-26 07:00:00,2020-10-26 07:00:00,2020-10-26 07:00:00,731,1,-0.35941423956503044,0.35941423956503044,"{'regressor__model__alpha': 0.0001, 'regressor__model__hidden_layer_sizes': (64, 32), 'regressor__model__learning_rate_init': 0.0001}"
2020-10-26 07:00:00,Naive,7,0.6762169795072495,-1.718848693611412,2018-10-26 07:00:00,2020-10-26 07:00:00,2020-10-26 07:00:00,731,1,,,not_applicable
2020-10-27 07:00:00,Decision Tree,7,0.6555835673944782,-0.10270852797734081,2018-10-27 07:00:00,2020-10-27 07:00:00,2020-10-27 07:00:00,731,1,-0.42290985504429074,0.42290985504429074,"{'max_depth': None, 'min_samples_leaf': 1, 'min_samples_split': 20}"
2020-10-27 07:00:00,ARX,7,0.6555835673944782,0.3628871279612285,2018-10-27 07:00:00,2020-10-27 07:00:00,2020-10-27 07:00:00,731,1,-0.3032104293734177,0.3032104293734177,{'model__alpha': 0.01}
2020-10-27 07:00:00,Random Forest,7,0.6555835673944782,0.528425310411297,2018-10-27 07:00:00,2020-10-27 07:00:00,2020-10-27 07:00:00,731,1,-0.28640559026943707,0.28640559026943707,"{'max_depth': 10, 'max_features': 0.5, 'min_samples_leaf': 2, 'n_estimators': 100}"
2020-10-27 07:00:00,Neural Network,7,0.6555835673944782,0.41411484863226355,2018-10-27 07:00:00,2020-10-27 07:00:00,2020-10-27 07:00:00,731,1,-0.35941423956503044,0.35941423956503044,"{'regressor__model__alpha': 0.0001, 'regressor__model__hidden_layer_sizes': (64, 32), 'regressor__model__learning_rate_init': 0.0001}"
2020-10-27 07:00:00,Naive,7,0.6555835673944782,0.6762169795072495,2018-10-27 07:00:00,2020-10-27 07:00:00,2020-10-27 07:00:00,731,1,,,not_applicable
2020-10-28 07:00:00,Decision Tree,7,0.6122573688333723,-0.15920153966830008,2018-10-28 07:00:00,2020-10-28 07:00:00,2020-10-28 07:00:00,731,1,-0.42290985504429074,0.42290985504429074,"{'max_depth': None, 'min_samples_leaf': 1, 'min_samples_split': 20}"
2020-10-28 07:00:00,ARX,7,0.6122573688333723,-0.0414051769978131,2018-10-28 07:00:00,2020-10-28 07:00:00,2020-10-28 07:00:00,731,1,-0.3032104293734177,0.3032104293734177,{'model__alpha': 0.01}
2020-10-28 07:00:00,Random Forest,7,0.6122573688333723,0.10295603980506966,2018-10-28 07:00:00,2020-10-28 07:00:00,2020-10-28 07:00:00,731,1,-0.28640559026943707,0.28640559026943707,"{'max_depth': 10, 'max_features': 0.5, 'min_samples_leaf': 2, 'n_estimators': 100}"
2020-10-28 07:00:00,Neural Network,7,0.6122573688333723,0.1526017743298777,2018-10-28 07:00:00,2020-10-28 07:00:00,2020-10-28 07:00:00,731,1,-0.35941423956503044,0.35941423956503044,"{'regressor__model__alpha': 0.0001, 'regressor__model__hidden_layer_sizes': (64, 32), 'regressor__model__learning_rate_init': 0.0001}"
2020-10-28 07:00:00,Naive,7,0.6122573688333723,0.6555835673944782,2018-10-28 07:00:00,2020-10-28 07:00:00,2020-10-28 07:00:00,731,1,,,not_applicable
2020-10-29 07:00:00,Decision Tree,7,0.4339717139831587,0.23286360162437028,2018-10-29 07:00:00,2020-10-29 07:00:00,2020-10-29 07:00:00,731,1,-0.42290985504429074,0.42290985504429074,"{'max_depth': None, 'min_samples_leaf': 1, 'min_samples_split': 20}"
2020-10-29 07:00:00,ARX,7,0.4339717139831587,-0.040116136874167874,2018-10-29 07:00:00,2020-10-29 07:00:00,2020-10-29 07:00:00,731,1,-0.3032104293734177,0.3032104293734177,{'model__alpha': 0.01}
2020-10-29 07:00:00,Random Forest,7,0.4339717139831587,0.21218027639613646,2018-10-29 07:00:00,2020-10-29 07:00:00,2020-10-29 07:00:00,731,1,-0.28640559026943707,0.28640559026943707,"{'max_depth': 10, 'max_features': 0.5, 'min_samples_leaf': 2, 'n_estimators': 100}"
2020-10-29 07:00:00,Neural Network,7,0.4339717139831587,-0.012285293917816631,2018-10-29 07:00:00,2020-10-29 07:00:00,2020-10-29 07:00:00,731,1,-0.35941423956503044,0.35941423956503044,"{'regressor__model__alpha': 0.0001, 'regressor__model__hidden_layer_sizes': (64, 32), 'regressor__model__learning_rate_init': 0.0001}"
2020-10-29 07:00:00,Naive,7,0.4339717139831587,0.6122573688333723,2018-10-29 07:00:00,2020-10-29 07:00:00,2020-10-29 07:00:00,731,1,,,not_applicable
2020-10-30 07:00:00,Decision Tree,7,-0.08348750227209623,0.28421927282159093,2018-10-30 07:00:00,2020-10-30 07:00:00,2020-10-30 07:00:00,731,1,-0.42290985504429074,0.42290985504429074,"{'max_depth': None, 'min_samples_leaf': 1, 'min_samples_split': 20}"
2020-10-30 07:00:00,ARX,7,-0.08348750227209623,0.11078411698021379,2018-10-30 07:00:00,2020-10-30 07:00:00,2020-10-30 07:00:00,731,1,-0.3032104293734177,0.3032104293734177,{'model__alpha': 0.01}
2020-10-30 07:00:00,Random Forest,7,-0.08348750227209623,0.19575729233400632,2018-10-30 07:00:00,2020-10-30 07:00:00,2020-10-30 07:00:00,731,1,-0.28640559026943707,0.28640559026943707,"{'max_depth': 10, 'max_features': 0.5, 'min_samples_leaf': 2, 'n_estimators': 100}"
2020-10-30 07:00:00,Neural Network,7,-0.08348750227209623,0.14509483172611903,2018-10-30 07:00:00,2020-10-30 07:00:00,2020-10-30 07:00:00,731,1,-0.35941423956503044,0.35941423956503044,"{'regressor__model__alpha': 0.0001, 'regressor__model__hidden_layer_sizes': (64, 32), 'regressor__model__learning_rate_init': 0.0001}"
2020-10-30 07:00:00,Naive,7,-0.08348750227209623,0.4339717139831587,2018-10-30 07:00:00,2020-10-30 07:00:00,2020-10-30 07:00:00,731,1,,,not_applicable
2020-10-31 07:00:00,Decision Tree,7,-0.07551768263996025,-0.7661012578609409,2018-10-31 07:00:00,2020-10-31 07:00:00,2020-10-31 07:00:00,731,1,-0.42290985504429074,0.42290985504429074,"{'max_depth': None, 'min_samples_leaf': 1, 'min_samples_split': 20}"
2020-10-31 07:00:00,ARX,7,-0.07551768263996025,-0.28455198914304386,2018-10-31 07:00:00,2020-10-31 07:00:00,2020-10-31 07:00:00,731,1,-0.3032104293734177,0.3032104293734177,{'model__alpha': 0.01}
2020-10-31 07:00:00,Random Forest,7,-0.07551768263996025,-0.46877934519088277,2018-10-31 07:00:00,2020-10-31 07:00:00,2020-10-31 07:00:00,731,1,-0.28640559026943707,0.28640559026943707,"{'max_depth': 10, 'max_features': 0.5, 'min_samples_leaf': 2, 'n_estimators': 100}"
2020-10-31 07:00:00,Neural Network,7,-0.07551768263996025,-0.38981428539318286,2018-10-31 07:00:00,2020-10-31 07:00:00,2020-10-31 07:00:00,731,1,-0.35941423956503044,0.35941423956503044,"{'regressor__model__alpha': 0.0001, 'regressor__model__hidden_layer_sizes': (64, 32), 'regressor__model__learning_rate_init': 0.0001}"
2020-10-31 07:00:00,Naive,7,-0.07551768263996025,-0.08348750227209623,2018-10-31 07:00:00,2020-10-31 07:00:00,2020-10-31 07:00:00,731,1,,,not_applicable
2020-11-01 07:00:00,Decision Tree,7,-1.493935289535126,-0.7883771395327304,2018-11-01 07:00:00,2020-11-01 07:00:00,2020-11-01 07:00:00,731,1,-0.42290985504429074,0.42290985504429074,"{'max_depth': None, 'min_samples_leaf': 1, 'min_samples_split': 20}"
2020-11-01 07:00:00,ARX,7,-1.493935289535126,-1.4570090964868487,2018-11-01 07:00:00,2020-11-01 07:00:00,2020-11-01 07:00:00,731,1,-0.3032104293734177,0.3032104293734177,{'model__alpha': 0.01}
2020-11-01 07:00:00,Random Forest,7,-1.493935289535126,-1.1772483787997163,2018-11-01 07:00:00,2020-11-01 07:00:00,2020-11-01 07:00:00,731,1,-0.28640559026943707,0.28640559026943707,"{'max_depth': 10, 'max_features': 0.5, 'min_samples_leaf': 2, 'n_estimators': 100}"
2020-11-01 07:00:00,Neural Network,7,-1.493935289535126,-1.8784814293362315,2018-11-01 07:00:00,2020-11-01 07:00:00,2020-11-01 07:00:00,731,1,-0.35941423956503044,0.35941423956503044,"{'regressor__model__alpha': 0.0001, 'regressor__model__hidden_layer_sizes': (64, 32), 'regressor__model__learning_rate_init': 0.0001}"
2020-11-01 07:00:00,Naive,7,-1.493935289535126,-0.07551768263996025,2018-11-01 07:00:00,2020-11-01 07:00:00,2020-11-01 07:00:00,731,1,,,not_applicable
2020-11-02 07:00:00,Decision Tree,7,-0.13736676963750655,-0.8568131699216643,2018-11-02 07:00:00,2020-11-02 07:00:00,2020-11-02 07:00:00,731,1,-0.42290985504429074,0.42290985504429074,"{'max_depth': None, 'min_samples_leaf': 1, 'min_samples_split': 20}"
2020-11-02 07:00:00,ARX,7,-0.13736676963750655,-0.2886320021951125,2018-11-02 07:00:00,2020-11-02 07:00:00,2020-11-02 07:00:00,731,1,-0.3032104293734177,0.3032104293734177,{'model__alpha': 0.01}
2020-11-02 07:00:00,Random Forest,7,-0.13736676963750655,-0.5445398748328443,2018-11-02 07:00:00,2020-11-02 07:00:00,2020-11-02 07:00:00,731,1,-0.28640559026943707,0.28640559026943707,"{'max_depth': 10, 'max_features': 0.5, 'min_samples_leaf': 2, 'n_estimators': 100}"
2020-11-02 07:00:00,Neural Network,7,-0.13736676963750655,-0.48166242847858937,2018-11-02 07:00:00,2020-11-02 07:00:00,2020-11-02 07:00:00,731,1,-0.35941423956503044,0.35941423956503044,"{'regressor__model__alpha': 0.0001, 'regressor__model__hidden_layer_sizes': (64, 32), 'regressor__model__learning_rate_init': 0.0001}"
2020-11-02 07:00:00,Naive,7,-0.13736676963750655,-1.493935289535126,2018-11-02 07:00:00,2020-11-02 07:00:00,2020-11-02 07:00:00,731,1,,,not_applicable
2020-11-03 07:00:00,Decision Tree,7,0.5157029618759529,0.06343567605712715,2018-11-03 07:00:00,2020-11-03 07:00:00,2020-11-03 07:00:00,731,1,-0.42290985504429074,0.42290985504429074,"{'max_depth': None, 'min_samples_leaf': 1, 'min_samples_split': 20}"
2020-11-03 07:00:00,ARX,7,0.5157029618759529,0.19509635403898307,2018-11-03 07:00:00,2020-11-03 07:00:00,2020-11-03 07:00:00,731,1,-0.3032104293734177,0.3032104293734177,{'model__alpha': 0.01}
2020-11-03 07:00:00,Random Forest,7,0.5157029618759529,0.31789110505417334,2018-11-03 07:00:00,2020-11-03 07:00:00,2020-11-03 07:00:00,731,1,-0.28640559026943707,0.28640559026943707,"{'max_depth': 10, 'max_features': 0.5, 'min_samples_leaf': 2, 'n_estimators': 100}"
2020-11-03 07:00:00,Neural Network,7,0.5157029618759529,0.4080970868902778,2018-11-03 07:00:00,2020-11-03 07:00:00,2020-11-03 07:00:00,731,1,-0.35941423956503044,0.35941423956503044,"{'regressor__model__alpha': 0.0001, 'regressor__model__hidden_layer_sizes': (64, 32), 'regressor__model__learning_rate_init': 0.0001}"
2020-11-03 07:00:00,Naive,7,0.5157029618759529,-0.13736676963750655,2018-11-03 07:00:00,2020-11-03 07:00:00,2020-11-03 07:00:00,731,1,,,not_applicable
2020-11-04 07:00:00,Decision Tree,7,0.7357493038504193,0.15514356700360185,2018-11-04 07:00:00,2020-11-04 07:00:00,2020-11-04 07:00:00,731,1,-0.42290985504429074,0.42290985504429074,"{'max_depth': None, 'min_samples_leaf': 1, 'min_samples_split': 20}"
2020-11-04 07:00:00,ARX,7,0.7357493038504193,0.36849730949271353,2018-11-04 07:00:00,2020-11-04 07:00:00,2020-11-04 07:00:00,731,1,-0.3032104293734177,0.3032104293734177,{'model__alpha': 0.01}
2020-11-04 07:00:00,Random Forest,7,0.7357493038504193,0.45698775658500135,2018-11-04 07:00:00,2020-11-04 07:00:00,2020-11-04 07:00:00,731,1,-0.28640559026943707,0.28640559026943707,"{'max_depth': 10, 'max_features': 0.5, 'min_samples_leaf': 2, 'n_estimators': 100}"
2020-11-04 07:00:00,Neural Network,7,0.7357493038504193,0.7279171910872886,2018-11-04 07:00:00,2020-11-04 07:00:00,2020-11-04 07:00:00,731,1,-0.35941423956503044,0.35941423956503044,"{'regressor__model__alpha': 0.0001, 'regressor__model__hidden_layer_sizes': (64, 32), 'regressor__model__learning_rate_init': 0.0001}"
2020-11-04 07:00:00,Naive,7,0.7357493038504193,0.5157029618759529,2018-11-04 07:00:00,2020-11-04 07:00:00,2020-11-04 07:00:00,731,1,,,not_applicable
2020-11-05 07:00:00,Decision Tree,7,0.608624352442115,0.7638474670247284,2018-11-05 07:00:00,2020-11-05 07:00:00,2020-11-05 07:00:00,731,1,-0.42290985504429074,0.42290985504429074,"{'max_depth': None, 'min_samples_leaf': 1, 'min_samples_split': 20}"
2020-11-05 07:00:00,ARX,7,0.608624352442115,0.5294927156066483,2018-11-05 07:00:00,2020-11-05 07:00:00,2020-11-05 07:00:00,731,1,-0.3032104293734177,0.3032104293734177,{'model__alpha': 0.01}
2020-11-05 07:00:00,Random Forest,7,0.608624352442115,0.5366636436639587,2018-11-05 07:00:00,2020-11-05 07:00:00,2020-11-05 07:00:00,731,1,-0.28640559026943707,0.28640559026943707,"{'max_depth': 10, 'max_features': 0.5, 'min_samples_leaf': 2, 'n_estimators': 100}"
2020-11-05 07:00:00,Neural Network,7,0.608624352442115,1.2357553883842707,2018-11-05 07:00:00,2020-11-05 07:00:00,2020-11-05 07:00:00,731,1,-0.35941423956503044,0.35941423956503044,"{'regressor__model__alpha': 0.0001, 'regressor__model__hidden_layer_sizes': (64, 32), 'regressor__model__learning_rate_init': 0.0001}"
2020-11-05 07:00:00,Naive,7,0.608624352442115,0.7357493038504193,2018-11-05 07:00:00,2020-11-05 07:00:00,2020-11-05 07:00:00,731,1,,,not_applicable
2020-11-06 07:00:00,Decision Tree,7,0.8014862430195697,0.5291039886691246,2018-11-06 07:00:00,2020-11-06 07:00:00,2020-11-06 07:00:00,731,1,-0.42290985504429074,0.42290985504429074,"{'max_depth': None, 'min_samples_leaf': 1, 'min_samples_split': 20}"
2020-11-06 07:00:00,ARX,7,0.8014862430195697,0.7291724239149145,2018-11-06 07:00:00,2020-11-06 07:00:00,2020-11-06 07:00:00,731,1,-0.3032104293734177,0.3032104293734177,{'model__alpha': 0.01}
2020-11-06 07:00:00,Random Forest,7,0.8014862430195697,0.4628909865741684,2018-11-06 07:00:00,2020-11-06 07:00:00,2020-11-06 07:00:00,731,1,-0.28640559026943707,0.28640559026943707,"{'max_depth': 10, 'max_features': 0.5, 'min_samples_leaf': 2, 'n_estimators': 100}"
2020-11-06 07:00:00,Neural Network,7,0.8014862430195697,0.6810982146705973,2018-11-06 07:00:00,2020-11-06 07:00:00,2020-11-06 07:00:00,731,1,-0.35941423956503044,0.35941423956503044,"{'regressor__model__alpha': 0.0001, 'regressor__model__hidden_layer_sizes': (64, 32), 'regressor__model__learning_rate_init': 0.0001}"
2020-11-06 07:00:00,Naive,7,0.8014862430195697,0.608624352442115,2018-11-06 07:00:00,2020-11-06 07:00:00,2020-11-06 07:00:00,731,1,,,not_applicable
2020-11-07 07:00:00,Decision Tree,7,-0.3339248048895822,-0.4414849169767176,2018-11-07 07:00:00,2020-11-07 07:00:00,2020-11-07 07:00:00,731,1,-0.42290985504429074,0.42290985504429074,"{'max_depth': None, 'min_samples_leaf': 1, 'min_samples_split': 20}"
2020-11-07 07:00:00,ARX,7,-0.3339248048895822,-0.22328588761838436,2018-11-07 07:00:00,2020-11-07 07:00:00,2020-11-07 07:00:00,731,1,-0.3032104293734177,0.3032104293734177,{'model__alpha': 0.01}
2020-11-07 07:00:00,Random Forest,7,-0.3339248048895822,-0.31955119766255863,2018-11-07 07:00:00,2020-11-07 07:00:00,2020-11-07 07:00:00,731,1,-0.28640559026943707,0.28640559026943707,"{'max_depth': 10, 'max_features': 0.5, 'min_samples_leaf': 2, 'n_estimators': 100}"
2020-11-07 07:00:00,Neural Network,7,-0.3339248048895822,0.3662538151120626,2018-11-07 07:00:00,2020-11-07 07:00:00,2020-11-07 07:00:00,731,1,-0.35941423956503044,0.35941423956503044,"{'regressor__model__alpha': 0.0001, 'regressor__model__hidden_layer_sizes': (64, 32), 'regressor__model__learning_rate_init': 0.0001}"
2020-11-07 07:00:00,Naive,7,-0.3339248048895822,0.8014862430195697,2018-11-07 07:00:00,2020-11-07 07:00:00,2020-11-07 07:00:00,731,1,,,not_applicable
2020-11-08 07:00:00,Decision Tree,7,-0.11066421885883823,-0.49464401290734133,2018-11-08 07:00:00,2020-11-08 07:00:00,2020-11-08 07:00:00,731,1,-0.42290985504429074,0.42290985504429074,"{'max_depth': None, 'min_samples_leaf': 1, 'min_samples_split': 20}"
2020-11-08 07:00:00,ARX,7,-0.11066421885883823,-0.47492103408480874,2018-11-08 07:00:00,2020-11-08 07:00:00,2020-11-08 07:00:00,731,1,-0.3032104293734177,0.3032104293734177,{'model__alpha': 0.01}
2020-11-08 07:00:00,Random Forest,7,-0.11066421885883823,-0.3936407278361341,2018-11-08 07:00:00,2020-11-08 07:00:00,2020-11-08 07:00:00,731,1,-0.28640559026943707,0.28640559026943707,"{'max_depth': 10, 'max_features': 0.5, 'min_samples_leaf': 2, 'n_estimators': 100}"
2020-11-08 07:00:00,Neural Network,7,-0.11066421885883823,0.03747791415886961,2018-11-08 07:00:00,2020-11-08 07:00:00,2020-11-08 07:00:00,731,1,-0.35941423956503044,0.35941423956503044,"{'regressor__model__alpha': 0.0001, 'regressor__model__hidden_layer_sizes': (64, 32), 'regressor__model__learning_rate_init': 0.0001}"
2020-11-08 07:00:00,Naive,7,-0.11066421885883823,-0.3339248048895822,2018-11-08 07:00:00,2020-11-08 07:00:00,2020-11-08 07:00:00,731,1,,,not_applicable
2020-11-09 07:00:00,Decision Tree,7,0.8724997727551743,-0.10793320363904335,2018-11-09 07:00:00,2020-11-09 07:00:00,2020-11-09 07:00:00,731,1,-0.42290985504429074,0.42290985504429074,"{'max_depth': None, 'min_samples_leaf': 1, 'min_samples_split': 20}"
2020-11-09 07:00:00,ARX,7,0.8724997727551743,1.118731691177108,2018-11-09 07:00:00,2020-11-09 07:00:00,2020-11-09 07:00:00,731,1,-0.3032104293734177,0.3032104293734177,{'model__alpha': 0.01}
2020-11-09 07:00:00,Random Forest,7,0.8724997727551743,0.7548490479033794,2018-11-09 07:00:00,2020-11-09 07:00:00,2020-11-09 07:00:00,731,1,-0.28640559026943707,0.28640559026943707,"{'max_depth': 10, 'max_features': 0.5, 'min_samples_leaf': 2, 'n_estimators': 100}"
2020-11-09 07:00:00,Neural Network,7,0.8724997727551743,0.8585350603101539,2018-11-09 07:00:00,2020-11-09 07:00:00,2020-11-09 07:00:00,731,1,-0.35941423956503044,0.35941423956503044,"{'regressor__model__alpha': 0.0001, 'regressor__model__hidden_layer_sizes': (64, 32), 'regressor__model__learning_rate_init': 0.0001}"
2020-11-09 07:00:00,Naive,7,0.8724997727551743,-0.11066421885883823,2018-11-09 07:00:00,2020-11-09 07:00:00,2020-11-09 07:00:00,731,1,,,not_applicable
2020-11-10 07:00:00,Decision Tree,7,0.9410531010656825,0.8357270855962832,2018-11-10 07:00:00,2020-11-10 07:00:00,2020-11-10 07:00:00,731,1,-0.42290985504429074,0.42290985504429074,"{'max_depth': None, 'min_samples_leaf': 1, 'min_samples_split': 20}"
2020-11-10 07:00:00,ARX,7,0.9410531010656825,1.2537398433517772,2018-11-10 07:00:00,2020-11-10 07:00:00,2020-11-10 07:00:00,731,1,-0.3032104293734177,0.3032104293734177,{'model__alpha': 0.01}
2020-11-10 07:00:00,Random Forest,7,0.9410531010656825,1.1051157586637428,2018-11-10 07:00:00,2020-11-10 07:00:00,2020-11-10 07:00:00,731,1,-0.28640559026943707,0.28640559026943707,"{'max_depth': 10, 'max_features': 0.5, 'min_samples_leaf': 2, 'n_estimators': 100}"
2020-11-10 07:00:00,Neural Network,7,0.9410531010656825,1.2100736749320027,2018-11-10 07:00:00,2020-11-10 07:00:00,2020-11-10 07:00:00,731,1,-0.35941423956503044,0.35941423956503044,"{'regressor__model__alpha': 0.0001, 'regressor__model__hidden_layer_sizes': (64, 32), 'regressor__model__learning_rate_init': 0.0001}"
2020-11-10 07:00:00,Naive,7,0.9410531010656825,0.8724997727551743,2018-11-10 07:00:00,2020-11-10 07:00:00,2020-11-10 07:00:00,731,1,,,not_applicable
2020-11-11 07:00:00,Decision Tree,7,0.9739303215477295,1.071091532488662,2018-11-11 07:00:00,2020-11-11 07:00:00,2020-11-11 07:00:00,731,1,-0.42290985504429074,0.42290985504429074,"{'max_depth': None, 'min_samples_leaf': 1, 'min_samples_split': 20}"
2020-11-11 07:00:00,ARX,7,0.9739303215477295,1.264537166949499,2018-11-11 07:00:00,2020-11-11 07:00:00,2020-11-11 07:00:00,731,1,-0.3032104293734177,0.3032104293734177,{'model__alpha': 0.01}
2020-11-11 07:00:00,Random Forest,7,0.9739303215477295,1.0858394599456904,2018-11-11 07:00:00,2020-11-11 07:00:00,2020-11-11 07:00:00,731,1,-0.28640559026943707,0.28640559026943707,"{'max_depth': 10, 'max_features': 0.5, 'min_samples_leaf': 2, 'n_estimators': 100}"
2020-11-11 07:00:00,Neural Network,7,0.9739303215477295,1.139465008803025,2018-11-11 07:00:00,2020-11-11 07:00:00,2020-11-11 07:00:00,731,1,-0.35941423956503044,0.35941423956503044,"{'regressor__model__alpha': 0.0001, 'regressor__model__hidden_layer_sizes': (64, 32), 'regressor__model__learning_rate_init': 0.0001}"
2020-11-11 07:00:00,Naive,7,0.9739303215477295,0.9410531010656825,2018-11-11 07:00:00,2020-11-11 07:00:00,2020-11-11 07:00:00,731,1,,,not_applicable
2020-11-12 07:00:00,Decision Tree,7,0.7096582583118406,0.13963363494433767,2018-11-12 07:00:00,2020-11-12 07:00:00,2020-11-12 07:00:00,731,1,-0.42290985504429074,0.42290985504429074,"{'max_depth': None, 'min_samples_leaf': 1, 'min_samples_split': 20}"
2020-11-12 07:00:00,ARX,7,0.7096582583118406,0.5780857331067782,2018-11-12 07:00:00,2020-11-12 07:00:00,2020-11-12 07:00:00,731,1,-0.3032104293734177,0.3032104293734177,{'model__alpha': 0.01}
2020-11-12 07:00:00,Random Forest,7,0.7096582583118406,0.665317737326488,2018-11-12 07:00:00,2020-11-12 07:00:00,2020-11-12 07:00:00,731,1,-0.28640559026943707,0.28640559026943707,"{'max_depth': 10, 'max_features': 0.5, 'min_samples_leaf': 2, 'n_estimators': 100}"
2020-11-12 07:00:00,Neural Network,7,0.7096582583118406,0.6896423889306503,2018-11-12 07:00:00,2020-11-12 07:00:00,2020-11-12 07:00:00,731,1,-0.35941423956503044,0.35941423956503044,"{'regressor__model__alpha': 0.0001, 'regressor__model__hidden_layer_sizes': (64, 32), 'regressor__model__learning_rate_init': 0.0001}"
2020-11-12 07:00:00,Naive,7,0.7096582583118406,0.9739303215477295,2018-11-12 07:00:00,2020-11-12 07:00:00,2020-11-12 07:00:00,731,1,,,not_applicable
2020-11-13 07:00:00,Decision Tree,7,0.7427204620038107,1.0201828673469984,2018-11-13 07:00:00,2020-11-13 07:00:00,2020-11-13 07:00:00,731,1,-0.42290985504429074,0.42290985504429074,"{'max_depth': None, 'min_samples_leaf': 1, 'min_samples_split': 20}"
2020-11-13 07:00:00,ARX,7,0.7427204620038107,0.6815460689050228,2018-11-13 07:00:00,2020-11-13 07:00:00,2020-11-13 07:00:00,731,1,-0.3032104293734177,0.3032104293734177,{'model__alpha': 0.01}
2020-11-13 07:00:00,Random Forest,7,0.7427204620038107,0.7883373361585408,2018-11-13 07:00:00,2020-11-13 07:00:00,2020-11-13 07:00:00,731,1,-0.28640559026943707,0.28640559026943707,"{'max_depth': 10, 'max_features': 0.5, 'min_samples_leaf': 2, 'n_estimators': 100}"
2020-11-13 07:00:00,Neural Network,7,0.7427204620038107,0.8327807125491989,2018-11-13 07:00:00,2020-11-13 07:00:00,2020-11-13 07:00:00,731,1,-0.35941423956503044,0.35941423956503044,"{'regressor__model__alpha': 0.0001, 'regressor__model__hidden_layer_sizes': (64, 32), 'regressor__model__learning_rate_init': 0.0001}"
2020-11-13 07:00:00,Naive,7,0.7427204620038107,0.7096582583118406,2018-11-13 07:00:00,2020-11-13 07:00:00,2020-11-13 07:00:00,731,1,,,not_applicable
2020-11-14 07:00:00,Decision Tree,7,0.167561806617523,-0.5474908472123929,2018-11-14 07:00:00,2020-11-14 07:00:00,2020-11-14 07:00:00,731,1,-0.42290985504429074,0.42290985504429074,"{'max_depth': None, 'min_samples_leaf': 1, 'min_samples_split': 20}"
2020-11-14 07:00:00,ARX,7,0.167561806617523,-0.12429874756728074,2018-11-14 07:00:00,2020-11-14 07:00:00,2020-11-14 07:00:00,731,1,-0.3032104293734177,0.3032104293734177,{'model__alpha': 0.01}
2020-11-14 07:00:00,Random Forest,7,0.167561806617523,-0.14333419186527652,2018-11-14 07:00:00,2020-11-14 07:00:00,2020-11-14 07:00:00,731,1,-0.28640559026943707,0.28640559026943707,"{'max_depth': 10, 'max_features': 0.5, 'min_samples_leaf': 2, 'n_estimators': 100}"
2020-11-14 07:00:00,Neural Network,7,0.167561806617523,-0.27019214030379135,2018-11-14 07:00:00,2020-11-14 07:00:00,2020-11-14 07:00:00,731,1,-0.35941423956503044,0.35941423956503044,"{'regressor__model__alpha': 0.0001, 'regressor__model__hidden_layer_sizes': (64, 32), 'regressor__model__learning_rate_init': 0.0001}"
2020-11-14 07:00:00,Naive,7,0.167561806617523,0.7427204620038107,2018-11-14 07:00:00,2020-11-14 07:00:00,2020-11-14 07:00:00,731,1,,,not_applicable
2020-11-15 07:00:00,Decision Tree,7,-1.5675912433335033,-0.5719079825661194,2018-11-15 07:00:00,2020-11-15 07:00:00,2020-11-15 07:00:00,731,1,-0.42290985504429074,0.42290985504429074,"{'max_depth': None, 'min_samples_leaf': 1, 'min_samples_split': 20}"
2020-11-15 07:00:00,ARX,7,-1.5675912433335033,-1.1765149509285344,2018-11-15 07:00:00,2020-11-15 07:00:00,2020-11-15 07:00:00,731,1,-0.3032104293734177,0.3032104293734177,{'model__alpha': 0.01}
2020-11-15 07:00:00,Random Forest,7,-1.5675912433335033,-1.4034308545533338,2018-11-15 07:00:00,2020-11-15 07:00:00,2020-11-15 07:00:00,731,1,-0.28640559026943707,0.28640559026943707,"{'max_depth': 10, 'max_features': 0.5, 'min_samples_leaf': 2, 'n_estimators': 100}"
2020-11-15 07:00:00,Neural Network,7,-1.5675912433335033,-0.9442966212151032,2018-11-15 07:00:00,2020-11-15 07:00:00,2020-11-15 07:00:00,731,1,-0.35941423956503044,0.35941423956503044,"{'regressor__model__alpha': 0.0001, 'regressor__model__hidden_layer_sizes': (64, 32), 'regressor__model__learning_rate_init': 0.0001}"
2020-11-15 07:00:00,Naive,7,-1.5675912433335033,0.167561806617523,2018-11-15 07:00:00,2020-11-15 07:00:00,2020-11-15 07:00:00,731,1,,,not_applicable
2020-11-16 07:00:00,Decision Tree,7,0.4343950733879308,-0.7792057040910064,2018-11-16 07:00:00,2020-11-16 07:00:00,2020-11-16 07:00:00,731,1,-0.42290985504429074,0.42290985504429074,"{'max_depth': None, 'min_samples_leaf': 1, 'min_samples_split': 20}"
2020-11-16 07:00:00,ARX,7,0.4343950733879308,-0.35252732493123096,2018-11-16 07:00:00,2020-11-16 07:00:00,2020-11-16 07:00:00,731,1,-0.3032104293734177,0.3032104293734177,{'model__alpha': 0.01}
2020-11-16 07:00:00,Random Forest,7,0.4343950733879308,-0.0750671909918471,2018-11-16 07:00:00,2020-11-16 07:00:00,2020-11-16 07:00:00,731,1,-0.28640559026943707,0.28640559026943707,"{'max_depth': 10, 'max_features': 0.5, 'min_samples_leaf': 2, 'n_estimators': 100}"
2020-11-16 07:00:00,Neural Network,7,0.4343950733879308,0.25514498380039335,2018-11-16 07:00:00,2020-11-16 07:00:00,2020-11-16 07:00:00,731,1,-0.35941423956503044,0.35941423956503044,"{'regressor__model__alpha': 0.0001, 'regressor__model__hidden_layer_sizes': (64, 32), 'regressor__model__learning_rate_init': 0.0001}"
2020-11-16 07:00:00,Naive,7,0.4343950733879308,-1.5675912433335033,2018-11-16 07:00:00,2020-11-16 07:00:00,2020-11-16 07:00:00,731,1,,,not_applicable
2020-11-17 07:00:00,Decision Tree,7,0.48768922428723827,0.6754065816951398,2018-11-17 07:00:00,2020-11-17 07:00:00,2020-11-17 07:00:00,731,1,-0.42290985504429074,0.42290985504429074,"{'max_depth': None, 'min_samples_leaf': 1, 'min_samples_split': 20}"
2020-11-17 07:00:00,ARX,7,0.48768922428723827,0.325469979032439,2018-11-17 07:00:00,2020-11-17 07:00:00,2020-11-17 07:00:00,731,1,-0.3032104293734177,0.3032104293734177,{'model__alpha': 0.01}
2020-11-17 07:00:00,Random Forest,7,0.48768922428723827,0.4875539236608026,2018-11-17 07:00:00,2020-11-17 07:00:00,2020-11-17 07:00:00,731,1,-0.28640559026943707,0.28640559026943707,"{'max_depth': 10, 'max_features': 0.5, 'min_samples_leaf': 2, 'n_estimators': 100}"
2020-11-17 07:00:00,Neural Network,7,0.48768922428723827,0.3698991023104027,2018-11-17 07:00:00,2020-11-17 07:00:00,2020-11-17 07:00:00,731,1,-0.35941423956503044,0.35941423956503044,"{'regressor__model__alpha': 0.0001, 'regressor__model__hidden_layer_sizes': (64, 32), 'regressor__model__learning_rate_init': 0.0001}"
2020-11-17 07:00:00,Naive,7,0.48768922428723827,0.4343950733879308,2018-11-17 07:00:00,2020-11-17 07:00:00,2020-11-17 07:00:00,731,1,,,not_applicable
2020-11-18 07:00:00,Decision Tree,7,0.7300535621851482,0.5724744739750911,2018-11-18 07:00:00,2020-11-18 07:00:00,2020-11-18 07:00:00,731,1,-0.42290985504429074,0.42290985504429074,"{'max_depth': None, 'min_samples_leaf': 1, 'min_samples_split': 20}"
2020-11-18 07:00:00,ARX,7,0.7300535621851482,0.3912935129266709,2018-11-18 07:00:00,2020-11-18 07:00:00,2020-11-18 07:00:00,731,1,-0.3032104293734177,0.3032104293734177,{'model__alpha': 0.01}
2020-11-18 07:00:00,Random Forest,7,0.7300535621851482,0.5752906669490249,2018-11-18 07:00:00,2020-11-18 07:00:00,2020-11-18 07:00:00,731,1,-0.28640559026943707,0.28640559026943707,"{'max_depth': 10, 'max_features': 0.5, 'min_samples_leaf': 2, 'n_estimators': 100}"
2020-11-18 07:00:00,Neural Network,7,0.7300535621851482,0.4161649485729023,2018-11-18 07:00:00,2020-11-18 07:00:00,2020-11-18 07:00:00,731,1,-0.35941423956503044,0.35941423956503044,"{'regressor__model__alpha': 0.0001, 'regressor__model__hidden_layer_sizes': (64, 32), 'regressor__model__learning_rate_init': 0.0001}"
2020-11-18 07:00:00,Naive,7,0.7300535621851482,0.48768922428723827,2018-11-18 07:00:00,2020-11-18 07:00:00,2020-11-18 07:00:00,731,1,,,not_applicable
2020-11-19 07:00:00,Decision Tree,7,0.21852126715812978,-0.8852788681246047,2018-11-19 07:00:00,2020-11-19 07:00:00,2020-11-19 07:00:00,731,1,-0.42290985504429074,0.42290985504429074,"{'max_depth': None, 'min_samples_leaf': 1, 'min_samples_split': 20}"
2020-11-19 07:00:00,ARX,7,0.21852126715812978,-0.44560113582576366,2018-11-19 07:00:00,2020-11-19 07:00:00,2020-11-19 07:00:00,731,1,-0.3032104293734177,0.3032104293734177,{'model__alpha': 0.01}
2020-11-19 07:00:00,Random Forest,7,0.21852126715812978,-0.164593081798727,2018-11-19 07:00:00,2020-11-19 07:00:00,2020-11-19 07:00:00,731,1,-0.28640559026943707,0.28640559026943707,"{'max_depth': 10, 'max_features': 0.5, 'min_samples_leaf': 2, 'n_estimators': 100}"
2020-11-19 07:00:00,Neural Network,7,0.21852126715812978,0.025006073129140993,2018-11-19 07:00:00,2020-11-19 07:00:00,2020-11-19 07:00:00,731,1,-0.35941423956503044,0.35941423956503044,"{'regressor__model__alpha': 0.0001, 'regressor__model__hidden_layer_sizes': (64, 32), 'regressor__model__learning_rate_init': 0.0001}"
2020-11-19 07:00:00,Naive,7,0.21852126715812978,0.7300535621851482,2018-11-19 07:00:00,2020-11-19 07:00:00,2020-11-19 07:00:00,731,1,,,not_applicable
2020-11-20 07:00:00,Decision Tree,7,0.8930343921548585,0.635529629738179,2018-11-20 07:00:00,2020-11-20 07:00:00,2020-11-20 07:00:00,731,1,-0.42290985504429074,0.42290985504429074,"{'max_depth': None, 'min_samples_leaf': 1, 'min_samples_split': 20}"
2020-11-20 07:00:00,ARX,7,0.8930343921548585,0.46311271808475724,2018-11-20 07:00:00,2020-11-20 07:00:00,2020-11-20 07:00:00,731,1,-0.3032104293734177,0.3032104293734177,{'model__alpha': 0.01}
2020-11-20 07:00:00,Random Forest,7,0.8930343921548585,0.3709511680428348,2018-11-20 07:00:00,2020-11-20 07:00:00,2020-11-20 07:00:00,731,1,-0.28640559026943707,0.28640559026943707,"{'max_depth': 10, 'max_features': 0.5, 'min_samples_leaf': 2, 'n_estimators': 100}"
2020-11-20 07:00:00,Neural Network,7,0.8930343921548585,0.5954106126296322,2018-11-20 07:00:00,2020-11-20 07:00:00,2020-11-20 07:00:00,731,1,-0.35941423956503044,0.35941423956503044,"{'regressor__model__alpha': 0.0001, 'regressor__model__hidden_layer_sizes': (64, 32), 'regressor__model__learning_rate_init': 0.0001}"
2020-11-20 07:00:00,Naive,7,0.8930343921548585,0.21852126715812978,2018-11-20 07:00:00,2020-11-20 07:00:00,2020-11-20 07:00:00,731,1,,,not_applicable
2020-11-21 07:00:00,Decision Tree,7,-0.4793964208760377,-1.1625227667228237,2018-11-21 07:00:00,2020-11-21 07:00:00,2020-11-21 07:00:00,731,1,-0.42290985504429074,0.42290985504429074,"{'max_depth': None, 'min_samples_leaf': 1, 'min_samples_split': 20}"
2020-11-21 07:00:00,ARX,7,-0.4793964208760377,-0.6891251136949019,2018-11-21 07:00:00,2020-11-21 07:00:00,2020-11-21 07:00:00,731,1,-0.3032104293734177,0.3032104293734177,{'model__alpha': 0.01}
2020-11-21 07:00:00,Random Forest,7,-0.4793964208760377,-0.8195465918846445,2018-11-21 07:00:00,2020-11-21 07:00:00,2020-11-21 07:00:00,731,1,-0.28640559026943707,0.28640559026943707,"{'max_depth': 10, 'max_features': 0.5, 'min_samples_leaf': 2, 'n_estimators': 100}"
2020-11-21 07:00:00,Neural Network,7,-0.4793964208760377,-0.08880378790169022,2018-11-21 07:00:00,2020-11-21 07:00:00,2020-11-21 07:00:00,731,1,-0.35941423956503044,0.35941423956503044,"{'regressor__model__alpha': 0.0001, 'regressor__model__hidden_layer_sizes': (64, 32), 'regressor__model__learning_rate_init': 0.0001}"
2020-11-21 07:00:00,Naive,7,-0.4793964208760377,0.8930343921548585,2018-11-21 07:00:00,2020-11-21 07:00:00,2020-11-21 07:00:00,731,1,,,not_applicable
2020-11-22 07:00:00,Decision Tree,7,-1.3513510573687995,-1.6785685065407425,2018-11-22 07:00:00,2020-11-22 07:00:00,2020-11-22 07:00:00,731,1,-0.42290985504429074,0.42290985504429074,"{'max_depth': None, 'min_samples_leaf': 1, 'min_samples_split': 20}"
2020-11-22 07:00:00,ARX,7,-1.3513510573687995,-1.367350725276465,2018-11-22 07:00:00,2020-11-22 07:00:00,2020-11-22 07:00:00,731,1,-0.3032104293734177,0.3032104293734177,{'model__alpha': 0.01}
2020-11-22 07:00:00,Random Forest,7,-1.3513510573687995,-1.4438156995394364,2018-11-22 07:00:00,2020-11-22 07:00:00,2020-11-22 07:00:00,731,1,-0.28640559026943707,0.28640559026943707,"{'max_depth': 10, 'max_features': 0.5, 'min_samples_leaf': 2, 'n_estimators': 100}"
2020-11-22 07:00:00,Neural Network,7,-1.3513510573687995,-1.3319355895382143,2018-11-22 07:00:00,2020-11-22 07:00:00,2020-11-22 07:00:00,731,1,-0.35941423956503044,0.35941423956503044,"{'regressor__model__alpha': 0.0001, 'regressor__model__hidden_layer_sizes': (64, 32), 'regressor__model__learning_rate_init': 0.0001}"
2020-11-22 07:00:00,Naive,7,-1.3513510573687995,-0.4793964208760377,2018-11-22 07:00:00,2020-11-22 07:00:00,2020-11-22 07:00:00,731,1,,,not_applicable
2020-11-23 07:00:00,Decision Tree,7,1.1918737252469553,0.7541608961041344,2018-11-23 07:00:00,2020-11-23 07:00:00,2020-11-23 07:00:00,731,1,-0.42290985504429074,0.42290985504429074,"{'max_depth': None, 'min_samples_leaf': 1, 'min_samples_split': 20}"
2020-11-23 07:00:00,ARX,7,1.1918737252469553,0.6984004372980291,2018-11-23 07:00:00,2020-11-23 07:00:00,2020-11-23 07:00:00,731,1,-0.3032104293734177,0.3032104293734177,{'model__alpha': 0.01}
2020-11-23 07:00:00,Random Forest,7,1.1918737252469553,0.6354581115767111,2018-11-23 07:00:00,2020-11-23 07:00:00,2020-11-23 07:00:00,731,1,-0.28640559026943707,0.28640559026943707,"{'max_depth': 10, 'max_features': 0.5, 'min_samples_leaf': 2, 'n_estimators': 100}"
2020-11-23 07:00:00,Neural Network,7,1.1918737252469553,0.39034305823786464,2018-11-23 07:00:00,2020-11-23 07:00:00,2020-11-23 07:00:00,731,1,-0.35941423956503044,0.35941423956503044,"{'regressor__model__alpha': 0.0001, 'regressor__model__hidden_layer_sizes': (64, 32), 'regressor__model__learning_rate_init': 0.0001}"
2020-11-23 07:00:00,Naive,7,1.1918737252469553,-1.3513510573687995,2018-11-23 07:00:00,2020-11-23 07:00:00,2020-11-23 07:00:00,731,1,,,not_applicable
2020-11-24 07:00:00,Decision Tree,7,0.8410975731271435,1.0515104949164442,2018-11-24 07:00:00,2020-11-24 07:00:00,2020-11-24 07:00:00,731,1,-0.42290985504429074,0.42290985504429074,"{'max_depth': None, 'min_samples_leaf': 1, 'min_samples_split': 20}"
2020-11-24 07:00:00,ARX,7,0.8410975731271435,0.624445982077858,2018-11-24 07:00:00,2020-11-24 07:00:00,2020-11-24 07:00:00,731,1,-0.3032104293734177,0.3032104293734177,{'model__alpha': 0.01}
2020-11-24 07:00:00,Random Forest,7,0.8410975731271435,0.8141460787596637,2018-11-24 07:00:00,2020-11-24 07:00:00,2020-11-24 07:00:00,731,1,-0.28640559026943707,0.28640559026943707,"{'max_depth': 10, 'max_features': 0.5, 'min_samples_leaf': 2, 'n_estimators': 100}"
2020-11-24 07:00:00,Neural Network,7,0.8410975731271435,0.8602717542007287,2018-11-24 07:00:00,2020-11-24 07:00:00,2020-11-24 07:00:00,731,1,-0.35941423956503044,0.35941423956503044,"{'regressor__model__alpha': 0.0001, 'regressor__model__hidden_layer_sizes': (64, 32), 'regressor__model__learning_rate_init': 0.0001}"
2020-11-24 07:00:00,Naive,7,0.8410975731271435,1.1918737252469553,2018-11-24 07:00:00,2020-11-24 07:00:00,2020-11-24 07:00:00,731,1,,,not_applicable
2020-11-25 07:00:00,Decision Tree,7,1.103933889325971,0.9617715975559922,2018-11-25 07:00:00,2020-11-25 07:00:00,2020-11-25 07:00:00,731,1,-0.42290985504429074,0.42290985504429074,"{'max_depth': None, 'min_samples_leaf': 1, 'min_samples_split': 20}"
2020-11-25 07:00:00,ARX,7,1.103933889325971,0.8403174368010775,2018-11-25 07:00:00,2020-11-25 07:00:00,2020-11-25 07:00:00,731,1,-0.3032104293734177,0.3032104293734177,{'model__alpha': 0.01}
2020-11-25 07:00:00,Random Forest,7,1.103933889325971,0.8249650417049611,2018-11-25 07:00:00,2020-11-25 07:00:00,2020-11-25 07:00:00,731,1,-0.28640559026943707,0.28640559026943707,"{'max_depth': 10, 'max_features': 0.5, 'min_samples_leaf': 2, 'n_estimators': 100}"
2020-11-25 07:00:00,Neural Network,7,1.103933889325971,0.62871746425412,2018-11-25 07:00:00,2020-11-25 07:00:00,2020-11-25 07:00:00,731,1,-0.35941423956503044,0.35941423956503044,"{'regressor__model__alpha': 0.0001, 'regressor__model__hidden_layer_sizes': (64, 32), 'regressor__model__learning_rate_init': 0.0001}"
2020-11-25 07:00:00,Naive,7,1.103933889325971,0.8410975731271435,2018-11-25 07:00:00,2020-11-25 07:00:00,2020-11-25 07:00:00,731,1,,,not_applicable
2020-11-26 07:00:00,Decision Tree,7,1.3810507001644292,0.9032808281048545,2018-11-26 07:00:00,2020-11-26 07:00:00,2020-11-26 07:00:00,731,1,-0.42290985504429074,0.42290985504429074,"{'max_depth': None, 'min_samples_leaf': 1, 'min_samples_split': 20}"
2020-11-26 07:00:00,ARX,7,1.3810507001644292,1.043367735807234,2018-11-26 07:00:00,2020-11-26 07:00:00,2020-11-26 07:00:00,731,1,-0.3032104293734177,0.3032104293734177,{'model__alpha': 0.01}
2020-11-26 07:00:00,Random Forest,7,1.3810507001644292,0.8946589722660866,2018-11-26 07:00:00,2020-11-26 07:00:00,2020-11-26 07:00:00,731,1,-0.28640559026943707,0.28640559026943707,"{'max_depth': 10, 'max_features': 0.5, 'min_samples_leaf': 2, 'n_estimators': 100}"
2020-11-26 07:00:00,Neural Network,7,1.3810507001644292,1.1083453427102203,2018-11-26 07:00:00,2020-11-26 07:00:00,2020-11-26 07:00:00,731,1,-0.35941423956503044,0.35941423956503044,"{'regressor__model__alpha': 0.0001, 'regressor__model__hidden_layer_sizes': (64, 32), 'regressor__model__learning_rate_init': 0.0001}"
2020-11-26 07:00:00,Naive,7,1.3810507001644292,1.103933889325971,2018-11-26 07:00:00,2020-11-26 07:00:00,2020-11-26 07:00:00,731,1,,,not_applicable
2020-11-27 07:00:00,Decision Tree,7,1.8593969278510363,1.4373594770896276,2018-11-27 07:00:00,2020-11-27 07:00:00,2020-11-27 07:00:00,731,1,-0.42290985504429074,0.42290985504429074,"{'max_depth': None, 'min_samples_leaf': 1, 'min_samples_split': 20}"
2020-11-27 07:00:00,ARX,7,1.8593969278510363,1.4026164378597112,2018-11-27 07:00:00,2020-11-27 07:00:00,2020-11-27 07:00:00,731,1,-0.3032104293734177,0.3032104293734177,{'model__alpha': 0.01}
2020-11-27 07:00:00,Random Forest,7,1.8593969278510363,1.388264224010047,2018-11-27 07:00:00,2020-11-27 07:00:00,2020-11-27 07:00:00,731,1,-0.28640559026943707,0.28640559026943707,"{'max_depth': 10, 'max_features': 0.5, 'min_samples_leaf': 2, 'n_estimators': 100}"
2020-11-27 07:00:00,Neural Network,7,1.8593969278510363,1.66239778080435,2018-11-27 07:00:00,2020-11-27 07:00:00,2020-11-27 07:00:00,731,1,-0.35941423956503044,0.35941423956503044,"{'regressor__model__alpha': 0.0001, 'regressor__model__hidden_layer_sizes': (64, 32), 'regressor__model__learning_rate_init': 0.0001}"
2020-11-27 07:00:00,Naive,7,1.8593969278510363,1.3810507001644292,2018-11-27 07:00:00,2020-11-27 07:00:00,2020-11-27 07:00:00,731,1,,,not_applicable
2020-11-28 07:00:00,Decision Tree,7,0.6881989655481655,0.9440872375169892,2018-11-28 07:00:00,2020-11-28 07:00:00,2020-11-28 07:00:00,731,1,-0.42290985504429074,0.42290985504429074,"{'max_depth': None, 'min_samples_leaf': 1, 'min_samples_split': 20}"
2020-11-28 07:00:00,ARX,7,0.6881989655481655,0.3896881296990732,2018-11-28 07:00:00,2020-11-28 07:00:00,2020-11-28 07:00:00,731,1,-0.3032104293734177,0.3032104293734177,{'model__alpha': 0.01}
2020-11-28 07:00:00,Random Forest,7,0.6881989655481655,0.6890874534386768,2018-11-28 07:00:00,2020-11-28 07:00:00,2020-11-28 07:00:00,731,1,-0.28640559026943707,0.28640559026943707,"{'max_depth': 10, 'max_features': 0.5, 'min_samples_leaf': 2, 'n_estimators': 100}"
2020-11-28 07:00:00,Neural Network,7,0.6881989655481655,0.6806323486502253,2018-11-28 07:00:00,2020-11-28 07:00:00,2020-11-28 07:00:00,731,1,-0.35941423956503044,0.35941423956503044,"{'regressor__model__alpha': 0.0001, 'regressor__model__hidden_layer_sizes': (64, 32), 'regressor__model__learning_rate_init': 0.0001}"
2020-11-28 07:00:00,Naive,7,0.6881989655481655,1.8593969278510363,2018-11-28 07:00:00,2020-11-28 07:00:00,2020-11-28 07:00:00,731,1,,,not_applicable
2020-11-29 07:00:00,Decision Tree,7,0.3984414332202732,0.09519874415956965,2018-11-29 07:00:00,2020-11-29 07:00:00,2020-11-29 07:00:00,731,1,-0.42290985504429074,0.42290985504429074,"{'max_depth': None, 'min_samples_leaf': 1, 'min_samples_split': 20}"
2020-11-29 07:00:00,ARX,7,0.3984414332202732,-0.002429927532707127,2018-11-29 07:00:00,2020-11-29 07:00:00,2020-11-29 07:00:00,731,1,-0.3032104293734177,0.3032104293734177,{'model__alpha': 0.01}
2020-11-29 07:00:00,Random Forest,7,0.3984414332202732,0.0020698926534528693,2018-11-29 07:00:00,2020-11-29 07:00:00,2020-11-29 07:00:00,731,1,-0.28640559026943707,0.28640559026943707,"{'max_depth': 10, 'max_features': 0.5, 'min_samples_leaf': 2, 'n_estimators': 100}"
2020-11-29 07:00:00,Neural Network,7,0.3984414332202732,0.29145342195558793,2018-11-29 07:00:00,2020-11-29 07:00:00,2020-11-29 07:00:00,731,1,-0.35941423956503044,0.35941423956503044,"{'regressor__model__alpha': 0.0001, 'regressor__model__hidden_layer_sizes': (64, 32), 'regressor__model__learning_rate_init': 0.0001}"
2020-11-29 07:00:00,Naive,7,0.3984414332202732,0.6881989655481655,2018-11-29 07:00:00,2020-11-29 07:00:00,2020-11-29 07:00:00,731,1,,,not_applicable
2020-11-30 07:00:00,Decision Tree,7,1.7042308334338894,0.9365639608207921,2018-11-30 07:00:00,2020-11-30 07:00:00,2020-11-30 07:00:00,731,1,-0.42290985504429074,0.42290985504429074,"{'max_depth': None, 'min_samples_leaf': 1, 'min_samples_split': 20}"
2020-11-30 07:00:00,ARX,7,1.7042308334338894,1.6235007963413812,2018-11-30 07:00:00,2020-11-30 07:00:00,2020-11-30 07:00:00,731,1,-0.3032104293734177,0.3032104293734177,{'model__alpha': 0.01}
2020-11-30 07:00:00,Random Forest,7,1.7042308334338894,1.289891139433748,2018-11-30 07:00:00,2020-11-30 07:00:00,2020-11-30 07:00:00,731,1,-0.28640559026943707,0.28640559026943707,"{'max_depth': 10, 'max_features': 0.5, 'min_samples_leaf': 2, 'n_estimators': 100}"
2020-11-30 07:00:00,Neural Network,7,1.7042308334338894,1.3305883847970879,2018-11-30 07:00:00,2020-11-30 07:00:00,2020-11-30 07:00:00,731,1,-0.35941423956503044,0.35941423956503044,"{'regressor__model__alpha': 0.0001, 'regressor__model__hidden_layer_sizes': (64, 32), 'regressor__model__learning_rate_init': 0.0001}"
2020-11-30 07:00:00,Naive,7,1.7042308334338894,0.3984414332202732,2018-11-30 07:00:00,2020-11-30 07:00:00,2020-11-30 07:00:00,731,1,,,not_applicable
2020-12-01 07:00:00,Decision Tree,7,1.1883991689861104,0.9349247204405655,2018-12-01 07:00:00,2020-12-01 07:00:00,2020-12-01 07:00:00,731,1,-0.42290985504429074,0.42290985504429074,"{'max_depth': None, 'min_samples_leaf': 1, 'min_samples_split': 20}"
2020-12-01 07:00:00,ARX,7,1.1883991689861104,1.0457281905335305,2018-12-01 07:00:00,2020-12-01 07:00:00,2020-12-01 07:00:00,731,1,-0.3032104293734177,0.3032104293734177,{'model__alpha': 0.01}
2020-12-01 07:00:00,Random Forest,7,1.1883991689861104,1.0896478966641276,2018-12-01 07:00:00,2020-12-01 07:00:00,2020-12-01 07:00:00,731,1,-0.28640559026943707,0.28640559026943707,"{'max_depth': 10, 'max_features': 0.5, 'min_samples_leaf': 2, 'n_estimators': 100}"
2020-12-01 07:00:00,Neural Network,7,1.1883991689861104,1.1455442789163375,2018-12-01 07:00:00,2020-12-01 07:00:00,2020-12-01 07:00:00,731,1,-0.35941423956503044,0.35941423956503044,"{'regressor__model__alpha': 0.0001, 'regressor__model__hidden_layer_sizes': (64, 32), 'regressor__model__learning_rate_init': 0.0001}"
2020-12-01 07:00:00,Naive,7,1.1883991689861104,1.7042308334338894,2018-12-01 07:00:00,2020-12-01 07:00:00,2020-12-01 07:00:00,731,1,,,not_applicable
2020-12-02 07:00:00,Decision Tree,7,2.0070711663615826,1.7465382318963154,2018-12-02 07:00:00,2020-12-02 07:00:00,2020-12-02 07:00:00,731,1,-0.42290985504429074,0.42290985504429074,"{'max_depth': None, 'min_samples_leaf': 1, 'min_samples_split': 20}"
2020-12-02 07:00:00,ARX,7,2.0070711663615826,1.712215289339639,2018-12-02 07:00:00,2020-12-02 07:00:00,2020-12-02 07:00:00,731,1,-0.3032104293734177,0.3032104293734177,{'model__alpha': 0.01}
2020-12-02 07:00:00,Random Forest,7,2.0070711663615826,1.6095392836132152,2018-12-02 07:00:00,2020-12-02 07:00:00,2020-12-02 07:00:00,731,1,-0.28640559026943707,0.28640559026943707,"{'max_depth': 10, 'max_features': 0.5, 'min_samples_leaf': 2, 'n_estimators': 100}"
2020-12-02 07:00:00,Neural Network,7,2.0070711663615826,1.6082808501503663,2018-12-02 07:00:00,2020-12-02 07:00:00,2020-12-02 07:00:00,731,1,-0.35941423956503044,0.35941423956503044,"{'regressor__model__alpha': 0.0001, 'regressor__model__hidden_layer_sizes': (64, 32), 'regressor__model__learning_rate_init': 0.0001}"
2020-12-02 07:00:00,Naive,7,2.0070711663615826,1.1883991689861104,2018-12-02 07:00:00,2020-12-02 07:00:00,2020-12-02 07:00:00,731,1,,,not_applicable
2020-12-03 07:00:00,Decision Tree,7,1.3848791087225534,1.763907094194,2018-12-03 07:00:00,2020-12-03 07:00:00,2020-12-03 07:00:00,731,1,-0.42290985504429074,0.42290985504429074,"{'max_depth': None, 'min_samples_leaf': 1, 'min_samples_split': 20}"
2020-12-03 07:00:00,ARX,7,1.3848791087225534,1.373847461524236,2018-12-03 07:00:00,2020-12-03 07:00:00,2020-12-03 07:00:00,731,1,-0.3032104293734177,0.3032104293734177,{'model__alpha': 0.01}
2020-12-03 07:00:00,Random Forest,7,1.3848791087225534,1.4918591071314646,2018-12-03 07:00:00,2020-12-03 07:00:00,2020-12-03 07:00:00,731,1,-0.28640559026943707,0.28640559026943707,"{'max_depth': 10, 'max_features': 0.5, 'min_samples_leaf': 2, 'n_estimators': 100}"
2020-12-03 07:00:00,Neural Network,7,1.3848791087225534,1.398549095192241,2018-12-03 07:00:00,2020-12-03 07:00:00,2020-12-03 07:00:00,731,1,-0.35941423956503044,0.35941423956503044,"{'regressor__model__alpha': 0.0001, 'regressor__model__hidden_layer_sizes': (64, 32), 'regressor__model__learning_rate_init': 0.0001}"
2020-12-03 07:00:00,Naive,7,1.3848791087225534,2.0070711663615826,2018-12-03 07:00:00,2020-12-03 07:00:00,2020-12-03 07:00:00,731,1,,,not_applicable
2020-12-04 07:00:00,Decision Tree,7,-0.1352391500825572,0.29410560466043856,2018-12-04 07:00:00,2020-12-04 07:00:00,2020-12-04 07:00:00,731,1,-0.42290985504429074,0.42290985504429074,"{'max_depth': None, 'min_samples_leaf': 1, 'min_samples_split': 20}"
2020-12-04 07:00:00,ARX,7,-0.1352391500825572,0.43884146840688587,2018-12-04 07:00:00,2020-12-04 07:00:00,2020-12-04 07:00:00,731,1,-0.3032104293734177,0.3032104293734177,{'model__alpha': 0.01}
2020-12-04 07:00:00,Random Forest,7,-0.1352391500825572,0.41281210736586116,2018-12-04 07:00:00,2020-12-04 07:00:00,2020-12-04 07:00:00,731,1,-0.28640559026943707,0.28640559026943707,"{'max_depth': 10, 'max_features': 0.5, 'min_samples_leaf': 2, 'n_estimators': 100}"
2020-12-04 07:00:00,Neural Network,7,-0.1352391500825572,0.4919476394016846,2018-12-04 07:00:00,2020-12-04 07:00:00,2020-12-04 07:00:00,731,1,-0.35941423956503044,0.35941423956503044,"{'regressor__model__alpha': 0.0001, 'regressor__model__hidden_layer_sizes': (64, 32), 'regressor__model__learning_rate_init': 0.0001}"
2020-12-04 07:00:00,Naive,7,-0.1352391500825572,1.3848791087225534,2018-12-04 07:00:00,2020-12-04 07:00:00,2020-12-04 07:00:00,731,1,,,not_applicable
2020-12-05 07:00:00,Decision Tree,7,0.26793840493557614,0.9298197001005434,2018-12-05 07:00:00,2020-12-05 07:00:00,2020-12-05 07:00:00,731,1,-0.42290985504429074,0.42290985504429074,"{'max_depth': None, 'min_samples_leaf': 1, 'min_samples_split': 20}"
2020-12-05 07:00:00,ARX,7,0.26793840493557614,0.5409511557789888,2018-12-05 07:00:00,2020-12-05 07:00:00,2020-12-05 07:00:00,731,1,-0.3032104293734177,0.3032104293734177,{'model__alpha': 0.01}
2020-12-05 07:00:00,Random Forest,7,0.26793840493557614,0.7740871550705467,2018-12-05 07:00:00,2020-12-05 07:00:00,2020-12-05 07:00:00,731,1,-0.28640559026943707,0.28640559026943707,"{'max_depth': 10, 'max_features': 0.5, 'min_samples_leaf': 2, 'n_estimators': 100}"
2020-12-05 07:00:00,Neural Network,7,0.26793840493557614,0.09280618524623968,2018-12-05 07:00:00,2020-12-05 07:00:00,2020-12-05 07:00:00,731,1,-0.35941423956503044,0.35941423956503044,"{'regressor__model__alpha': 0.0001, 'regressor__model__hidden_layer_sizes': (64, 32), 'regressor__model__learning_rate_init': 0.0001}"
2020-12-05 07:00:00,Naive,7,0.26793840493557614,-0.1352391500825572,2018-12-05 07:00:00,2020-12-05 07:00:00,2020-12-05 07:00:00,731,1,,,not_applicable
2020-12-06 07:00:00,Decision Tree,7,0.19906391692526612,0.1295283443757442,2018-12-06 07:00:00,2020-12-06 07:00:00,2020-12-06 07:00:00,731,1,-0.42290985504429074,0.42290985504429074,"{'max_depth': None, 'min_samples_leaf': 1, 'min_samples_split': 20}"
2020-12-06 07:00:00,ARX,7,0.19906391692526612,0.15091661490462813,2018-12-06 07:00:00,2020-12-06 07:00:00,2020-12-06 07:00:00,731,1,-0.3032104293734177,0.3032104293734177,{'model__alpha': 0.01}
2020-12-06 07:00:00,Random Forest,7,0.19906391692526612,0.3566276750969981,2018-12-06 07:00:00,2020-12-06 07:00:00,2020-12-06 07:00:00,731,1,-0.28640559026943707,0.28640559026943707,"{'max_depth': 10, 'max_features': 0.5, 'min_samples_leaf': 2, 'n_estimators': 100}"
2020-12-06 07:00:00,Neural Network,7,0.19906391692526612,0.39306142407766265,2018-12-06 07:00:00,2020-12-06 07:00:00,2020-12-06 07:00:00,731,1,-0.35941423956503044,0.35941423956503044,"{'regressor__model__alpha': 0.0001, 'regressor__model__hidden_layer_sizes': (64, 32), 'regressor__model__learning_rate_init': 0.0001}"
2020-12-06 07:00:00,Naive,7,0.19906391692526612,0.26793840493557614,2018-12-06 07:00:00,2020-12-06 07:00:00,2020-12-06 07:00:00,731,1,,,not_applicable
2020-12-07 07:00:00,Decision Tree,7,1.3133221935595742,0.9558136940655613,2018-12-07 07:00:00,2020-12-07 07:00:00,2020-12-07 07:00:00,731,1,-0.42290985504429074,0.42290985504429074,"{'max_depth': None, 'min_samples_leaf': 1, 'min_samples_split': 20}"
2020-12-07 07:00:00,ARX,7,1.3133221935595742,1.1127850372322088,2018-12-07 07:00:00,2020-12-07 07:00:00,2020-12-07 07:00:00,731,1,-0.3032104293734177,0.3032104293734177,{'model__alpha': 0.01}
2020-12-07 07:00:00,Random Forest,7,1.3133221935595742,0.9412417576518721,2018-12-07 07:00:00,2020-12-07 07:00:00,2020-12-07 07:00:00,731,1,-0.28640559026943707,0.28640559026943707,"{'max_depth': 10, 'max_features': 0.5, 'min_samples_leaf': 2, 'n_estimators': 100}"
2020-12-07 07:00:00,Neural Network,7,1.3133221935595742,1.0084165852123963,2018-12-07 07:00:00,2020-12-07 07:00:00,2020-12-07 07:00:00,731,1,-0.35941423956503044,0.35941423956503044,"{'regressor__model__alpha': 0.0001, 'regressor__model__hidden_layer_sizes': (64, 32), 'regressor__model__learning_rate_init': 0.0001}"
2020-12-07 07:00:00,Naive,7,1.3133221935595742,0.19906391692526612,2018-12-07 07:00:00,2020-12-07 07:00:00,2020-12-07 07:00:00,731,1,,,not_applicable
2020-12-08 07:00:00,Decision Tree,7,1.6446699932743334,1.397045655609117,2018-12-08 07:00:00,2020-12-08 07:00:00,2020-12-08 07:00:00,731,1,-0.42290985504429074,0.42290985504429074,"{'max_depth': None, 'min_samples_leaf': 1, 'min_samples_split': 20}"
2020-12-08 07:00:00,ARX,7,1.6446699932743334,1.5455497428974685,2018-12-08 07:00:00,2020-12-08 07:00:00,2020-12-08 07:00:00,731,1,-0.3032104293734177,0.3032104293734177,{'model__alpha': 0.01}
2020-12-08 07:00:00,Random Forest,7,1.6446699932743334,1.3369744692818182,2018-12-08 07:00:00,2020-12-08 07:00:00,2020-12-08 07:00:00,731,1,-0.28640559026943707,0.28640559026943707,"{'max_depth': 10, 'max_features': 0.5, 'min_samples_leaf': 2, 'n_estimators': 100}"
2020-12-08 07:00:00,Neural Network,7,1.6446699932743334,1.6812190986121545,2018-12-08 07:00:00,2020-12-08 07:00:00,2020-12-08 07:00:00,731,1,-0.35941423956503044,0.35941423956503044,"{'regressor__model__alpha': 0.0001, 'regressor__model__hidden_layer_sizes': (64, 32), 'regressor__model__learning_rate_init': 0.0001}"
2020-12-08 07:00:00,Naive,7,1.6446699932743334,1.3133221935595742,2018-12-08 07:00:00,2020-12-08 07:00:00,2020-12-08 07:00:00,731,1,,,not_applicable
2020-12-09 07:00:00,Decision Tree,7,1.6713408578543523,1.7402178451020347,2018-12-09 07:00:00,2020-12-09 07:00:00,2020-12-09 07:00:00,731,1,-0.42290985504429074,0.42290985504429074,"{'max_depth': None, 'min_samples_leaf': 1, 'min_samples_split': 20}"
2020-12-09 07:00:00,ARX,7,1.6713408578543523,1.7336469516867907,2018-12-09 07:00:00,2020-12-09 07:00:00,2020-12-09 07:00:00,731,1,-0.3032104293734177,0.3032104293734177,{'model__alpha': 0.01}
2020-12-09 07:00:00,Random Forest,7,1.6713408578543523,1.573374793427957,2018-12-09 07:00:00,2020-12-09 07:00:00,2020-12-09 07:00:00,731,1,-0.28640559026943707,0.28640559026943707,"{'max_depth': 10, 'max_features': 0.5, 'min_samples_leaf': 2, 'n_estimators': 100}"
2020-12-09 07:00:00,Neural Network,7,1.6713408578543523,1.4681185697988777,2018-12-09 07:00:00,2020-12-09 07:00:00,2020-12-09 07:00:00,731,1,-0.35941423956503044,0.35941423956503044,"{'regressor__model__alpha': 0.0001, 'regressor__model__hidden_layer_sizes': (64, 32), 'regressor__model__learning_rate_init': 0.0001}"
2020-12-09 07:00:00,Naive,7,1.6713408578543523,1.6446699932743334,2018-12-09 07:00:00,2020-12-09 07:00:00,2020-12-09 07:00:00,731,1,,,not_applicable
2020-12-10 07:00:00,Decision Tree,7,1.7731369490957896,1.736166257616877,2018-12-10 07:00:00,2020-12-10 07:00:00,2020-12-10 07:00:00,731,1,-0.42290985504429074,0.42290985504429074,"{'max_depth': None, 'min_samples_leaf': 1, 'min_samples_split': 20}"
2020-12-10 07:00:00,ARX,7,1.7731369490957896,1.5422297526051278,2018-12-10 07:00:00,2020-12-10 07:00:00,2020-12-10 07:00:00,731,1,-0.3032104293734177,0.3032104293734177,{'model__alpha': 0.01}
2020-12-10 07:00:00,Random Forest,7,1.7731369490957896,1.5195960495329153,2018-12-10 07:00:00,2020-12-10 07:00:00,2020-12-10 07:00:00,731,1,-0.28640559026943707,0.28640559026943707,"{'max_depth': 10, 'max_features': 0.5, 'min_samples_leaf': 2, 'n_estimators': 100}"
2020-12-10 07:00:00,Neural Network,7,1.7731369490957896,1.4342572236446105,2018-12-10 07:00:00,2020-12-10 07:00:00,2020-12-10 07:00:00,731,1,-0.35941423956503044,0.35941423956503044,"{'regressor__model__alpha': 0.0001, 'regressor__model__hidden_layer_sizes': (64, 32), 'regressor__model__learning_rate_init': 0.0001}"
2020-12-10 07:00:00,Naive,7,1.7731369490957896,1.6713408578543523,2018-12-10 07:00:00,2020-12-10 07:00:00,2020-12-10 07:00:00,731,1,,,not_applicable
2020-12-11 07:00:00,Decision Tree,7,1.0922710796404511,1.738220184921261,2018-12-11 07:00:00,2020-12-11 07:00:00,2020-12-11 07:00:00,731,1,-0.42290985504429074,0.42290985504429074,"{'max_depth': None, 'min_samples_leaf': 1, 'min_samples_split': 20}"
2020-12-11 07:00:00,ARX,7,1.0922710796404511,0.9330221384608841,2018-12-11 07:00:00,2020-12-11 07:00:00,2020-12-11 07:00:00,731,1,-0.3032104293734177,0.3032104293734177,{'model__alpha': 0.01}
2020-12-11 07:00:00,Random Forest,7,1.0922710796404511,1.3523781187502733,2018-12-11 07:00:00,2020-12-11 07:00:00,2020-12-11 07:00:00,731,1,-0.28640559026943707,0.28640559026943707,"{'max_depth': 10, 'max_features': 0.5, 'min_samples_leaf': 2, 'n_estimators': 100}"
2020-12-11 07:00:00,Neural Network,7,1.0922710796404511,0.5184092455237337,2018-12-11 07:00:00,2020-12-11 07:00:00,2020-12-11 07:00:00,731,1,-0.35941423956503044,0.35941423956503044,"{'regressor__model__alpha': 0.0001, 'regressor__model__hidden_layer_sizes': (64, 32), 'regressor__model__learning_rate_init': 0.0001}"
2020-12-11 07:00:00,Naive,7,1.0922710796404511,1.7731369490957896,2018-12-11 07:00:00,2020-12-11 07:00:00,2020-12-11 07:00:00,731,1,,,not_applicable
2020-12-12 07:00:00,Decision Tree,7,0.21963629836116647,0.09628850349873525,2018-12-12 07:00:00,2020-12-12 07:00:00,2020-12-12 07:00:00,731,1,-0.42290985504429074,0.42290985504429074,"{'max_depth': None, 'min_samples_leaf': 1, 'min_samples_split': 20}"
2020-12-12 07:00:00,ARX,7,0.21963629836116647,0.09831469483390293,2018-12-12 07:00:00,2020-12-12 07:00:00,2020-12-12 07:00:00,731,1,-0.3032104293734177,0.3032104293734177,{'model__alpha': 0.01}
2020-12-12 07:00:00,Random Forest,7,0.21963629836116647,0.08889070915210136,2018-12-12 07:00:00,2020-12-12 07:00:00,2020-12-12 07:00:00,731,1,-0.28640559026943707,0.28640559026943707,"{'max_depth': 10, 'max_features': 0.5, 'min_samples_leaf': 2, 'n_estimators': 100}"
2020-12-12 07:00:00,Neural Network,7,0.21963629836116647,-0.04561708800295333,2018-12-12 07:00:00,2020-12-12 07:00:00,2020-12-12 07:00:00,731,1,-0.35941423956503044,0.35941423956503044,"{'regressor__model__alpha': 0.0001, 'regressor__model__hidden_layer_sizes': (64, 32), 'regressor__model__learning_rate_init': 0.0001}"
2020-12-12 07:00:00,Naive,7,0.21963629836116647,1.0922710796404511,2018-12-12 07:00:00,2020-12-12 07:00:00,2020-12-12 07:00:00,731,1,,,not_applicable
2020-12-13 07:00:00,Decision Tree,7,0.19089684017611713,0.3516906057171947,2018-12-13 07:00:00,2020-12-13 07:00:00,2020-12-13 07:00:00,731,1,-0.42290985504429074,0.42290985504429074,"{'max_depth': None, 'min_samples_leaf': 1, 'min_samples_split': 20}"
2020-12-13 07:00:00,ARX,7,0.19089684017611713,0.24870112226873986,2018-12-13 07:00:00,2020-12-13 07:00:00,2020-12-13 07:00:00,731,1,-0.3032104293734177,0.3032104293734177,{'model__alpha': 0.01}
2020-12-13 07:00:00,Random Forest,7,0.19089684017611713,0.11405543022206933,2018-12-13 07:00:00,2020-12-13 07:00:00,2020-12-13 07:00:00,731,1,-0.28640559026943707,0.28640559026943707,"{'max_depth': 10, 'max_features': 0.5, 'min_samples_leaf': 2, 'n_estimators': 100}"
2020-12-13 07:00:00,Neural Network,7,0.19089684017611713,-0.2943665979783146,2018-12-13 07:00:00,2020-12-13 07:00:00,2020-12-13 07:00:00,731,1,-0.35941423956503044,0.35941423956503044,"{'regressor__model__alpha': 0.0001, 'regressor__model__hidden_layer_sizes': (64, 32), 'regressor__model__learning_rate_init': 0.0001}"
2020-12-13 07:00:00,Naive,7,0.19089684017611713,0.21963629836116647,2018-12-13 07:00:00,2020-12-13 07:00:00,2020-12-13 07:00:00,731,1,,,not_applicable
2020-12-14 07:00:00,Decision Tree,7,0.6227555640697787,1.0937256353643723,2018-12-14 07:00:00,2020-12-14 07:00:00,2020-12-14 07:00:00,731,1,-0.42290985504429074,0.42290985504429074,"{'max_depth': None, 'min_samples_leaf': 1, 'min_samples_split': 20}"
2020-12-14 07:00:00,ARX,7,0.6227555640697787,0.8744771556542534,2018-12-14 07:00:00,2020-12-14 07:00:00,2020-12-14 07:00:00,731,1,-0.3032104293734177,0.3032104293734177,{'model__alpha': 0.01}
2020-12-14 07:00:00,Random Forest,7,0.6227555640697787,0.8157389077628403,2018-12-14 07:00:00,2020-12-14 07:00:00,2020-12-14 07:00:00,731,1,-0.28640559026943707,0.28640559026943707,"{'max_depth': 10, 'max_features': 0.5, 'min_samples_leaf': 2, 'n_estimators': 100}"
2020-12-14 07:00:00,Neural Network,7,0.6227555640697787,0.3942947792966581,2018-12-14 07:00:00,2020-12-14 07:00:00,2020-12-14 07:00:00,731,1,-0.35941423956503044,0.35941423956503044,"{'regressor__model__alpha': 0.0001, 'regressor__model__hidden_layer_sizes': (64, 32), 'regressor__model__learning_rate_init': 0.0001}"
2020-12-14 07:00:00,Naive,7,0.6227555640697787,0.19089684017611713,2018-12-14 07:00:00,2020-12-14 07:00:00,2020-12-14 07:00:00,731,1,,,not_applicable
2020-12-15 07:00:00,Decision Tree,7,1.0435689544133107,0.6583745999720263,2018-12-15 07:00:00,2020-12-15 07:00:00,2020-12-15 07:00:00,731,1,-0.42290985504429074,0.42290985504429074,"{'max_depth': None, 'min_samples_leaf': 1, 'min_samples_split': 20}"
2020-12-15 07:00:00,ARX,7,1.0435689544133107,1.2240046406176852,2018-12-15 07:00:00,2020-12-15 07:00:00,2020-12-15 07:00:00,731,1,-0.3032104293734177,0.3032104293734177,{'model__alpha': 0.01}
2020-12-15 07:00:00,Random Forest,7,1.0435689544133107,1.1937004589758073,2018-12-15 07:00:00,2020-12-15 07:00:00,2020-12-15 07:00:00,731,1,-0.28640559026943707,0.28640559026943707,"{'max_depth': 10, 'max_features': 0.5, 'min_samples_leaf': 2, 'n_estimators': 100}"
2020-12-15 07:00:00,Neural Network,7,1.0435689544133107,1.2484767621607875,2018-12-15 07:00:00,2020-12-15 07:00:00,2020-12-15 07:00:00,731,1,-0.35941423956503044,0.35941423956503044,"{'regressor__model__alpha': 0.0001, 'regressor__model__hidden_layer_sizes': (64, 32), 'regressor__model__learning_rate_init': 0.0001}"
2020-12-15 07:00:00,Naive,7,1.0435689544133107,0.6227555640697787,2018-12-15 07:00:00,2020-12-15 07:00:00,2020-12-15 07:00:00,731,1,,,not_applicable
2020-12-16 07:00:00,Decision Tree,7,1.4916833768958178,1.79844082849409,2018-12-16 07:00:00,2020-12-16 07:00:00,2020-12-16 07:00:00,731,1,-0.42290985504429074,0.42290985504429074,"{'max_depth': None, 'min_samples_leaf': 1, 'min_samples_split': 20}"
2020-12-16 07:00:00,ARX,7,1.4916833768958178,1.6078282513843352,2018-12-16 07:00:00,2020-12-16 07:00:00,2020-12-16 07:00:00,731,1,-0.3032104293734177,0.3032104293734177,{'model__alpha': 0.01}
2020-12-16 07:00:00,Random Forest,7,1.4916833768958178,1.3761416804199444,2018-12-16 07:00:00,2020-12-16 07:00:00,2020-12-16 07:00:00,731,1,-0.28640559026943707,0.28640559026943707,"{'max_depth': 10, 'max_features': 0.5, 'min_samples_leaf': 2, 'n_estimators': 100}"
2020-12-16 07:00:00,Neural Network,7,1.4916833768958178,1.7830840591711234,2018-12-16 07:00:00,2020-12-16 07:00:00,2020-12-16 07:00:00,731,1,-0.35941423956503044,0.35941423956503044,"{'regressor__model__alpha': 0.0001, 'regressor__model__hidden_layer_sizes': (64, 32), 'regressor__model__learning_rate_init': 0.0001}"
2020-12-16 07:00:00,Naive,7,1.4916833768958178,1.0435689544133107,2018-12-16 07:00:00,2020-12-16 07:00:00,2020-12-16 07:00:00,731,1,,,not_applicable
2020-12-17 07:00:00,Decision Tree,7,1.009806527212989,0.6976971223417963,2018-12-17 07:00:00,2020-12-17 07:00:00,2020-12-17 07:00:00,731,1,-0.42290985504429074,0.42290985504429074,"{'max_depth': None, 'min_samples_leaf': 1, 'min_samples_split': 20}"
2020-12-17 07:00:00,ARX,7,1.009806527212989,0.7987827953717388,2018-12-17 07:00:00,2020-12-17 07:00:00,2020-12-17 07:00:00,731,1,-0.3032104293734177,0.3032104293734177,{'model__alpha': 0.01}
2020-12-17 07:00:00,Random Forest,7,1.009806527212989,0.9082756354687165,2018-12-17 07:00:00,2020-12-17 07:00:00,2020-12-17 07:00:00,731,1,-0.28640559026943707,0.28640559026943707,"{'max_depth': 10, 'max_features': 0.5, 'min_samples_leaf': 2, 'n_estimators': 100}"
2020-12-17 07:00:00,Neural Network,7,1.009806527212989,0.7376215531360815,2018-12-17 07:00:00,2020-12-17 07:00:00,2020-12-17 07:00:00,731,1,-0.35941423956503044,0.35941423956503044,"{'regressor__model__alpha': 0.0001, 'regressor__model__hidden_layer_sizes': (64, 32), 'regressor__model__learning_rate_init': 0.0001}"
2020-12-17 07:00:00,Naive,7,1.009806527212989,1.4916833768958178,2018-12-17 07:00:00,2020-12-17 07:00:00,2020-12-17 07:00:00,731,1,,,not_applicable
2020-12-18 07:00:00,Decision Tree,7,1.0074146477376804,1.0222195773534977,2018-12-18 07:00:00,2020-12-18 07:00:00,2020-12-18 07:00:00,731,1,-0.42290985504429074,0.42290985504429074,"{'max_depth': None, 'min_samples_leaf': 1, 'min_samples_split': 20}"
2020-12-18 07:00:00,ARX,7,1.0074146477376804,0.6845179827571641,2018-12-18 07:00:00,2020-12-18 07:00:00,2020-12-18 07:00:00,731,1,-0.3032104293734177,0.3032104293734177,{'model__alpha': 0.01}
2020-12-18 07:00:00,Random Forest,7,1.0074146477376804,1.0320874875125088,2018-12-18 07:00:00,2020-12-18 07:00:00,2020-12-18 07:00:00,731,1,-0.28640559026943707,0.28640559026943707,"{'max_depth': 10, 'max_features': 0.5, 'min_samples_leaf': 2, 'n_estimators': 100}"
2020-12-18 07:00:00,Neural Network,7,1.0074146477376804,0.9917841580292841,2018-12-18 07:00:00,2020-12-18 07:00:00,2020-12-18 07:00:00,731,1,-0.35941423956503044,0.35941423956503044,"{'regressor__model__alpha': 0.0001, 'regressor__model__hidden_layer_sizes': (64, 32), 'regressor__model__learning_rate_init': 0.0001}"
2020-12-18 07:00:00,Naive,7,1.0074146477376804,1.009806527212989,2018-12-18 07:00:00,2020-12-18 07:00:00,2020-12-18 07:00:00,731,1,,,not_applicable
2020-12-19 07:00:00,Decision Tree,7,-0.6562535328876217,0.35972941391690744,2018-12-19 07:00:00,2020-12-19 07:00:00,2020-12-19 07:00:00,731,1,-0.42290985504429074,0.42290985504429074,"{'max_depth': None, 'min_samples_leaf': 1, 'min_samples_split': 20}"
2020-12-19 07:00:00,ARX,7,-0.6562535328876217,-0.35627259088491764,2018-12-19 07:00:00,2020-12-19 07:00:00,2020-12-19 07:00:00,731,1,-0.3032104293734177,0.3032104293734177,{'model__alpha': 0.01}
2020-12-19 07:00:00,Random Forest,7,-0.6562535328876217,-0.6311143628757298,2018-12-19 07:00:00,2020-12-19 07:00:00,2020-12-19 07:00:00,731,1,-0.28640559026943707,0.28640559026943707,"{'max_depth': 10, 'max_features': 0.5, 'min_samples_leaf': 2, 'n_estimators': 100}"
2020-12-19 07:00:00,Neural Network,7,-0.6562535328876217,-0.3133038326201226,2018-12-19 07:00:00,2020-12-19 07:00:00,2020-12-19 07:00:00,731,1,-0.35941423956503044,0.35941423956503044,"{'regressor__model__alpha': 0.0001, 'regressor__model__hidden_layer_sizes': (64, 32), 'regressor__model__learning_rate_init': 0.0001}"
2020-12-19 07:00:00,Naive,7,-0.6562535328876217,1.0074146477376804,2018-12-19 07:00:00,2020-12-19 07:00:00,2020-12-19 07:00:00,731,1,,,not_applicable
2020-12-20 07:00:00,Decision Tree,7,-0.24538053222553685,-0.4719036876063424,2018-12-20 07:00:00,2020-12-20 07:00:00,2020-12-20 07:00:00,731,1,-0.42290985504429074,0.42290985504429074,"{'max_depth': None, 'min_samples_leaf': 1, 'min_samples_split': 20}"
2020-12-20 07:00:00,ARX,7,-0.24538053222553685,-0.6348232373719662,2018-12-20 07:00:00,2020-12-20 07:00:00,2020-12-20 07:00:00,731,1,-0.3032104293734177,0.3032104293734177,{'model__alpha': 0.01}
2020-12-20 07:00:00,Random Forest,7,-0.24538053222553685,-0.7068197063330912,2018-12-20 07:00:00,2020-12-20 07:00:00,2020-12-20 07:00:00,731,1,-0.28640559026943707,0.28640559026943707,"{'max_depth': 10, 'max_features': 0.5, 'min_samples_leaf': 2, 'n_estimators': 100}"
2020-12-20 07:00:00,Neural Network,7,-0.24538053222553685,-0.6170147636536636,2018-12-20 07:00:00,2020-12-20 07:00:00,2020-12-20 07:00:00,731,1,-0.35941423956503044,0.35941423956503044,"{'regressor__model__alpha': 0.0001, 'regressor__model__hidden_layer_sizes': (64, 32), 'regressor__model__learning_rate_init': 0.0001}"
2020-12-20 07:00:00,Naive,7,-0.24538053222553685,-0.6562535328876217,2018-12-20 07:00:00,2020-12-20 07:00:00,2020-12-20 07:00:00,731,1,,,not_applicable
2020-12-21 07:00:00,Decision Tree,7,0.9967494876687624,0.9088529652389025,2018-12-21 07:00:00,2020-12-21 07:00:00,2020-12-21 07:00:00,731,1,-0.42290985504429074,0.42290985504429074,"{'max_depth': None, 'min_samples_leaf': 1, 'min_samples_split': 20}"
2020-12-21 07:00:00,ARX,7,0.9967494876687624,0.526149402812811,2018-12-21 07:00:00,2020-12-21 07:00:00,2020-12-21 07:00:00,731,1,-0.3032104293734177,0.3032104293734177,{'model__alpha': 0.01}
2020-12-21 07:00:00,Random Forest,7,0.9967494876687624,0.7420520167503752,2018-12-21 07:00:00,2020-12-21 07:00:00,2020-12-21 07:00:00,731,1,-0.28640559026943707,0.28640559026943707,"{'max_depth': 10, 'max_features': 0.5, 'min_samples_leaf': 2, 'n_estimators': 100}"
2020-12-21 07:00:00,Neural Network,7,0.9967494876687624,0.42588825942511255,2018-12-21 07:00:00,2020-12-21 07:00:00,2020-12-21 07:00:00,731,1,-0.35941423956503044,0.35941423956503044,"{'regressor__model__alpha': 0.0001, 'regressor__model__hidden_layer_sizes': (64, 32), 'regressor__model__learning_rate_init': 0.0001}"
2020-12-21 07:00:00,Naive,7,0.9967494876687624,-0.24538053222553685,2018-12-21 07:00:00,2020-12-21 07:00:00,2020-12-21 07:00:00,731,1,,,not_applicable
2020-12-22 07:00:00,Decision Tree,7,-0.5786587312736035,0.05890677961472933,2018-12-22 07:00:00,2020-12-22 07:00:00,2020-12-22 07:00:00,731,1,-0.42290985504429074,0.42290985504429074,"{'max_depth': None, 'min_samples_leaf': 1, 'min_samples_split': 20}"
2020-12-22 07:00:00,ARX,7,-0.5786587312736035,-0.44383530928423476,2018-12-22 07:00:00,2020-12-22 07:00:00,2020-12-22 07:00:00,731,1,-0.3032104293734177,0.3032104293734177,{'model__alpha': 0.01}
2020-12-22 07:00:00,Random Forest,7,-0.5786587312736035,-0.09108820834005012,2018-12-22 07:00:00,2020-12-22 07:00:00,2020-12-22 07:00:00,731,1,-0.28640559026943707,0.28640559026943707,"{'max_depth': 10, 'max_features': 0.5, 'min_samples_leaf': 2, 'n_estimators': 100}"
2020-12-22 07:00:00,Neural Network,7,-0.5786587312736035,-0.4186065224746458,2018-12-22 07:00:00,2020-12-22 07:00:00,2020-12-22 07:00:00,731,1,-0.35941423956503044,0.35941423956503044,"{'regressor__model__alpha': 0.0001, 'regressor__model__hidden_layer_sizes': (64, 32), 'regressor__model__learning_rate_init': 0.0001}"
2020-12-22 07:00:00,Naive,7,-0.5786587312736035,0.9967494876687624,2018-12-22 07:00:00,2020-12-22 07:00:00,2020-12-22 07:00:00,731,1,,,not_applicable
2020-12-23 07:00:00,Decision Tree,7,0.7969075246670623,1.3070914447422315,2018-12-23 07:00:00,2020-12-23 07:00:00,2020-12-23 07:00:00,731,1,-0.42290985504429074,0.42290985504429074,"{'max_depth': None, 'min_samples_leaf': 1, 'min_samples_split': 20}"
2020-12-23 07:00:00,ARX,7,0.7969075246670623,0.9143449398350818,2018-12-23 07:00:00,2020-12-23 07:00:00,2020-12-23 07:00:00,731,1,-0.3032104293734177,0.3032104293734177,{'model__alpha': 0.01}
2020-12-23 07:00:00,Random Forest,7,0.7969075246670623,0.9739325519330195,2018-12-23 07:00:00,2020-12-23 07:00:00,2020-12-23 07:00:00,731,1,-0.28640559026943707,0.28640559026943707,"{'max_depth': 10, 'max_features': 0.5, 'min_samples_leaf': 2, 'n_estimators': 100}"
2020-12-23 07:00:00,Neural Network,7,0.7969075246670623,1.0718059672284372,2018-12-23 07:00:00,2020-12-23 07:00:00,2020-12-23 07:00:00,731,1,-0.35941423956503044,0.35941423956503044,"{'regressor__model__alpha': 0.0001, 'regressor__model__hidden_layer_sizes': (64, 32), 'regressor__model__learning_rate_init': 0.0001}"
2020-12-23 07:00:00,Naive,7,0.7969075246670623,-0.5786587312736035,2018-12-23 07:00:00,2020-12-23 07:00:00,2020-12-23 07:00:00,731,1,,,not_applicable
2020-12-24 07:00:00,Decision Tree,7,-1.145567419603807,-2.245482101415261,2018-12-24 07:00:00,2020-12-24 07:00:00,2020-12-24 07:00:00,731,1,-0.42290985504429074,0.42290985504429074,"{'max_depth': None, 'min_samples_leaf': 1, 'min_samples_split': 20}"
2020-12-24 07:00:00,ARX,7,-1.145567419603807,-0.5882111251054524,2018-12-24 07:00:00,2020-12-24 07:00:00,2020-12-24 07:00:00,731,1,-0.3032104293734177,0.3032104293734177,{'model__alpha': 0.01}
2020-12-24 07:00:00,Random Forest,7,-1.145567419603807,-0.9990274494870459,2018-12-24 07:00:00,2020-12-24 07:00:00,2020-12-24 07:00:00,731,1,-0.28640559026943707,0.28640559026943707,"{'max_depth': 10, 'max_features': 0.5, 'min_samples_leaf': 2, 'n_estimators': 100}"
2020-12-24 07:00:00,Neural Network,7,-1.145567419603807,0.010010533115871939,2018-12-24 07:00:00,2020-12-24 07:00:00,2020-12-24 07:00:00,731,1,-0.35941423956503044,0.35941423956503044,"{'regressor__model__alpha': 0.0001, 'regressor__model__hidden_layer_sizes': (64, 32), 'regressor__model__learning_rate_init': 0.0001}"
2020-12-24 07:00:00,Naive,7,-1.145567419603807,0.7969075246670623,2018-12-24 07:00:00,2020-12-24 07:00:00,2020-12-24 07:00:00,731,1,,,not_applicable
2020-12-25 07:00:00,Decision Tree,7,-1.2351587165982059,-1.104593419343703,2018-12-25 07:00:00,2020-12-25 07:00:00,2020-12-25 07:00:00,731,1,-0.42290985504429074,0.42290985504429074,"{'max_depth': None, 'min_samples_leaf': 1, 'min_samples_split': 20}"
2020-12-25 07:00:00,ARX,7,-1.2351587165982059,-0.8210358192329232,2018-12-25 07:00:00,2020-12-25 07:00:00,2020-12-25 07:00:00,731,1,-0.3032104293734177,0.3032104293734177,{'model__alpha': 0.01}
2020-12-25 07:00:00,Random Forest,7,-1.2351587165982059,-0.9584754575873979,2018-12-25 07:00:00,2020-12-25 07:00:00,2020-12-25 07:00:00,731,1,-0.28640559026943707,0.28640559026943707,"{'max_depth': 10, 'max_features': 0.5, 'min_samples_leaf': 2, 'n_estimators': 100}"
2020-12-25 07:00:00,Neural Network,7,-1.2351587165982059,-0.3427883814246637,2018-12-25 07:00:00,2020-12-25 07:00:00,2020-12-25 07:00:00,731,1,-0.35941423956503044,0.35941423956503044,"{'regressor__model__alpha': 0.0001, 'regressor__model__hidden_layer_sizes': (64, 32), 'regressor__model__learning_rate_init': 0.0001}"
2020-12-25 07:00:00,Naive,7,-1.2351587165982059,-1.145567419603807,2018-12-25 07:00:00,2020-12-25 07:00:00,2020-12-25 07:00:00,731,1,,,not_applicable
2020-12-26 07:00:00,Decision Tree,7,-0.902013990266249,-0.4864367182621237,2018-12-26 07:00:00,2020-12-26 07:00:00,2020-12-26 07:00:00,731,1,-0.42290985504429074,0.42290985504429074,"{'max_depth': None, 'min_samples_leaf': 1, 'min_samples_split': 20}"
2020-12-26 07:00:00,ARX,7,-0.902013990266249,-1.1580334941159838,2018-12-26 07:00:00,2020-12-26 07:00:00,2020-12-26 07:00:00,731,1,-0.3032104293734177,0.3032104293734177,{'model__alpha': 0.01}
2020-12-26 07:00:00,Random Forest,7,-0.902013990266249,-0.5413060182107432,2018-12-26 07:00:00,2020-12-26 07:00:00,2020-12-26 07:00:00,731,1,-0.28640559026943707,0.28640559026943707,"{'max_depth': 10, 'max_features': 0.5, 'min_samples_leaf': 2, 'n_estimators': 100}"
2020-12-26 07:00:00,Neural Network,7,-0.902013990266249,-1.2937463875458592,2018-12-26 07:00:00,2020-12-26 07:00:00,2020-12-26 07:00:00,731,1,-0.35941423956503044,0.35941423956503044,"{'regressor__model__alpha': 0.0001, 'regressor__model__hidden_layer_sizes': (64, 32), 'regressor__model__learning_rate_init': 0.0001}"
2020-12-26 07:00:00,Naive,7,-0.902013990266249,-1.2351587165982059,2018-12-26 07:00:00,2020-12-26 07:00:00,2020-12-26 07:00:00,731,1,,,not_applicable
2020-12-27 07:00:00,Decision Tree,7,-2.3118937145782956,-1.5487187366108537,2018-12-27 07:00:00,2020-12-27 07:00:00,2020-12-27 07:00:00,731,1,-0.42290985504429074,0.42290985504429074,"{'max_depth': None, 'min_samples_leaf': 1, 'min_samples_split': 20}"
2020-12-27 07:00:00,ARX,7,-2.3118937145782956,-1.683175579813449,2018-12-27 07:00:00,2020-12-27 07:00:00,2020-12-27 07:00:00,731,1,-0.3032104293734177,0.3032104293734177,{'model__alpha': 0.01}
2020-12-27 07:00:00,Random Forest,7,-2.3118937145782956,-1.612715256224524,2018-12-27 07:00:00,2020-12-27 07:00:00,2020-12-27 07:00:00,731,1,-0.28640559026943707,0.28640559026943707,"{'max_depth': 10, 'max_features': 0.5, 'min_samples_leaf': 2, 'n_estimators': 100}"
2020-12-27 07:00:00,Neural Network,7,-2.3118937145782956,-0.9184595530645437,2018-12-27 07:00:00,2020-12-27 07:00:00,2020-12-27 07:00:00,731,1,-0.35941423956503044,0.35941423956503044,"{'regressor__model__alpha': 0.0001, 'regressor__model__hidden_layer_sizes': (64, 32), 'regressor__model__learning_rate_init': 0.0001}"
2020-12-27 07:00:00,Naive,7,-2.3118937145782956,-0.902013990266249,2018-12-27 07:00:00,2020-12-27 07:00:00,2020-12-27 07:00:00,731,1,,,not_applicable
2020-12-28 07:00:00,Decision Tree,7,0.7163223343642574,-0.3095873641052775,2018-12-28 07:00:00,2020-12-28 07:00:00,2020-12-28 07:00:00,731,1,-0.42290985504429074,0.42290985504429074,"{'max_depth': None, 'min_samples_leaf': 1, 'min_samples_split': 20}"
2020-12-28 07:00:00,ARX,7,0.7163223343642574,-0.14647271445088017,2018-12-28 07:00:00,2020-12-28 07:00:00,2020-12-28 07:00:00,731,1,-0.3032104293734177,0.3032104293734177,{'model__alpha': 0.01}
2020-12-28 07:00:00,Random Forest,7,0.7163223343642574,-0.43082165519465015,2018-12-28 07:00:00,2020-12-28 07:00:00,2020-12-28 07:00:00,731,1,-0.28640559026943707,0.28640559026943707,"{'max_depth': 10, 'max_features': 0.5, 'min_samples_leaf': 2, 'n_estimators': 100}"
2020-12-28 07:00:00,Neural Network,7,0.7163223343642574,-0.7247774854231693,2018-12-28 07:00:00,2020-12-28 07:00:00,2020-12-28 07:00:00,731,1,-0.35941423956503044,0.35941423956503044,"{'regressor__model__alpha': 0.0001, 'regressor__model__hidden_layer_sizes': (64, 32), 'regressor__model__learning_rate_init': 0.0001}"
2020-12-28 07:00:00,Naive,7,0.7163223343642574,-2.3118937145782956,2018-12-28 07:00:00,2020-12-28 07:00:00,2020-12-28 07:00:00,731,1,,,not_applicable
2020-12-29 07:00:00,Decision Tree,7,0.9367934230262975,-0.7651297071340869,2018-12-29 07:00:00,2020-12-29 07:00:00,2020-12-29 07:00:00,731,1,-0.42290985504429074,0.42290985504429074,"{'max_depth': None, 'min_samples_leaf': 1, 'min_samples_split': 20}"
2020-12-29 07:00:00,ARX,7,0.9367934230262975,0.211009509091021,2018-12-29 07:00:00,2020-12-29 07:00:00,2020-12-29 07:00:00,731,1,-0.3032104293734177,0.3032104293734177,{'model__alpha': 0.01}
2020-12-29 07:00:00,Random Forest,7,0.9367934230262975,0.005282431946370367,2018-12-29 07:00:00,2020-12-29 07:00:00,2020-12-29 07:00:00,731,1,-0.28640559026943707,0.28640559026943707,"{'max_depth': 10, 'max_features': 0.5, 'min_samples_leaf': 2, 'n_estimators': 100}"
2020-12-29 07:00:00,Neural Network,7,0.9367934230262975,0.9467862024707463,2018-12-29 07:00:00,2020-12-29 07:00:00,2020-12-29 07:00:00,731,1,-0.35941423956503044,0.35941423956503044,"{'regressor__model__alpha': 0.0001, 'regressor__model__hidden_layer_sizes': (64, 32), 'regressor__model__learning_rate_init': 0.0001}"
2020-12-29 07:00:00,Naive,7,0.9367934230262975,0.7163223343642574,2018-12-29 07:00:00,2020-12-29 07:00:00,2020-12-29 07:00:00,731,1,,,not_applicable
2020-12-30 07:00:00,Decision Tree,7,0.8285852762646826,-0.2436131425482956,2018-12-30 07:00:00,2020-12-30 07:00:00,2020-12-30 07:00:00,731,1,-0.42290985504429074,0.42290985504429074,"{'max_depth': None, 'min_samples_leaf': 1, 'min_samples_split': 20}"
2020-12-30 07:00:00,ARX,7,0.8285852762646826,-0.08833369266794167,2018-12-30 07:00:00,2020-12-30 07:00:00,2020-12-30 07:00:00,731,1,-0.3032104293734177,0.3032104293734177,{'model__alpha': 0.01}
2020-12-30 07:00:00,Random Forest,7,0.8285852762646826,-0.2998388835284794,2018-12-30 07:00:00,2020-12-30 07:00:00,2020-12-30 07:00:00,731,1,-0.28640559026943707,0.28640559026943707,"{'max_depth': 10, 'max_features': 0.5, 'min_samples_leaf': 2, 'n_estimators': 100}"
2020-12-30 07:00:00,Neural Network,7,0.8285852762646826,0.18182750765764796,2018-12-30 07:00:00,2020-12-30 07:00:00,2020-12-30 07:00:00,731,1,-0.35941423956503044,0.35941423956503044,"{'regressor__model__alpha': 0.0001, 'regressor__model__hidden_layer_sizes': (64, 32), 'regressor__model__learning_rate_init': 0.0001}"
2020-12-30 07:00:00,Naive,7,0.8285852762646826,0.9367934230262975,2018-12-30 07:00:00,2020-12-30 07:00:00,2020-12-30 07:00:00,731,1,,,not_applicable
2020-12-31 07:00:00,Decision Tree,7,0.21822321475828263,-0.37903810960014744,2018-12-31 07:00:00,2020-12-31 07:00:00,2020-12-31 07:00:00,731,1,-0.42290985504429074,0.42290985504429074,"{'max_depth': None, 'min_samples_leaf': 1, 'min_samples_split': 20}"
2020-12-31 07:00:00,ARX,7,0.21822321475828263,-0.2754234510167673,2018-12-31 07:00:00,2020-12-31 07:00:00,2020-12-31 07:00:00,731,1,-0.3032104293734177,0.3032104293734177,{'model__alpha': 0.01}
2020-12-31 07:00:00,Random Forest,7,0.21822321475828263,-0.04634745458669723,2018-12-31 07:00:00,2020-12-31 07:00:00,2020-12-31 07:00:00,731,1,-0.28640559026943707,0.28640559026943707,"{'max_depth': 10, 'max_features': 0.5, 'min_samples_leaf': 2, 'n_estimators': 100}"
2020-12-31 07:00:00,Neural Network,7,0.21822321475828263,0.03670993004844622,2018-12-31 07:00:00,2020-12-31 07:00:00,2020-12-31 07:00:00,731,1,-0.35941423956503044,0.35941423956503044,"{'regressor__model__alpha': 0.0001, 'regressor__model__hidden_layer_sizes': (64, 32), 'regressor__model__learning_rate_init': 0.0001}"
2020-12-31 07:00:00,Naive,7,0.21822321475828263,0.8285852762646826,2018-12-31 07:00:00,2020-12-31 07:00:00,2020-12-31 07:00:00,731,1,,,not_applicable
2021-01-01 07:00:00,Decision Tree,7,0.37302503126993214,0.5495782239545763,2019-01-01 07:00:00,2021-01-01 07:00:00,2021-01-01 07:00:00,731,1,-0.42290985504429074,0.42290985504429074,"{'max_depth': None, 'min_samples_leaf': 1, 'min_samples_split': 20}"
2021-01-01 07:00:00,ARX,7,0.37302503126993214,-0.3263217980753922,2019-01-01 07:00:00,2021-01-01 07:00:00,2021-01-01 07:00:00,731,1,-0.3032104293734177,0.3032104293734177,{'model__alpha': 0.01}
2021-01-01 07:00:00,Random Forest,7,0.37302503126993214,0.5465972330677576,2019-01-01 07:00:00,2021-01-01 07:00:00,2021-01-01 07:00:00,731,1,-0.28640559026943707,0.28640559026943707,"{'max_depth': 10, 'max_features': 0.5, 'min_samples_leaf': 2, 'n_estimators': 100}"
2021-01-01 07:00:00,Neural Network,7,0.37302503126993214,0.5438824742549424,2019-01-01 07:00:00,2021-01-01 07:00:00,2021-01-01 07:00:00,731,1,-0.35941423956503044,0.35941423956503044,"{'regressor__model__alpha': 0.0001, 'regressor__model__hidden_layer_sizes': (64, 32), 'regressor__model__learning_rate_init': 0.0001}"
2021-01-01 07:00:00,Naive,7,0.37302503126993214,0.21822321475828263,2019-01-01 07:00:00,2021-01-01 07:00:00,2021-01-01 07:00:00,731,1,,,not_applicable
2021-01-02 07:00:00,Decision Tree,7,0.6977927485720022,0.6963351511651078,2019-01-02 07:00:00,2021-01-02 07:00:00,2021-01-02 07:00:00,731,1,-0.42290985504429074,0.42290985504429074,"{'max_depth': None, 'min_samples_leaf': 1, 'min_samples_split': 20}"
2021-01-02 07:00:00,ARX,7,0.6977927485720022,0.24402236630519528,2019-01-02 07:00:00,2021-01-02 07:00:00,2021-01-02 07:00:00,731,1,-0.3032104293734177,0.3032104293734177,{'model__alpha': 0.01}
2021-01-02 07:00:00,Random Forest,7,0.6977927485720022,0.45819756298631265,2019-01-02 07:00:00,2021-01-02 07:00:00,2021-01-02 07:00:00,731,1,-0.28640559026943707,0.28640559026943707,"{'max_depth': 10, 'max_features': 0.5, 'min_samples_leaf': 2, 'n_estimators': 100}"
2021-01-02 07:00:00,Neural Network,7,0.6977927485720022,0.32774675675539133,2019-01-02 07:00:00,2021-01-02 07:00:00,2021-01-02 07:00:00,731,1,-0.35941423956503044,0.35941423956503044,"{'regressor__model__alpha': 0.0001, 'regressor__model__hidden_layer_sizes': (64, 32), 'regressor__model__learning_rate_init': 0.0001}"
2021-01-02 07:00:00,Naive,7,0.6977927485720022,0.37302503126993214,2019-01-02 07:00:00,2021-01-02 07:00:00,2021-01-02 07:00:00,731,1,,,not_applicable
2021-01-03 07:00:00,Decision Tree,7,-0.19353953007223854,-0.41322087062233187,2019-01-03 07:00:00,2021-01-03 07:00:00,2021-01-03 07:00:00,731,1,-0.42290985504429074,0.42290985504429074,"{'max_depth': None, 'min_samples_leaf': 1, 'min_samples_split': 20}"
2021-01-03 07:00:00,ARX,7,-0.19353953007223854,-0.5555188621483482,2019-01-03 07:00:00,2021-01-03 07:00:00,2021-01-03 07:00:00,731,1,-0.3032104293734177,0.3032104293734177,{'model__alpha': 0.01}
2021-01-03 07:00:00,Random Forest,7,-0.19353953007223854,0.038155166580599066,2019-01-03 07:00:00,2021-01-03 07:00:00,2021-01-03 07:00:00,731,1,-0.28640559026943707,0.28640559026943707,"{'max_depth': 10, 'max_features': 0.5, 'min_samples_leaf': 2, 'n_estimators': 100}"
2021-01-03 07:00:00,Neural Network,7,-0.19353953007223854,0.05813869119288578,2019-01-03 07:00:00,2021-01-03 07:00:00,2021-01-03 07:00:00,731,1,-0.35941423956503044,0.35941423956503044,"{'regressor__model__alpha': 0.0001, 'regressor__model__hidden_layer_sizes': (64, 32), 'regressor__model__learning_rate_init': 0.0001}"
2021-01-03 07:00:00,Naive,7,-0.19353953007223854,0.6977927485720022,2019-01-03 07:00:00,2021-01-03 07:00:00,2021-01-03 07:00:00,731,1,,,not_applicable
2021-01-04 07:00:00,Decision Tree,7,1.081461022339305,0.9756752773707843,2019-01-04 07:00:00,2021-01-04 07:00:00,2021-01-04 07:00:00,731,1,-0.42290985504429074,0.42290985504429074,"{'max_depth': None, 'min_samples_leaf': 1, 'min_samples_split': 20}"
2021-01-04 07:00:00,ARX,7,1.081461022339305,0.5910578654196992,2019-01-04 07:00:00,2021-01-04 07:00:00,2021-01-04 07:00:00,731,1,-0.3032104293734177,0.3032104293734177,{'model__alpha': 0.01}
2021-01-04 07:00:00,Random Forest,7,1.081461022339305,0.5421963698622715,2019-01-04 07:00:00,2021-01-04 07:00:00,2021-01-04 07:00:00,731,1,-0.28640559026943707,0.28640559026943707,"{'max_depth': 10, 'max_features': 0.5, 'min_samples_leaf': 2, 'n_estimators': 100}"
2021-01-04 07:00:00,Neural Network,7,1.081461022339305,1.161009287874679,2019-01-04 07:00:00,2021-01-04 07:00:00,2021-01-04 07:00:00,731,1,-0.35941423956503044,0.35941423956503044,"{'regressor__model__alpha': 0.0001, 'regressor__model__hidden_layer_sizes': (64, 32), 'regressor__model__learning_rate_init': 0.0001}"
2021-01-04 07:00:00,Naive,7,1.081461022339305,-0.19353953007223854,2019-01-04 07:00:00,2021-01-04 07:00:00,2021-01-04 07:00:00,731,1,,,not_applicable
2021-01-05 07:00:00,Decision Tree,7,1.2113201787537549,1.379527200540138,2019-01-05 07:00:00,2021-01-05 07:00:00,2021-01-05 07:00:00,731,1,-0.42290985504429074,0.42290985504429074,"{'max_depth': None, 'min_samples_leaf': 1, 'min_samples_split': 20}"
2021-01-05 07:00:00,ARX,7,1.2113201787537549,0.9730005102389699,2019-01-05 07:00:00,2021-01-05 07:00:00,2021-01-05 07:00:00,731,1,-0.3032104293734177,0.3032104293734177,{'model__alpha': 0.01}
2021-01-05 07:00:00,Random Forest,7,1.2113201787537549,1.1416169414110773,2019-01-05 07:00:00,2021-01-05 07:00:00,2021-01-05 07:00:00,731,1,-0.28640559026943707,0.28640559026943707,"{'max_depth': 10, 'max_features': 0.5, 'min_samples_leaf': 2, 'n_estimators': 100}"
2021-01-05 07:00:00,Neural Network,7,1.2113201787537549,1.2922216419080792,2019-01-05 07:00:00,2021-01-05 07:00:00,2021-01-05 07:00:00,731,1,-0.35941423956503044,0.35941423956503044,"{'regressor__model__alpha': 0.0001, 'regressor__model__hidden_layer_sizes': (64, 32), 'regressor__model__learning_rate_init': 0.0001}"
2021-01-05 07:00:00,Naive,7,1.2113201787537549,1.081461022339305,2019-01-05 07:00:00,2021-01-05 07:00:00,2021-01-05 07:00:00,731,1,,,not_applicable
2021-01-06 07:00:00,Decision Tree,7,0.6431423246307383,0.5478070572003753,2019-01-06 07:00:00,2021-01-06 07:00:00,2021-01-06 07:00:00,731,1,-0.42290985504429074,0.42290985504429074,"{'max_depth': None, 'min_samples_leaf': 1, 'min_samples_split': 20}"
2021-01-06 07:00:00,ARX,7,0.6431423246307383,0.993986006215754,2019-01-06 07:00:00,2021-01-06 07:00:00,2021-01-06 07:00:00,731,1,-0.3032104293734177,0.3032104293734177,{'model__alpha': 0.01}
2021-01-06 07:00:00,Random Forest,7,0.6431423246307383,1.0134620849019464,2019-01-06 07:00:00,2021-01-06 07:00:00,2021-01-06 07:00:00,731,1,-0.28640559026943707,0.28640559026943707,"{'max_depth': 10, 'max_features': 0.5, 'min_samples_leaf': 2, 'n_estimators': 100}"
2021-01-06 07:00:00,Neural Network,7,0.6431423246307383,1.1812727908740548,2019-01-06 07:00:00,2021-01-06 07:00:00,2021-01-06 07:00:00,731,1,-0.35941423956503044,0.35941423956503044,"{'regressor__model__alpha': 0.0001, 'regressor__model__hidden_layer_sizes': (64, 32), 'regressor__model__learning_rate_init': 0.0001}"
2021-01-06 07:00:00,Naive,7,0.6431423246307383,1.2113201787537549,2019-01-06 07:00:00,2021-01-06 07:00:00,2021-01-06 07:00:00,731,1,,,not_applicable
2021-01-07 07:00:00,Decision Tree,7,1.6566502011221644,1.6790182949396162,2019-01-07 07:00:00,2021-01-07 07:00:00,2021-01-07 07:00:00,731,1,-0.42290985504429074,0.42290985504429074,"{'max_depth': None, 'min_samples_leaf': 1, 'min_samples_split': 20}"
2021-01-07 07:00:00,ARX,7,1.6566502011221644,1.5204189166589472,2019-01-07 07:00:00,2021-01-07 07:00:00,2021-01-07 07:00:00,731,1,-0.3032104293734177,0.3032104293734177,{'model__alpha': 0.01}
2021-01-07 07:00:00,Random Forest,7,1.6566502011221644,1.3832880539219456,2019-01-07 07:00:00,2021-01-07 07:00:00,2021-01-07 07:00:00,731,1,-0.28640559026943707,0.28640559026943707,"{'max_depth': 10, 'max_features': 0.5, 'min_samples_leaf': 2, 'n_estimators': 100}"
2021-01-07 07:00:00,Neural Network,7,1.6566502011221644,1.2576259561046148,2019-01-07 07:00:00,2021-01-07 07:00:00,2021-01-07 07:00:00,731,1,-0.35941423956503044,0.35941423956503044,"{'regressor__model__alpha': 0.0001, 'regressor__model__hidden_layer_sizes': (64, 32), 'regressor__model__learning_rate_init': 0.0001}"
2021-01-07 07:00:00,Naive,7,1.6566502011221644,0.6431423246307383,2019-01-07 07:00:00,2021-01-07 07:00:00,2021-01-07 07:00:00,731,1,,,not_applicable
2021-01-08 07:00:00,Decision Tree,7,1.9462057025043142,1.684690620843938,2019-01-08 07:00:00,2021-01-08 07:00:00,2021-01-08 07:00:00,731,1,-0.42290985504429074,0.42290985504429074,"{'max_depth': None, 'min_samples_leaf': 1, 'min_samples_split': 20}"
2021-01-08 07:00:00,ARX,7,1.9462057025043142,1.4369650414535362,2019-01-08 07:00:00,2021-01-08 07:00:00,2021-01-08 07:00:00,731,1,-0.3032104293734177,0.3032104293734177,{'model__alpha': 0.01}
2021-01-08 07:00:00,Random Forest,7,1.9462057025043142,1.5347185925913385,2019-01-08 07:00:00,2021-01-08 07:00:00,2021-01-08 07:00:00,731,1,-0.28640559026943707,0.28640559026943707,"{'max_depth': 10, 'max_features': 0.5, 'min_samples_leaf': 2, 'n_estimators': 100}"
2021-01-08 07:00:00,Neural Network,7,1.9462057025043142,1.4129323123079771,2019-01-08 07:00:00,2021-01-08 07:00:00,2021-01-08 07:00:00,731,1,-0.35941423956503044,0.35941423956503044,"{'regressor__model__alpha': 0.0001, 'regressor__model__hidden_layer_sizes': (64, 32), 'regressor__model__learning_rate_init': 0.0001}"
2021-01-08 07:00:00,Naive,7,1.9462057025043142,1.6566502011221644,2019-01-08 07:00:00,2021-01-08 07:00:00,2021-01-08 07:00:00,731,1,,,not_applicable
2021-01-09 07:00:00,Decision Tree,7,1.161099145305494,0.5372869342083565,2019-01-09 07:00:00,2021-01-09 07:00:00,2021-01-09 07:00:00,731,1,-0.42290985504429074,0.42290985504429074,"{'max_depth': None, 'min_samples_leaf': 1, 'min_samples_split': 20}"
2021-01-09 07:00:00,ARX,7,1.161099145305494,0.8900403672743091,2019-01-09 07:00:00,2021-01-09 07:00:00,2021-01-09 07:00:00,731,1,-0.3032104293734177,0.3032104293734177,{'model__alpha': 0.01}
2021-01-09 07:00:00,Random Forest,7,1.161099145305494,0.975061593395016,2019-01-09 07:00:00,2021-01-09 07:00:00,2021-01-09 07:00:00,731,1,-0.28640559026943707,0.28640559026943707,"{'max_depth': 10, 'max_features': 0.5, 'min_samples_leaf': 2, 'n_estimators': 100}"
2021-01-09 07:00:00,Neural Network,7,1.161099145305494,1.0135509816473152,2019-01-09 07:00:00,2021-01-09 07:00:00,2021-01-09 07:00:00,731,1,-0.35941423956503044,0.35941423956503044,"{'regressor__model__alpha': 0.0001, 'regressor__model__hidden_layer_sizes': (64, 32), 'regressor__model__learning_rate_init': 0.0001}"
2021-01-09 07:00:00,Naive,7,1.161099145305494,1.9462057025043142,2019-01-09 07:00:00,2021-01-09 07:00:00,2021-01-09 07:00:00,731,1,,,not_applicable
2021-01-10 07:00:00,Decision Tree,7,0.672792751323191,0.573981770155247,2019-01-10 07:00:00,2021-01-10 07:00:00,2021-01-10 07:00:00,731,1,-0.42290985504429074,0.42290985504429074,"{'max_depth': None, 'min_samples_leaf': 1, 'min_samples_split': 20}"
2021-01-10 07:00:00,ARX,7,0.672792751323191,0.41888242377921214,2019-01-10 07:00:00,2021-01-10 07:00:00,2021-01-10 07:00:00,731,1,-0.3032104293734177,0.3032104293734177,{'model__alpha': 0.01}
2021-01-10 07:00:00,Random Forest,7,0.672792751323191,0.7593529207793523,2019-01-10 07:00:00,2021-01-10 07:00:00,2021-01-10 07:00:00,731,1,-0.28640559026943707,0.28640559026943707,"{'max_depth': 10, 'max_features': 0.5, 'min_samples_leaf': 2, 'n_estimators': 100}"
2021-01-10 07:00:00,Neural Network,7,0.672792751323191,1.002474799787188,2019-01-10 07:00:00,2021-01-10 07:00:00,2021-01-10 07:00:00,731,1,-0.35941423956503044,0.35941423956503044,"{'regressor__model__alpha': 0.0001, 'regressor__model__hidden_layer_sizes': (64, 32), 'regressor__model__learning_rate_init': 0.0001}"
2021-01-10 07:00:00,Naive,7,0.672792751323191,1.161099145305494,2019-01-10 07:00:00,2021-01-10 07:00:00,2021-01-10 07:00:00,731,1,,,not_applicable
2021-01-11 07:00:00,Decision Tree,7,1.6348869567558724,1.3683133990877125,2019-01-11 07:00:00,2021-01-11 07:00:00,2021-01-11 07:00:00,731,1,-0.42290985504429074,0.42290985504429074,"{'max_depth': None, 'min_samples_leaf': 1, 'min_samples_split': 20}"
2021-01-11 07:00:00,ARX,7,1.6348869567558724,1.2881655214878298,2019-01-11 07:00:00,2021-01-11 07:00:00,2021-01-11 07:00:00,731,1,-0.3032104293734177,0.3032104293734177,{'model__alpha': 0.01}
2021-01-11 07:00:00,Random Forest,7,1.6348869567558724,1.3680358722753005,2019-01-11 07:00:00,2021-01-11 07:00:00,2021-01-11 07:00:00,731,1,-0.28640559026943707,0.28640559026943707,"{'max_depth': 10, 'max_features': 0.5, 'min_samples_leaf': 2, 'n_estimators': 100}"
2021-01-11 07:00:00,Neural Network,7,1.6348869567558724,1.346616123999983,2019-01-11 07:00:00,2021-01-11 07:00:00,2021-01-11 07:00:00,731,1,-0.35941423956503044,0.35941423956503044,"{'regressor__model__alpha': 0.0001, 'regressor__model__hidden_layer_sizes': (64, 32), 'regressor__model__learning_rate_init': 0.0001}"
2021-01-11 07:00:00,Naive,7,1.6348869567558724,0.672792751323191,2019-01-11 07:00:00,2021-01-11 07:00:00,2021-01-11 07:00:00,731,1,,,not_applicable
2021-01-12 07:00:00,Decision Tree,7,1.1892292651458045,0.22728613460985975,2019-01-12 07:00:00,2021-01-12 07:00:00,2021-01-12 07:00:00,731,1,-0.42290985504429074,0.42290985504429074,"{'max_depth': None, 'min_samples_leaf': 1, 'min_samples_split': 20}"
2021-01-12 07:00:00,ARX,7,1.1892292651458045,0.584309110950859,2019-01-12 07:00:00,2021-01-12 07:00:00,2021-01-12 07:00:00,731,1,-0.3032104293734177,0.3032104293734177,{'model__alpha': 0.01}
2021-01-12 07:00:00,Random Forest,7,1.1892292651458045,0.4878709957659073,2019-01-12 07:00:00,2021-01-12 07:00:00,2021-01-12 07:00:00,731,1,-0.28640559026943707,0.28640559026943707,"{'max_depth': 10, 'max_features': 0.5, 'min_samples_leaf': 2, 'n_estimators': 100}"
2021-01-12 07:00:00,Neural Network,7,1.1892292651458045,0.5417352881204783,2019-01-12 07:00:00,2021-01-12 07:00:00,2021-01-12 07:00:00,731,1,-0.35941423956503044,0.35941423956503044,"{'regressor__model__alpha': 0.0001, 'regressor__model__hidden_layer_sizes': (64, 32), 'regressor__model__learning_rate_init': 0.0001}"
2021-01-12 07:00:00,Naive,7,1.1892292651458045,1.6348869567558724,2019-01-12 07:00:00,2021-01-12 07:00:00,2021-01-12 07:00:00,731,1,,,not_applicable
2021-01-13 07:00:00,Decision Tree,7,0.7711412806276183,0.7302697763235882,2019-01-13 07:00:00,2021-01-13 07:00:00,2021-01-13 07:00:00,731,1,-0.42290985504429074,0.42290985504429074,"{'max_depth': None, 'min_samples_leaf': 1, 'min_samples_split': 20}"
2021-01-13 07:00:00,ARX,7,0.7711412806276183,0.634505491033202,2019-01-13 07:00:00,2021-01-13 07:00:00,2021-01-13 07:00:00,731,1,-0.3032104293734177,0.3032104293734177,{'model__alpha': 0.01}
2021-01-13 07:00:00,Random Forest,7,0.7711412806276183,1.07084397511668,2019-01-13 07:00:00,2021-01-13 07:00:00,2021-01-13 07:00:00,731,1,-0.28640559026943707,0.28640559026943707,"{'max_depth': 10, 'max_features': 0.5, 'min_samples_leaf': 2, 'n_estimators': 100}"
2021-01-13 07:00:00,Neural Network,7,0.7711412806276183,0.568989508948424,2019-01-13 07:00:00,2021-01-13 07:00:00,2021-01-13 07:00:00,731,1,-0.35941423956503044,0.35941423956503044,"{'regressor__model__alpha': 0.0001, 'regressor__model__hidden_layer_sizes': (64, 32), 'regressor__model__learning_rate_init': 0.0001}"
2021-01-13 07:00:00,Naive,7,0.7711412806276183,1.1892292651458045,2019-01-13 07:00:00,2021-01-13 07:00:00,2021-01-13 07:00:00,731,1,,,not_applicable
2021-01-14 07:00:00,Decision Tree,7,1.9537746197299908,1.473536685365683,2019-01-14 07:00:00,2021-01-14 07:00:00,2021-01-14 07:00:00,731,1,-0.42290985504429074,0.42290985504429074,"{'max_depth': None, 'min_samples_leaf': 1, 'min_samples_split': 20}"
2021-01-14 07:00:00,ARX,7,1.9537746197299908,1.480620679380373,2019-01-14 07:00:00,2021-01-14 07:00:00,2021-01-14 07:00:00,731,1,-0.3032104293734177,0.3032104293734177,{'model__alpha': 0.01}
2021-01-14 07:00:00,Random Forest,7,1.9537746197299908,1.3491895577732251,2019-01-14 07:00:00,2021-01-14 07:00:00,2021-01-14 07:00:00,731,1,-0.28640559026943707,0.28640559026943707,"{'max_depth': 10, 'max_features': 0.5, 'min_samples_leaf': 2, 'n_estimators': 100}"
2021-01-14 07:00:00,Neural Network,7,1.9537746197299908,1.0345431703957237,2019-01-14 07:00:00,2021-01-14 07:00:00,2021-01-14 07:00:00,731,1,-0.35941423956503044,0.35941423956503044,"{'regressor__model__alpha': 0.0001, 'regressor__model__hidden_layer_sizes': (64, 32), 'regressor__model__learning_rate_init': 0.0001}"
2021-01-14 07:00:00,Naive,7,1.9537746197299908,0.7711412806276183,2019-01-14 07:00:00,2021-01-14 07:00:00,2021-01-14 07:00:00,731,1,,,not_applicable
2021-01-15 07:00:00,Decision Tree,7,1.9105451904324793,1.7170369934873566,2019-01-15 07:00:00,2021-01-15 07:00:00,2021-01-15 07:00:00,731,1,-0.42290985504429074,0.42290985504429074,"{'max_depth': None, 'min_samples_leaf': 1, 'min_samples_split': 20}"
2021-01-15 07:00:00,ARX,7,1.9105451904324793,2.0183288111168927,2019-01-15 07:00:00,2021-01-15 07:00:00,2021-01-15 07:00:00,731,1,-0.3032104293734177,0.3032104293734177,{'model__alpha': 0.01}
2021-01-15 07:00:00,Random Forest,7,1.9105451904324793,1.5577740667132927,2019-01-15 07:00:00,2021-01-15 07:00:00,2021-01-15 07:00:00,731,1,-0.28640559026943707,0.28640559026943707,"{'max_depth': 10, 'max_features': 0.5, 'min_samples_leaf': 2, 'n_estimators': 100}"
2021-01-15 07:00:00,Neural Network,7,1.9105451904324793,2.1830495500525573,2019-01-15 07:00:00,2021-01-15 07:00:00,2021-01-15 07:00:00,731,1,-0.35941423956503044,0.35941423956503044,"{'regressor__model__alpha': 0.0001, 'regressor__model__hidden_layer_sizes': (64, 32), 'regressor__model__learning_rate_init': 0.0001}"
2021-01-15 07:00:00,Naive,7,1.9105451904324793,1.9537746197299908,2019-01-15 07:00:00,2021-01-15 07:00:00,2021-01-15 07:00:00,731,1,,,not_applicable
2021-01-16 07:00:00,Decision Tree,7,1.0486123197643984,1.7336140194994782,2019-01-16 07:00:00,2021-01-16 07:00:00,2021-01-16 07:00:00,731,1,-0.42290985504429074,0.42290985504429074,"{'max_depth': None, 'min_samples_leaf': 1, 'min_samples_split': 20}"
2021-01-16 07:00:00,ARX,7,1.0486123197643984,1.229866132234887,2019-01-16 07:00:00,2021-01-16 07:00:00,2021-01-16 07:00:00,731,1,-0.3032104293734177,0.3032104293734177,{'model__alpha': 0.01}
2021-01-16 07:00:00,Random Forest,7,1.0486123197643984,1.1478497371991832,2019-01-16 07:00:00,2021-01-16 07:00:00,2021-01-16 07:00:00,731,1,-0.28640559026943707,0.28640559026943707,"{'max_depth': 10, 'max_features': 0.5, 'min_samples_leaf': 2, 'n_estimators': 100}"
2021-01-16 07:00:00,Neural Network,7,1.0486123197643984,1.4484909741503869,2019-01-16 07:00:00,2021-01-16 07:00:00,2021-01-16 07:00:00,731,1,-0.35941423956503044,0.35941423956503044,"{'regressor__model__alpha': 0.0001, 'regressor__model__hidden_layer_sizes': (64, 32), 'regressor__model__learning_rate_init': 0.0001}"
2021-01-16 07:00:00,Naive,7,1.0486123197643984,1.9105451904324793,2019-01-16 07:00:00,2021-01-16 07:00:00,2021-01-16 07:00:00,731,1,,,not_applicable
2021-01-17 07:00:00,Decision Tree,7,0.8505979488098885,0.4379072933825517,2019-01-17 07:00:00,2021-01-17 07:00:00,2021-01-17 07:00:00,731,1,-0.42290985504429074,0.42290985504429074,"{'max_depth': None, 'min_samples_leaf': 1, 'min_samples_split': 20}"
2021-01-17 07:00:00,ARX,7,0.8505979488098885,0.50681727649524,2019-01-17 07:00:00,2021-01-17 07:00:00,2021-01-17 07:00:00,731,1,-0.3032104293734177,0.3032104293734177,{'model__alpha': 0.01}
2021-01-17 07:00:00,Random Forest,7,0.8505979488098885,0.7390688769496288,2019-01-17 07:00:00,2021-01-17 07:00:00,2021-01-17 07:00:00,731,1,-0.28640559026943707,0.28640559026943707,"{'max_depth': 10, 'max_features': 0.5, 'min_samples_leaf': 2, 'n_estimators': 100}"
2021-01-17 07:00:00,Neural Network,7,0.8505979488098885,0.5938894026388613,2019-01-17 07:00:00,2021-01-17 07:00:00,2021-01-17 07:00:00,731,1,-0.35941423956503044,0.35941423956503044,"{'regressor__model__alpha': 0.0001, 'regressor__model__hidden_layer_sizes': (64, 32), 'regressor__model__learning_rate_init': 0.0001}"
2021-01-17 07:00:00,Naive,7,0.8505979488098885,1.0486123197643984,2019-01-17 07:00:00,2021-01-17 07:00:00,2021-01-17 07:00:00,731,1,,,not_applicable
2021-01-18 07:00:00,Decision Tree,7,1.7924113996509063,1.1559753688880232,2019-01-18 07:00:00,2021-01-18 07:00:00,2021-01-18 07:00:00,731,1,-0.42290985504429074,0.42290985504429074,"{'max_depth': None, 'min_samples_leaf': 1, 'min_samples_split': 20}"
2021-01-18 07:00:00,ARX,7,1.7924113996509063,1.6663937472671966,2019-01-18 07:00:00,2021-01-18 07:00:00,2021-01-18 07:00:00,731,1,-0.3032104293734177,0.3032104293734177,{'model__alpha': 0.01}
2021-01-18 07:00:00,Random Forest,7,1.7924113996509063,1.458336676041338,2019-01-18 07:00:00,2021-01-18 07:00:00,2021-01-18 07:00:00,731,1,-0.28640559026943707,0.28640559026943707,"{'max_depth': 10, 'max_features': 0.5, 'min_samples_leaf': 2, 'n_estimators': 100}"
2021-01-18 07:00:00,Neural Network,7,1.7924113996509063,1.5100515241442414,2019-01-18 07:00:00,2021-01-18 07:00:00,2021-01-18 07:00:00,731,1,-0.35941423956503044,0.35941423956503044,"{'regressor__model__alpha': 0.0001, 'regressor__model__hidden_layer_sizes': (64, 32), 'regressor__model__learning_rate_init': 0.0001}"
2021-01-18 07:00:00,Naive,7,1.7924113996509063,0.8505979488098885,2019-01-18 07:00:00,2021-01-18 07:00:00,2021-01-18 07:00:00,731,1,,,not_applicable
2021-01-19 07:00:00,Decision Tree,7,0.796070571524855,1.0133191113132014,2019-01-19 07:00:00,2021-01-19 07:00:00,2021-01-19 07:00:00,731,1,-0.42290985504429074,0.42290985504429074,"{'max_depth': None, 'min_samples_leaf': 1, 'min_samples_split': 20}"
2021-01-19 07:00:00,ARX,7,0.796070571524855,0.9796991362814651,2019-01-19 07:00:00,2021-01-19 07:00:00,2021-01-19 07:00:00,731,1,-0.3032104293734177,0.3032104293734177,{'model__alpha': 0.01}
2021-01-19 07:00:00,Random Forest,7,0.796070571524855,1.2473963252235534,2019-01-19 07:00:00,2021-01-19 07:00:00,2021-01-19 07:00:00,731,1,-0.28640559026943707,0.28640559026943707,"{'max_depth': 10, 'max_features': 0.5, 'min_samples_leaf': 2, 'n_estimators': 100}"
2021-01-19 07:00:00,Neural Network,7,0.796070571524855,1.0456978201888034,2019-01-19 07:00:00,2021-01-19 07:00:00,2021-01-19 07:00:00,731,1,-0.35941423956503044,0.35941423956503044,"{'regressor__model__alpha': 0.0001, 'regressor__model__hidden_layer_sizes': (64, 32), 'regressor__model__learning_rate_init': 0.0001}"
2021-01-19 07:00:00,Naive,7,0.796070571524855,1.7924113996509063,2019-01-19 07:00:00,2021-01-19 07:00:00,2021-01-19 07:00:00,731,1,,,not_applicable
2021-01-20 07:00:00,Decision Tree,7,0.376570403384712,0.34813288821787003,2019-01-20 07:00:00,2021-01-20 07:00:00,2021-01-20 07:00:00,731,1,-0.42290985504429074,0.42290985504429074,"{'max_depth': None, 'min_samples_leaf': 1, 'min_samples_split': 20}"
2021-01-20 07:00:00,ARX,7,0.376570403384712,0.5505689800609557,2019-01-20 07:00:00,2021-01-20 07:00:00,2021-01-20 07:00:00,731,1,-0.3032104293734177,0.3032104293734177,{'model__alpha': 0.01}
2021-01-20 07:00:00,Random Forest,7,0.376570403384712,0.6780248958251512,2019-01-20 07:00:00,2021-01-20 07:00:00,2021-01-20 07:00:00,731,1,-0.28640559026943707,0.28640559026943707,"{'max_depth': 10, 'max_features': 0.5, 'min_samples_leaf': 2, 'n_estimators': 100}"
2021-01-20 07:00:00,Neural Network,7,0.376570403384712,0.5967065363727257,2019-01-20 07:00:00,2021-01-20 07:00:00,2021-01-20 07:00:00,731,1,-0.35941423956503044,0.35941423956503044,"{'regressor__model__alpha': 0.0001, 'regressor__model__hidden_layer_sizes': (64, 32), 'regressor__model__learning_rate_init': 0.0001}"
2021-01-20 07:00:00,Naive,7,0.376570403384712,0.796070571524855,2019-01-20 07:00:00,2021-01-20 07:00:00,2021-01-20 07:00:00,731,1,,,not_applicable
2021-01-21 07:00:00,Decision Tree,7,0.007743788959910668,0.34971275017158354,2019-01-21 07:00:00,2021-01-21 07:00:00,2021-01-21 07:00:00,731,1,-0.42290985504429074,0.42290985504429074,"{'max_depth': None, 'min_samples_leaf': 1, 'min_samples_split': 20}"
2021-01-21 07:00:00,ARX,7,0.007743788959910668,0.3760772877155214,2019-01-21 07:00:00,2021-01-21 07:00:00,2021-01-21 07:00:00,731,1,-0.3032104293734177,0.3032104293734177,{'model__alpha': 0.01}
2021-01-21 07:00:00,Random Forest,7,0.007743788959910668,0.3477877476217317,2019-01-21 07:00:00,2021-01-21 07:00:00,2021-01-21 07:00:00,731,1,-0.28640559026943707,0.28640559026943707,"{'max_depth': 10, 'max_features': 0.5, 'min_samples_leaf': 2, 'n_estimators': 100}"
2021-01-21 07:00:00,Neural Network,7,0.007743788959910668,0.48862910944994375,2019-01-21 07:00:00,2021-01-21 07:00:00,2021-01-21 07:00:00,731,1,-0.35941423956503044,0.35941423956503044,"{'regressor__model__alpha': 0.0001, 'regressor__model__hidden_layer_sizes': (64, 32), 'regressor__model__learning_rate_init': 0.0001}"
2021-01-21 07:00:00,Naive,7,0.007743788959910668,0.376570403384712,2019-01-21 07:00:00,2021-01-21 07:00:00,2021-01-21 07:00:00,731,1,,,not_applicable
2021-01-22 07:00:00,Decision Tree,7,0.18958042430009672,0.3317143837920218,2019-01-22 07:00:00,2021-01-22 07:00:00,2021-01-22 07:00:00,731,1,-0.42290985504429074,0.42290985504429074,"{'max_depth': None, 'min_samples_leaf': 1, 'min_samples_split': 20}"
2021-01-22 07:00:00,ARX,7,0.18958042430009672,0.33227563514193226,2019-01-22 07:00:00,2021-01-22 07:00:00,2021-01-22 07:00:00,731,1,-0.3032104293734177,0.3032104293734177,{'model__alpha': 0.01}
2021-01-22 07:00:00,Random Forest,7,0.18958042430009672,0.4521379988821201,2019-01-22 07:00:00,2021-01-22 07:00:00,2021-01-22 07:00:00,731,1,-0.28640559026943707,0.28640559026943707,"{'max_depth': 10, 'max_features': 0.5, 'min_samples_leaf': 2, 'n_estimators': 100}"
2021-01-22 07:00:00,Neural Network,7,0.18958042430009672,0.5071671662523075,2019-01-22 07:00:00,2021-01-22 07:00:00,2021-01-22 07:00:00,731,1,-0.35941423956503044,0.35941423956503044,"{'regressor__model__alpha': 0.0001, 'regressor__model__hidden_layer_sizes': (64, 32), 'regressor__model__learning_rate_init': 0.0001}"
2021-01-22 07:00:00,Naive,7,0.18958042430009672,0.007743788959910668,2019-01-22 07:00:00,2021-01-22 07:00:00,2021-01-22 07:00:00,731,1,,,not_applicable
2021-01-23 07:00:00,Decision Tree,7,0.7549771908470759,0.4807213228710743,2019-01-23 07:00:00,2021-01-23 07:00:00,2021-01-23 07:00:00,731,1,-0.42290985504429074,0.42290985504429074,"{'max_depth': None, 'min_samples_leaf': 1, 'min_samples_split': 20}"
2021-01-23 07:00:00,ARX,7,0.7549771908470759,0.7568415605162716,2019-01-23 07:00:00,2021-01-23 07:00:00,2021-01-23 07:00:00,731,1,-0.3032104293734177,0.3032104293734177,{'model__alpha': 0.01}
2021-01-23 07:00:00,Random Forest,7,0.7549771908470759,0.7910292024052237,2019-01-23 07:00:00,2021-01-23 07:00:00,2021-01-23 07:00:00,731,1,-0.28640559026943707,0.28640559026943707,"{'max_depth': 10, 'max_features': 0.5, 'min_samples_leaf': 2, 'n_estimators': 100}"
2021-01-23 07:00:00,Neural Network,7,0.7549771908470759,0.4770715826909674,2019-01-23 07:00:00,2021-01-23 07:00:00,2021-01-23 07:00:00,731,1,-0.35941423956503044,0.35941423956503044,"{'regressor__model__alpha': 0.0001, 'regressor__model__hidden_layer_sizes': (64, 32), 'regressor__model__learning_rate_init': 0.0001}"
2021-01-23 07:00:00,Naive,7,0.7549771908470759,0.18958042430009672,2019-01-23 07:00:00,2021-01-23 07:00:00,2021-01-23 07:00:00,731,1,,,not_applicable
2021-01-24 07:00:00,Decision Tree,7,0.5042920000315915,0.49595775998085223,2019-01-24 07:00:00,2021-01-24 07:00:00,2021-01-24 07:00:00,731,1,-0.42290985504429074,0.42290985504429074,"{'max_depth': None, 'min_samples_leaf': 1, 'min_samples_split': 20}"
2021-01-24 07:00:00,ARX,7,0.5042920000315915,0.4554029329589353,2019-01-24 07:00:00,2021-01-24 07:00:00,2021-01-24 07:00:00,731,1,-0.3032104293734177,0.3032104293734177,{'model__alpha': 0.01}
2021-01-24 07:00:00,Random Forest,7,0.5042920000315915,0.8230918891291578,2019-01-24 07:00:00,2021-01-24 07:00:00,2021-01-24 07:00:00,731,1,-0.28640559026943707,0.28640559026943707,"{'max_depth': 10, 'max_features': 0.5, 'min_samples_leaf': 2, 'n_estimators': 100}"
2021-01-24 07:00:00,Neural Network,7,0.5042920000315915,0.30307955628855693,2019-01-24 07:00:00,2021-01-24 07:00:00,2021-01-24 07:00:00,731,1,-0.35941423956503044,0.35941423956503044,"{'regressor__model__alpha': 0.0001, 'regressor__model__hidden_layer_sizes': (64, 32), 'regressor__model__learning_rate_init': 0.0001}"
2021-01-24 07:00:00,Naive,7,0.5042920000315915,0.7549771908470759,2019-01-24 07:00:00,2021-01-24 07:00:00,2021-01-24 07:00:00,731,1,,,not_applicable
2021-01-25 07:00:00,Decision Tree,7,1.7196920657864017,1.6945605897117446,2019-01-25 07:00:00,2021-01-25 07:00:00,2021-01-25 07:00:00,731,1,-0.42290985504429074,0.42290985504429074,"{'max_depth': None, 'min_samples_leaf': 1, 'min_samples_split': 20}"
2021-01-25 07:00:00,ARX,7,1.7196920657864017,2.013386895132406,2019-01-25 07:00:00,2021-01-25 07:00:00,2021-01-25 07:00:00,731,1,-0.3032104293734177,0.3032104293734177,{'model__alpha': 0.01}
2021-01-25 07:00:00,Random Forest,7,1.7196920657864017,1.3657507233294937,2019-01-25 07:00:00,2021-01-25 07:00:00,2021-01-25 07:00:00,731,1,-0.28640559026943707,0.28640559026943707,"{'max_depth': 10, 'max_features': 0.5, 'min_samples_leaf': 2, 'n_estimators': 100}"
2021-01-25 07:00:00,Neural Network,7,1.7196920657864017,1.7361857221802672,2019-01-25 07:00:00,2021-01-25 07:00:00,2021-01-25 07:00:00,731,1,-0.35941423956503044,0.35941423956503044,"{'regressor__model__alpha': 0.0001, 'regressor__model__hidden_layer_sizes': (64, 32), 'regressor__model__learning_rate_init': 0.0001}"
2021-01-25 07:00:00,Naive,7,1.7196920657864017,0.5042920000315915,2019-01-25 07:00:00,2021-01-25 07:00:00,2021-01-25 07:00:00,731,1,,,not_applicable
2021-01-26 07:00:00,Decision Tree,7,1.693786032303851,1.6471619313992814,2019-01-26 07:00:00,2021-01-26 07:00:00,2021-01-26 07:00:00,731,1,-0.42290985504429074,0.42290985504429074,"{'max_depth': None, 'min_samples_leaf': 1, 'min_samples_split': 20}"
2021-01-26 07:00:00,ARX,7,1.693786032303851,1.647560246627846,2019-01-26 07:00:00,2021-01-26 07:00:00,2021-01-26 07:00:00,731,1,-0.3032104293734177,0.3032104293734177,{'model__alpha': 0.01}
2021-01-26 07:00:00,Random Forest,7,1.693786032303851,1.4123106159943948,2019-01-26 07:00:00,2021-01-26 07:00:00,2021-01-26 07:00:00,731,1,-0.28640559026943707,0.28640559026943707,"{'max_depth': 10, 'max_features': 0.5, 'min_samples_leaf': 2, 'n_estimators': 100}"
2021-01-26 07:00:00,Neural Network,7,1.693786032303851,1.5228711483160013,2019-01-26 07:00:00,2021-01-26 07:00:00,2021-01-26 07:00:00,731,1,-0.35941423956503044,0.35941423956503044,"{'regressor__model__alpha': 0.0001, 'regressor__model__hidden_layer_sizes': (64, 32), 'regressor__model__learning_rate_init': 0.0001}"
2021-01-26 07:00:00,Naive,7,1.693786032303851,1.7196920657864017,2019-01-26 07:00:00,2021-01-26 07:00:00,2021-01-26 07:00:00,731,1,,,not_applicable
2021-01-27 07:00:00,Decision Tree,7,1.4619468887644025,1.7703095597251521,2019-01-27 07:00:00,2021-01-27 07:00:00,2021-01-27 07:00:00,731,1,-0.42290985504429074,0.42290985504429074,"{'max_depth': None, 'min_samples_leaf': 1, 'min_samples_split': 20}"
2021-01-27 07:00:00,ARX,7,1.4619468887644025,1.5180865358648898,2019-01-27 07:00:00,2021-01-27 07:00:00,2021-01-27 07:00:00,731,1,-0.3032104293734177,0.3032104293734177,{'model__alpha': 0.01}
2021-01-27 07:00:00,Random Forest,7,1.4619468887644025,1.496747065616392,2019-01-27 07:00:00,2021-01-27 07:00:00,2021-01-27 07:00:00,731,1,-0.28640559026943707,0.28640559026943707,"{'max_depth': 10, 'max_features': 0.5, 'min_samples_leaf': 2, 'n_estimators': 100}"
2021-01-27 07:00:00,Neural Network,7,1.4619468887644025,1.1069232483906746,2019-01-27 07:00:00,2021-01-27 07:00:00,2021-01-27 07:00:00,731,1,-0.35941423956503044,0.35941423956503044,"{'regressor__model__alpha': 0.0001, 'regressor__model__hidden_layer_sizes': (64, 32), 'regressor__model__learning_rate_init': 0.0001}"
2021-01-27 07:00:00,Naive,7,1.4619468887644025,1.693786032303851,2019-01-27 07:00:00,2021-01-27 07:00:00,2021-01-27 07:00:00,731,1,,,not_applicable
2021-01-28 07:00:00,Decision Tree,7,1.5245348836383614,1.748283654656527,2019-01-28 07:00:00,2021-01-28 07:00:00,2021-01-28 07:00:00,731,1,-0.42290985504429074,0.42290985504429074,"{'max_depth': None, 'min_samples_leaf': 1, 'min_samples_split': 20}"
2021-01-28 07:00:00,ARX,7,1.5245348836383614,1.7170434687324776,2019-01-28 07:00:00,2021-01-28 07:00:00,2021-01-28 07:00:00,731,1,-0.3032104293734177,0.3032104293734177,{'model__alpha': 0.01}
2021-01-28 07:00:00,Random Forest,7,1.5245348836383614,1.3848048435594367,2019-01-28 07:00:00,2021-01-28 07:00:00,2021-01-28 07:00:00,731,1,-0.28640559026943707,0.28640559026943707,"{'max_depth': 10, 'max_features': 0.5, 'min_samples_leaf': 2, 'n_estimators': 100}"
2021-01-28 07:00:00,Neural Network,7,1.5245348836383614,1.7342518977631645,2019-01-28 07:00:00,2021-01-28 07:00:00,2021-01-28 07:00:00,731,1,-0.35941423956503044,0.35941423956503044,"{'regressor__model__alpha': 0.0001, 'regressor__model__hidden_layer_sizes': (64, 32), 'regressor__model__learning_rate_init': 0.0001}"
2021-01-28 07:00:00,Naive,7,1.5245348836383614,1.4619468887644025,2019-01-28 07:00:00,2021-01-28 07:00:00,2021-01-28 07:00:00,731,1,,,not_applicable
2021-01-29 07:00:00,Decision Tree,7,1.2303052832381034,1.7333670699219825,2019-01-29 07:00:00,2021-01-29 07:00:00,2021-01-29 07:00:00,731,1,-0.42290985504429074,0.42290985504429074,"{'max_depth': None, 'min_samples_leaf': 1, 'min_samples_split': 20}"
2021-01-29 07:00:00,ARX,7,1.2303052832381034,1.196708589961688,2019-01-29 07:00:00,2021-01-29 07:00:00,2021-01-29 07:00:00,731,1,-0.3032104293734177,0.3032104293734177,{'model__alpha': 0.01}
2021-01-29 07:00:00,Random Forest,7,1.2303052832381034,1.403217322170381,2019-01-29 07:00:00,2021-01-29 07:00:00,2021-01-29 07:00:00,731,1,-0.28640559026943707,0.28640559026943707,"{'max_depth': 10, 'max_features': 0.5, 'min_samples_leaf': 2, 'n_estimators': 100}"
2021-01-29 07:00:00,Neural Network,7,1.2303052832381034,1.01198092307412,2019-01-29 07:00:00,2021-01-29 07:00:00,2021-01-29 07:00:00,731,1,-0.35941423956503044,0.35941423956503044,"{'regressor__model__alpha': 0.0001, 'regressor__model__hidden_layer_sizes': (64, 32), 'regressor__model__learning_rate_init': 0.0001}"
2021-01-29 07:00:00,Naive,7,1.2303052832381034,1.5245348836383614,2019-01-29 07:00:00,2021-01-29 07:00:00,2021-01-29 07:00:00,731,1,,,not_applicable
2021-01-30 07:00:00,Decision Tree,7,0.5952884610152307,0.5005798008978068,2019-01-30 07:00:00,2021-01-30 07:00:00,2021-01-30 07:00:00,731,1,-0.42290985504429074,0.42290985504429074,"{'max_depth': None, 'min_samples_leaf': 1, 'min_samples_split': 20}"
2021-01-30 07:00:00,ARX,7,0.5952884610152307,0.6271370871786297,2019-01-30 07:00:00,2021-01-30 07:00:00,2021-01-30 07:00:00,731,1,-0.3032104293734177,0.3032104293734177,{'model__alpha': 0.01}
2021-01-30 07:00:00,Random Forest,7,0.5952884610152307,0.6377197022636554,2019-01-30 07:00:00,2021-01-30 07:00:00,2021-01-30 07:00:00,731,1,-0.28640559026943707,0.28640559026943707,"{'max_depth': 10, 'max_features': 0.5, 'min_samples_leaf': 2, 'n_estimators': 100}"
2021-01-30 07:00:00,Neural Network,7,0.5952884610152307,0.9110709782108161,2019-01-30 07:00:00,2021-01-30 07:00:00,2021-01-30 07:00:00,731,1,-0.35941423956503044,0.35941423956503044,"{'regressor__model__alpha': 0.0001, 'regressor__model__hidden_layer_sizes': (64, 32), 'regressor__model__learning_rate_init': 0.0001}"
2021-01-30 07:00:00,Naive,7,0.5952884610152307,1.2303052832381034,2019-01-30 07:00:00,2021-01-30 07:00:00,2021-01-30 07:00:00,731,1,,,not_applicable
2021-01-31 07:00:00,Decision Tree,7,0.45605328242088244,0.5055644672197765,2019-01-31 07:00:00,2021-01-31 07:00:00,2021-01-31 07:00:00,731,1,-0.42290985504429074,0.42290985504429074,"{'max_depth': None, 'min_samples_leaf': 1, 'min_samples_split': 20}"
2021-01-31 07:00:00,ARX,7,0.45605328242088244,0.3207716970675125,2019-01-31 07:00:00,2021-01-31 07:00:00,2021-01-31 07:00:00,731,1,-0.3032104293734177,0.3032104293734177,{'model__alpha': 0.01}
2021-01-31 07:00:00,Random Forest,7,0.45605328242088244,0.4561348562177115,2019-01-31 07:00:00,2021-01-31 07:00:00,2021-01-31 07:00:00,731,1,-0.28640559026943707,0.28640559026943707,"{'max_depth': 10, 'max_features': 0.5, 'min_samples_leaf': 2, 'n_estimators': 100}"
2021-01-31 07:00:00,Neural Network,7,0.45605328242088244,0.456725033259879,2019-01-31 07:00:00,2021-01-31 07:00:00,2021-01-31 07:00:00,731,1,-0.35941423956503044,0.35941423956503044,"{'regressor__model__alpha': 0.0001, 'regressor__model__hidden_layer_sizes': (64, 32), 'regressor__model__learning_rate_init': 0.0001}"
2021-01-31 07:00:00,Naive,7,0.45605328242088244,0.5952884610152307,2019-01-31 07:00:00,2021-01-31 07:00:00,2021-01-31 07:00:00,731,1,,,not_applicable
2021-02-01 07:00:00,Decision Tree,7,1.524530623184668,1.6491022962437645,2019-02-01 07:00:00,2021-02-01 07:00:00,2021-02-01 07:00:00,731,1,-0.42290985504429074,0.42290985504429074,"{'max_depth': None, 'min_samples_leaf': 1, 'min_samples_split': 20}"
2021-02-01 07:00:00,ARX,7,1.524530623184668,1.6634949968456256,2019-02-01 07:00:00,2021-02-01 07:00:00,2021-02-01 07:00:00,731,1,-0.3032104293734177,0.3032104293734177,{'model__alpha': 0.01}
2021-02-01 07:00:00,Random Forest,7,1.524530623184668,1.4755350669773184,2019-02-01 07:00:00,2021-02-01 07:00:00,2021-02-01 07:00:00,731,1,-0.28640559026943707,0.28640559026943707,"{'max_depth': 10, 'max_features': 0.5, 'min_samples_leaf': 2, 'n_estimators': 100}"
2021-02-01 07:00:00,Neural Network,7,1.524530623184668,1.913464167038718,2019-02-01 07:00:00,2021-02-01 07:00:00,2021-02-01 07:00:00,731,1,-0.35941423956503044,0.35941423956503044,"{'regressor__model__alpha': 0.0001, 'regressor__model__hidden_layer_sizes': (64, 32), 'regressor__model__learning_rate_init': 0.0001}"
2021-02-01 07:00:00,Naive,7,1.524530623184668,0.45605328242088244,2019-02-01 07:00:00,2021-02-01 07:00:00,2021-02-01 07:00:00,731,1,,,not_applicable
2021-02-02 07:00:00,Decision Tree,7,1.5234393292505013,1.7300274614600952,2019-02-02 07:00:00,2021-02-02 07:00:00,2021-02-02 07:00:00,731,1,-0.42290985504429074,0.42290985504429074,"{'max_depth': None, 'min_samples_leaf': 1, 'min_samples_split': 20}"
2021-02-02 07:00:00,ARX,7,1.5234393292505013,1.9544679633395567,2019-02-02 07:00:00,2021-02-02 07:00:00,2021-02-02 07:00:00,731,1,-0.3032104293734177,0.3032104293734177,{'model__alpha': 0.01}
2021-02-02 07:00:00,Random Forest,7,1.5234393292505013,1.7111532568956098,2019-02-02 07:00:00,2021-02-02 07:00:00,2021-02-02 07:00:00,731,1,-0.28640559026943707,0.28640559026943707,"{'max_depth': 10, 'max_features': 0.5, 'min_samples_leaf': 2, 'n_estimators': 100}"
2021-02-02 07:00:00,Neural Network,7,1.5234393292505013,2.0478884215498967,2019-02-02 07:00:00,2021-02-02 07:00:00,2021-02-02 07:00:00,731,1,-0.35941423956503044,0.35941423956503044,"{'regressor__model__alpha': 0.0001, 'regressor__model__hidden_layer_sizes': (64, 32), 'regressor__model__learning_rate_init': 0.0001}"
2021-02-02 07:00:00,Naive,7,1.5234393292505013,1.524530623184668,2019-02-02 07:00:00,2021-02-02 07:00:00,2021-02-02 07:00:00,731,1,,,not_applicable
2021-02-03 07:00:00,Decision Tree,7,1.252229626324674,1.7992223065021622,2019-02-03 07:00:00,2021-02-03 07:00:00,2021-02-03 07:00:00,731,1,-0.42290985504429074,0.42290985504429074,"{'max_depth': None, 'min_samples_leaf': 1, 'min_samples_split': 20}"
2021-02-03 07:00:00,ARX,7,1.252229626324674,1.2691546447612208,2019-02-03 07:00:00,2021-02-03 07:00:00,2021-02-03 07:00:00,731,1,-0.3032104293734177,0.3032104293734177,{'model__alpha': 0.01}
2021-02-03 07:00:00,Random Forest,7,1.252229626324674,1.2443453584953985,2019-02-03 07:00:00,2021-02-03 07:00:00,2021-02-03 07:00:00,731,1,-0.28640559026943707,0.28640559026943707,"{'max_depth': 10, 'max_features': 0.5, 'min_samples_leaf': 2, 'n_estimators': 100}"
2021-02-03 07:00:00,Neural Network,7,1.252229626324674,1.4847833729505848,2019-02-03 07:00:00,2021-02-03 07:00:00,2021-02-03 07:00:00,731,1,-0.35941423956503044,0.35941423956503044,"{'regressor__model__alpha': 0.0001, 'regressor__model__hidden_layer_sizes': (64, 32), 'regressor__model__learning_rate_init': 0.0001}"
2021-02-03 07:00:00,Naive,7,1.252229626324674,1.5234393292505013,2019-02-03 07:00:00,2021-02-03 07:00:00,2021-02-03 07:00:00,731,1,,,not_applicable
2021-02-04 07:00:00,Decision Tree,7,1.3016984730648966,0.9560910815025789,2019-02-04 07:00:00,2021-02-04 07:00:00,2021-02-04 07:00:00,731,1,-0.42290985504429074,0.42290985504429074,"{'max_depth': None, 'min_samples_leaf': 1, 'min_samples_split': 20}"
2021-02-04 07:00:00,ARX,7,1.3016984730648966,1.155429119703374,2019-02-04 07:00:00,2021-02-04 07:00:00,2021-02-04 07:00:00,731,1,-0.3032104293734177,0.3032104293734177,{'model__alpha': 0.01}
2021-02-04 07:00:00,Random Forest,7,1.3016984730648966,1.1377864932089845,2019-02-04 07:00:00,2021-02-04 07:00:00,2021-02-04 07:00:00,731,1,-0.28640559026943707,0.28640559026943707,"{'max_depth': 10, 'max_features': 0.5, 'min_samples_leaf': 2, 'n_estimators': 100}"
2021-02-04 07:00:00,Neural Network,7,1.3016984730648966,1.0265381443370492,2019-02-04 07:00:00,2021-02-04 07:00:00,2021-02-04 07:00:00,731,1,-0.35941423956503044,0.35941423956503044,"{'regressor__model__alpha': 0.0001, 'regressor__model__hidden_layer_sizes': (64, 32), 'regressor__model__learning_rate_init': 0.0001}"
2021-02-04 07:00:00,Naive,7,1.3016984730648966,1.252229626324674,2019-02-04 07:00:00,2021-02-04 07:00:00,2021-02-04 07:00:00,731,1,,,not_applicable
2021-02-05 07:00:00,Decision Tree,7,1.3598511695959234,1.7232924245698822,2019-02-05 07:00:00,2021-02-05 07:00:00,2021-02-05 07:00:00,731,1,-0.42290985504429074,0.42290985504429074,"{'max_depth': None, 'min_samples_leaf': 1, 'min_samples_split': 20}"
2021-02-05 07:00:00,ARX,7,1.3598511695959234,1.3685293367286069,2019-02-05 07:00:00,2021-02-05 07:00:00,2021-02-05 07:00:00,731,1,-0.3032104293734177,0.3032104293734177,{'model__alpha': 0.01}
2021-02-05 07:00:00,Random Forest,7,1.3598511695959234,1.463842926399405,2019-02-05 07:00:00,2021-02-05 07:00:00,2021-02-05 07:00:00,731,1,-0.28640559026943707,0.28640559026943707,"{'max_depth': 10, 'max_features': 0.5, 'min_samples_leaf': 2, 'n_estimators': 100}"
2021-02-05 07:00:00,Neural Network,7,1.3598511695959234,1.0342885159943442,2019-02-05 07:00:00,2021-02-05 07:00:00,2021-02-05 07:00:00,731,1,-0.35941423956503044,0.35941423956503044,"{'regressor__model__alpha': 0.0001, 'regressor__model__hidden_layer_sizes': (64, 32), 'regressor__model__learning_rate_init': 0.0001}"
2021-02-05 07:00:00,Naive,7,1.3598511695959234,1.3016984730648966,2019-02-05 07:00:00,2021-02-05 07:00:00,2021-02-05 07:00:00,731,1,,,not_applicable
2021-02-06 07:00:00,Decision Tree,7,0.1341848212475136,0.07566866588166718,2019-02-06 07:00:00,2021-02-06 07:00:00,2021-02-06 07:00:00,731,1,-0.42290985504429074,0.42290985504429074,"{'max_depth': None, 'min_samples_leaf': 1, 'min_samples_split': 20}"
2021-02-06 07:00:00,ARX,7,0.1341848212475136,0.06339570723958807,2019-02-06 07:00:00,2021-02-06 07:00:00,2021-02-06 07:00:00,731,1,-0.3032104293734177,0.3032104293734177,{'model__alpha': 0.01}
2021-02-06 07:00:00,Random Forest,7,0.1341848212475136,0.25121650321220623,2019-02-06 07:00:00,2021-02-06 07:00:00,2021-02-06 07:00:00,731,1,-0.28640559026943707,0.28640559026943707,"{'max_depth': 10, 'max_features': 0.5, 'min_samples_leaf': 2, 'n_estimators': 100}"
2021-02-06 07:00:00,Neural Network,7,0.1341848212475136,-0.21934841785910478,2019-02-06 07:00:00,2021-02-06 07:00:00,2021-02-06 07:00:00,731,1,-0.35941423956503044,0.35941423956503044,"{'regressor__model__alpha': 0.0001, 'regressor__model__hidden_layer_sizes': (64, 32), 'regressor__model__learning_rate_init': 0.0001}"
2021-02-06 07:00:00,Naive,7,0.1341848212475136,1.3598511695959234,2019-02-06 07:00:00,2021-02-06 07:00:00,2021-02-06 07:00:00,731,1,,,not_applicable
2021-02-07 07:00:00,Decision Tree,7,-1.7326873289162903,-2.4556940288534403,2019-02-07 07:00:00,2021-02-07 07:00:00,2021-02-07 07:00:00,731,1,-0.42290985504429074,0.42290985504429074,"{'max_depth': None, 'min_samples_leaf': 1, 'min_samples_split': 20}"
2021-02-07 07:00:00,ARX,7,-1.7326873289162903,-0.7943406011691975,2019-02-07 07:00:00,2021-02-07 07:00:00,2021-02-07 07:00:00,731,1,-0.3032104293734177,0.3032104293734177,{'model__alpha': 0.01}
2021-02-07 07:00:00,Random Forest,7,-1.7326873289162903,-1.152975143014236,2019-02-07 07:00:00,2021-02-07 07:00:00,2021-02-07 07:00:00,731,1,-0.28640559026943707,0.28640559026943707,"{'max_depth': 10, 'max_features': 0.5, 'min_samples_leaf': 2, 'n_estimators': 100}"
2021-02-07 07:00:00,Neural Network,7,-1.7326873289162903,-1.0812011393194105,2019-02-07 07:00:00,2021-02-07 07:00:00,2021-02-07 07:00:00,731,1,-0.35941423956503044,0.35941423956503044,"{'regressor__model__alpha': 0.0001, 'regressor__model__hidden_layer_sizes': (64, 32), 'regressor__model__learning_rate_init': 0.0001}"
2021-02-07 07:00:00,Naive,7,-1.7326873289162903,0.1341848212475136,2019-02-07 07:00:00,2021-02-07 07:00:00,2021-02-07 07:00:00,731,1,,,not_applicable
2021-02-08 07:00:00,Decision Tree,7,1.2436027598125,0.961619865248331,2019-02-08 07:00:00,2021-02-08 07:00:00,2021-02-08 07:00:00,731,1,-0.42290985504429074,0.42290985504429074,"{'max_depth': None, 'min_samples_leaf': 1, 'min_samples_split': 20}"
2021-02-08 07:00:00,ARX,7,1.2436027598125,0.9633529740839097,2019-02-08 07:00:00,2021-02-08 07:00:00,2021-02-08 07:00:00,731,1,-0.3032104293734177,0.3032104293734177,{'model__alpha': 0.01}
2021-02-08 07:00:00,Random Forest,7,1.2436027598125,0.9423476185695466,2019-02-08 07:00:00,2021-02-08 07:00:00,2021-02-08 07:00:00,731,1,-0.28640559026943707,0.28640559026943707,"{'max_depth': 10, 'max_features': 0.5, 'min_samples_leaf': 2, 'n_estimators': 100}"
2021-02-08 07:00:00,Neural Network,7,1.2436027598125,0.9989959309989015,2019-02-08 07:00:00,2021-02-08 07:00:00,2021-02-08 07:00:00,731,1,-0.35941423956503044,0.35941423956503044,"{'regressor__model__alpha': 0.0001, 'regressor__model__hidden_layer_sizes': (64, 32), 'regressor__model__learning_rate_init': 0.0001}"
2021-02-08 07:00:00,Naive,7,1.2436027598125,-1.7326873289162903,2019-02-08 07:00:00,2021-02-08 07:00:00,2021-02-08 07:00:00,731,1,,,not_applicable
2021-02-09 07:00:00,Decision Tree,7,1.7968389330570878,1.4188520990889,2019-02-09 07:00:00,2021-02-09 07:00:00,2021-02-09 07:00:00,731,1,-0.42290985504429074,0.42290985504429074,"{'max_depth': None, 'min_samples_leaf': 1, 'min_samples_split': 20}"
2021-02-09 07:00:00,ARX,7,1.7968389330570878,1.676248736975993,2019-02-09 07:00:00,2021-02-09 07:00:00,2021-02-09 07:00:00,731,1,-0.3032104293734177,0.3032104293734177,{'model__alpha': 0.01}
2021-02-09 07:00:00,Random Forest,7,1.7968389330570878,1.3396058438372282,2019-02-09 07:00:00,2021-02-09 07:00:00,2021-02-09 07:00:00,731,1,-0.28640559026943707,0.28640559026943707,"{'max_depth': 10, 'max_features': 0.5, 'min_samples_leaf': 2, 'n_estimators': 100}"
2021-02-09 07:00:00,Neural Network,7,1.7968389330570878,1.5068536458467083,2019-02-09 07:00:00,2021-02-09 07:00:00,2021-02-09 07:00:00,731,1,-0.35941423956503044,0.35941423956503044,"{'regressor__model__alpha': 0.0001, 'regressor__model__hidden_layer_sizes': (64, 32), 'regressor__model__learning_rate_init': 0.0001}"
2021-02-09 07:00:00,Naive,7,1.7968389330570878,1.2436027598125,2019-02-09 07:00:00,2021-02-09 07:00:00,2021-02-09 07:00:00,731,1,,,not_applicable
2021-02-10 07:00:00,Decision Tree,7,1.8771873395909906,1.8693413336719338,2019-02-10 07:00:00,2021-02-10 07:00:00,2021-02-10 07:00:00,731,1,-0.42290985504429074,0.42290985504429074,"{'max_depth': None, 'min_samples_leaf': 1, 'min_samples_split': 20}"
2021-02-10 07:00:00,ARX,7,1.8771873395909906,1.7299285924104402,2019-02-10 07:00:00,2021-02-10 07:00:00,2021-02-10 07:00:00,731,1,-0.3032104293734177,0.3032104293734177,{'model__alpha': 0.01}
2021-02-10 07:00:00,Random Forest,7,1.8771873395909906,1.569232806155108,2019-02-10 07:00:00,2021-02-10 07:00:00,2021-02-10 07:00:00,731,1,-0.28640559026943707,0.28640559026943707,"{'max_depth': 10, 'max_features': 0.5, 'min_samples_leaf': 2, 'n_estimators': 100}"
2021-02-10 07:00:00,Neural Network,7,1.8771873395909906,1.6302007781412973,2019-02-10 07:00:00,2021-02-10 07:00:00,2021-02-10 07:00:00,731,1,-0.35941423956503044,0.35941423956503044,"{'regressor__model__alpha': 0.0001, 'regressor__model__hidden_layer_sizes': (64, 32), 'regressor__model__learning_rate_init': 0.0001}"
2021-02-10 07:00:00,Naive,7,1.8771873395909906,1.7968389330570878,2019-02-10 07:00:00,2021-02-10 07:00:00,2021-02-10 07:00:00,731,1,,,not_applicable
2021-02-11 07:00:00,Decision Tree,7,2.3741244541329936,1.8635548762415064,2019-02-11 07:00:00,2021-02-11 07:00:00,2021-02-11 07:00:00,731,1,-0.42290985504429074,0.42290985504429074,"{'max_depth': None, 'min_samples_leaf': 1, 'min_samples_split': 20}"
2021-02-11 07:00:00,ARX,7,2.3741244541329936,1.943544781806812,2019-02-11 07:00:00,2021-02-11 07:00:00,2021-02-11 07:00:00,731,1,-0.3032104293734177,0.3032104293734177,{'model__alpha': 0.01}
2021-02-11 07:00:00,Random Forest,7,2.3741244541329936,1.596552444700269,2019-02-11 07:00:00,2021-02-11 07:00:00,2021-02-11 07:00:00,731,1,-0.28640559026943707,0.28640559026943707,"{'max_depth': 10, 'max_features': 0.5, 'min_samples_leaf': 2, 'n_estimators': 100}"
2021-02-11 07:00:00,Neural Network,7,2.3741244541329936,1.6811120154727033,2019-02-11 07:00:00,2021-02-11 07:00:00,2021-02-11 07:00:00,731,1,-0.35941423956503044,0.35941423956503044,"{'regressor__model__alpha': 0.0001, 'regressor__model__hidden_layer_sizes': (64, 32), 'regressor__model__learning_rate_init': 0.0001}"
2021-02-11 07:00:00,Naive,7,2.3741244541329936,1.8771873395909906,2019-02-11 07:00:00,2021-02-11 07:00:00,2021-02-11 07:00:00,731,1,,,not_applicable
2021-02-12 07:00:00,Decision Tree,7,1.8478981221873287,1.9273760734779422,2019-02-12 07:00:00,2021-02-12 07:00:00,2021-02-12 07:00:00,731,1,-0.42290985504429074,0.42290985504429074,"{'max_depth': None, 'min_samples_leaf': 1, 'min_samples_split': 20}"
2021-02-12 07:00:00,ARX,7,1.8478981221873287,1.6426561928010641,2019-02-12 07:00:00,2021-02-12 07:00:00,2021-02-12 07:00:00,731,1,-0.3032104293734177,0.3032104293734177,{'model__alpha': 0.01}
2021-02-12 07:00:00,Random Forest,7,1.8478981221873287,1.6790071800051565,2019-02-12 07:00:00,2021-02-12 07:00:00,2021-02-12 07:00:00,731,1,-0.28640559026943707,0.28640559026943707,"{'max_depth': 10, 'max_features': 0.5, 'min_samples_leaf': 2, 'n_estimators': 100}"
2021-02-12 07:00:00,Neural Network,7,1.8478981221873287,2.0307071790178117,2019-02-12 07:00:00,2021-02-12 07:00:00,2021-02-12 07:00:00,731,1,-0.35941423956503044,0.35941423956503044,"{'regressor__model__alpha': 0.0001, 'regressor__model__hidden_layer_sizes': (64, 32), 'regressor__model__learning_rate_init': 0.0001}"
2021-02-12 07:00:00,Naive,7,1.8478981221873287,2.3741244541329936,2019-02-12 07:00:00,2021-02-12 07:00:00,2021-02-12 07:00:00,731,1,,,not_applicable
2021-02-13 07:00:00,Decision Tree,7,0.9192383135664248,1.3101288998488754,2019-02-13 07:00:00,2021-02-13 07:00:00,2021-02-13 07:00:00,731,1,-0.42290985504429074,0.42290985504429074,"{'max_depth': None, 'min_samples_leaf': 1, 'min_samples_split': 20}"
2021-02-13 07:00:00,ARX,7,0.9192383135664248,1.0335073936292154,2019-02-13 07:00:00,2021-02-13 07:00:00,2021-02-13 07:00:00,731,1,-0.3032104293734177,0.3032104293734177,{'model__alpha': 0.01}
2021-02-13 07:00:00,Random Forest,7,0.9192383135664248,1.1978014863008921,2019-02-13 07:00:00,2021-02-13 07:00:00,2021-02-13 07:00:00,731,1,-0.28640559026943707,0.28640559026943707,"{'max_depth': 10, 'max_features': 0.5, 'min_samples_leaf': 2, 'n_estimators': 100}"
2021-02-13 07:00:00,Neural Network,7,0.9192383135664248,1.691488006610053,2019-02-13 07:00:00,2021-02-13 07:00:00,2021-02-13 07:00:00,731,1,-0.35941423956503044,0.35941423956503044,"{'regressor__model__alpha': 0.0001, 'regressor__model__hidden_layer_sizes': (64, 32), 'regressor__model__learning_rate_init': 0.0001}"
2021-02-13 07:00:00,Naive,7,0.9192383135664248,1.8478981221873287,2019-02-13 07:00:00,2021-02-13 07:00:00,2021-02-13 07:00:00,731,1,,,not_applicable
2021-02-14 07:00:00,Decision Tree,7,0.6084358051717178,0.5419165044973738,2019-02-14 07:00:00,2021-02-14 07:00:00,2021-02-14 07:00:00,731,1,-0.42290985504429074,0.42290985504429074,"{'max_depth': None, 'min_samples_leaf': 1, 'min_samples_split': 20}"
2021-02-14 07:00:00,ARX,7,0.6084358051717178,0.26138879443822155,2019-02-14 07:00:00,2021-02-14 07:00:00,2021-02-14 07:00:00,731,1,-0.3032104293734177,0.3032104293734177,{'model__alpha': 0.01}
2021-02-14 07:00:00,Random Forest,7,0.6084358051717178,0.6187876856557668,2019-02-14 07:00:00,2021-02-14 07:00:00,2021-02-14 07:00:00,731,1,-0.28640559026943707,0.28640559026943707,"{'max_depth': 10, 'max_features': 0.5, 'min_samples_leaf': 2, 'n_estimators': 100}"
2021-02-14 07:00:00,Neural Network,7,0.6084358051717178,0.8393544348781019,2019-02-14 07:00:00,2021-02-14 07:00:00,2021-02-14 07:00:00,731,1,-0.35941423956503044,0.35941423956503044,"{'regressor__model__alpha': 0.0001, 'regressor__model__hidden_layer_sizes': (64, 32), 'regressor__model__learning_rate_init': 0.0001}"
2021-02-14 07:00:00,Naive,7,0.6084358051717178,0.9192383135664248,2019-02-14 07:00:00,2021-02-14 07:00:00,2021-02-14 07:00:00,731,1,,,not_applicable
2021-02-15 07:00:00,Decision Tree,7,1.418258450696625,1.7992223065021622,2019-02-15 07:00:00,2021-02-15 07:00:00,2021-02-15 07:00:00,731,1,-0.42290985504429074,0.42290985504429074,"{'max_depth': None, 'min_samples_leaf': 1, 'min_samples_split': 20}"
2021-02-15 07:00:00,ARX,7,1.418258450696625,1.2459982847725406,2019-02-15 07:00:00,2021-02-15 07:00:00,2021-02-15 07:00:00,731,1,-0.3032104293734177,0.3032104293734177,{'model__alpha': 0.01}
2021-02-15 07:00:00,Random Forest,7,1.418258450696625,1.2771485469737083,2019-02-15 07:00:00,2021-02-15 07:00:00,2021-02-15 07:00:00,731,1,-0.28640559026943707,0.28640559026943707,"{'max_depth': 10, 'max_features': 0.5, 'min_samples_leaf': 2, 'n_estimators': 100}"
2021-02-15 07:00:00,Neural Network,7,1.418258450696625,1.3449862850802603,2019-02-15 07:00:00,2021-02-15 07:00:00,2021-02-15 07:00:00,731,1,-0.35941423956503044,0.35941423956503044,"{'regressor__model__alpha': 0.0001, 'regressor__model__hidden_layer_sizes': (64, 32), 'regressor__model__learning_rate_init': 0.0001}"
2021-02-15 07:00:00,Naive,7,1.418258450696625,0.6084358051717178,2019-02-15 07:00:00,2021-02-15 07:00:00,2021-02-15 07:00:00,731,1,,,not_applicable
2021-02-16 07:00:00,Decision Tree,7,1.5194764497889623,1.672234354566983,2019-02-16 07:00:00,2021-02-16 07:00:00,2021-02-16 07:00:00,731,1,-0.42290985504429074,0.42290985504429074,"{'max_depth': None, 'min_samples_leaf': 1, 'min_samples_split': 20}"
2021-02-16 07:00:00,ARX,7,1.5194764497889623,1.6970102792528456,2019-02-16 07:00:00,2021-02-16 07:00:00,2021-02-16 07:00:00,731,1,-0.3032104293734177,0.3032104293734177,{'model__alpha': 0.01}
2021-02-16 07:00:00,Random Forest,7,1.5194764497889623,1.5106825225049503,2019-02-16 07:00:00,2021-02-16 07:00:00,2021-02-16 07:00:00,731,1,-0.28640559026943707,0.28640559026943707,"{'max_depth': 10, 'max_features': 0.5, 'min_samples_leaf': 2, 'n_estimators': 100}"
2021-02-16 07:00:00,Neural Network,7,1.5194764497889623,1.7623446124139373,2019-02-16 07:00:00,2021-02-16 07:00:00,2021-02-16 07:00:00,731,1,-0.35941423956503044,0.35941423956503044,"{'regressor__model__alpha': 0.0001, 'regressor__model__hidden_layer_sizes': (64, 32), 'regressor__model__learning_rate_init': 0.0001}"
2021-02-16 07:00:00,Naive,7,1.5194764497889623,1.418258450696625,2019-02-16 07:00:00,2021-02-16 07:00:00,2021-02-16 07:00:00,731,1,,,not_applicable
2021-02-17 07:00:00,Decision Tree,7,1.079175815625891,1.4863158937863508,2019-02-17 07:00:00,2021-02-17 07:00:00,2021-02-17 07:00:00,731,1,-0.42290985504429074,0.42290985504429074,"{'max_depth': None, 'min_samples_leaf': 1, 'min_samples_split': 20}"
2021-02-17 07:00:00,ARX,7,1.079175815625891,1.1541845367250758,2019-02-17 07:00:00,2021-02-17 07:00:00,2021-02-17 07:00:00,731,1,-0.3032104293734177,0.3032104293734177,{'model__alpha': 0.01}
2021-02-17 07:00:00,Random Forest,7,1.079175815625891,1.3799288922057626,2019-02-17 07:00:00,2021-02-17 07:00:00,2021-02-17 07:00:00,731,1,-0.28640559026943707,0.28640559026943707,"{'max_depth': 10, 'max_features': 0.5, 'min_samples_leaf': 2, 'n_estimators': 100}"
2021-02-17 07:00:00,Neural Network,7,1.079175815625891,1.0981876422492984,2019-02-17 07:00:00,2021-02-17 07:00:00,2021-02-17 07:00:00,731,1,-0.35941423956503044,0.35941423956503044,"{'regressor__model__alpha': 0.0001, 'regressor__model__hidden_layer_sizes': (64, 32), 'regressor__model__learning_rate_init': 0.0001}"
2021-02-17 07:00:00,Naive,7,1.079175815625891,1.5194764497889623,2019-02-17 07:00:00,2021-02-17 07:00:00,2021-02-17 07:00:00,731,1,,,not_applicable
2021-02-18 07:00:00,Decision Tree,7,1.4077136894479558,1.3533648111015766,2019-02-18 07:00:00,2021-02-18 07:00:00,2021-02-18 07:00:00,731,1,-0.42290985504429074,0.42290985504429074,"{'max_depth': None, 'min_samples_leaf': 1, 'min_samples_split': 20}"
2021-02-18 07:00:00,ARX,7,1.4077136894479558,1.3724227425914808,2019-02-18 07:00:00,2021-02-18 07:00:00,2021-02-18 07:00:00,731,1,-0.3032104293734177,0.3032104293734177,{'model__alpha': 0.01}
2021-02-18 07:00:00,Random Forest,7,1.4077136894479558,1.4848710647510035,2019-02-18 07:00:00,2021-02-18 07:00:00,2021-02-18 07:00:00,731,1,-0.28640559026943707,0.28640559026943707,"{'max_depth': 10, 'max_features': 0.5, 'min_samples_leaf': 2, 'n_estimators': 100}"
2021-02-18 07:00:00,Neural Network,7,1.4077136894479558,1.320559413629235,2019-02-18 07:00:00,2021-02-18 07:00:00,2021-02-18 07:00:00,731,1,-0.35941423956503044,0.35941423956503044,"{'regressor__model__alpha': 0.0001, 'regressor__model__hidden_layer_sizes': (64, 32), 'regressor__model__learning_rate_init': 0.0001}"
2021-02-18 07:00:00,Naive,7,1.4077136894479558,1.079175815625891,2019-02-18 07:00:00,2021-02-18 07:00:00,2021-02-18 07:00:00,731,1,,,not_applicable
2021-02-19 07:00:00,Decision Tree,7,1.246676864373908,1.3278998485831084,2019-02-19 07:00:00,2021-02-19 07:00:00,2021-02-19 07:00:00,731,1,-0.42290985504429074,0.42290985504429074,"{'max_depth': None, 'min_samples_leaf': 1, 'min_samples_split': 20}"
2021-02-19 07:00:00,ARX,7,1.246676864373908,0.7867321779235588,2019-02-19 07:00:00,2021-02-19 07:00:00,2021-02-19 07:00:00,731,1,-0.3032104293734177,0.3032104293734177,{'model__alpha': 0.01}
2021-02-19 07:00:00,Random Forest,7,1.246676864373908,1.019004059259735,2019-02-19 07:00:00,2021-02-19 07:00:00,2021-02-19 07:00:00,731,1,-0.28640559026943707,0.28640559026943707,"{'max_depth': 10, 'max_features': 0.5, 'min_samples_leaf': 2, 'n_estimators': 100}"
2021-02-19 07:00:00,Neural Network,7,1.246676864373908,1.0333280533579838,2019-02-19 07:00:00,2021-02-19 07:00:00,2021-02-19 07:00:00,731,1,-0.35941423956503044,0.35941423956503044,"{'regressor__model__alpha': 0.0001, 'regressor__model__hidden_layer_sizes': (64, 32), 'regressor__model__learning_rate_init': 0.0001}"
2021-02-19 07:00:00,Naive,7,1.246676864373908,1.4077136894479558,2019-02-19 07:00:00,2021-02-19 07:00:00,2021-02-19 07:00:00,731,1,,,not_applicable
2021-02-20 07:00:00,Decision Tree,7,0.1360200289658509,0.07891956340199197,2019-02-20 07:00:00,2021-02-20 07:00:00,2021-02-20 07:00:00,731,1,-0.42290985504429074,0.42290985504429074,"{'max_depth': None, 'min_samples_leaf': 1, 'min_samples_split': 20}"
2021-02-20 07:00:00,ARX,7,0.1360200289658509,0.21246630852565046,2019-02-20 07:00:00,2021-02-20 07:00:00,2021-02-20 07:00:00,731,1,-0.3032104293734177,0.3032104293734177,{'model__alpha': 0.01}
2021-02-20 07:00:00,Random Forest,7,0.1360200289658509,0.2896558522400134,2019-02-20 07:00:00,2021-02-20 07:00:00,2021-02-20 07:00:00,731,1,-0.28640559026943707,0.28640559026943707,"{'max_depth': 10, 'max_features': 0.5, 'min_samples_leaf': 2, 'n_estimators': 100}"
2021-02-20 07:00:00,Neural Network,7,0.1360200289658509,0.49021448566792614,2019-02-20 07:00:00,2021-02-20 07:00:00,2021-02-20 07:00:00,731,1,-0.35941423956503044,0.35941423956503044,"{'regressor__model__alpha': 0.0001, 'regressor__model__hidden_layer_sizes': (64, 32), 'regressor__model__learning_rate_init': 0.0001}"
2021-02-20 07:00:00,Naive,7,0.1360200289658509,1.246676864373908,2019-02-20 07:00:00,2021-02-20 07:00:00,2021-02-20 07:00:00,731,1,,,not_applicable
2021-02-21 07:00:00,Decision Tree,7,-0.4630183540181176,0.0819248510632477,2019-02-21 07:00:00,2021-02-21 07:00:00,2021-02-21 07:00:00,731,1,-0.42290985504429074,0.42290985504429074,"{'max_depth': None, 'min_samples_leaf': 1, 'min_samples_split': 20}"
2021-02-21 07:00:00,ARX,7,-0.4630183540181176,-0.5372370726341442,2019-02-21 07:00:00,2021-02-21 07:00:00,2021-02-21 07:00:00,731,1,-0.3032104293734177,0.3032104293734177,{'model__alpha': 0.01}
2021-02-21 07:00:00,Random Forest,7,-0.4630183540181176,-0.23099286516210388,2019-02-21 07:00:00,2021-02-21 07:00:00,2021-02-21 07:00:00,731,1,-0.28640559026943707,0.28640559026943707,"{'max_depth': 10, 'max_features': 0.5, 'min_samples_leaf': 2, 'n_estimators': 100}"
2021-02-21 07:00:00,Neural Network,7,-0.4630183540181176,-0.6899960732798986,2019-02-21 07:00:00,2021-02-21 07:00:00,2021-02-21 07:00:00,731,1,-0.35941423956503044,0.35941423956503044,"{'regressor__model__alpha': 0.0001, 'regressor__model__hidden_layer_sizes': (64, 32), 'regressor__model__learning_rate_init': 0.0001}"
2021-02-21 07:00:00,Naive,7,-0.4630183540181176,0.1360200289658509,2019-02-21 07:00:00,2021-02-21 07:00:00,2021-02-21 07:00:00,731,1,,,not_applicable
2021-02-22 07:00:00,Decision Tree,7,1.3238953516611913,1.3572358695106486,2019-02-22 07:00:00,2021-02-22 07:00:00,2021-02-22 07:00:00,731,1,-0.42290985504429074,0.42290985504429074,"{'max_depth': None, 'min_samples_leaf': 1, 'min_samples_split': 20}"
2021-02-22 07:00:00,ARX,7,1.3238953516611913,1.2707587440828974,2019-02-22 07:00:00,2021-02-22 07:00:00,2021-02-22 07:00:00,731,1,-0.3032104293734177,0.3032104293734177,{'model__alpha': 0.01}
2021-02-22 07:00:00,Random Forest,7,1.3238953516611913,1.2079512741825094,2019-02-22 07:00:00,2021-02-22 07:00:00,2021-02-22 07:00:00,731,1,-0.28640559026943707,0.28640559026943707,"{'max_depth': 10, 'max_features': 0.5, 'min_samples_leaf': 2, 'n_estimators': 100}"
2021-02-22 07:00:00,Neural Network,7,1.3238953516611913,1.4058487706384164,2019-02-22 07:00:00,2021-02-22 07:00:00,2021-02-22 07:00:00,731,1,-0.35941423956503044,0.35941423956503044,"{'regressor__model__alpha': 0.0001, 'regressor__model__hidden_layer_sizes': (64, 32), 'regressor__model__learning_rate_init': 0.0001}"
2021-02-22 07:00:00,Naive,7,1.3238953516611913,-0.4630183540181176,2019-02-22 07:00:00,2021-02-22 07:00:00,2021-02-22 07:00:00,731,1,,,not_applicable
2021-02-23 07:00:00,Decision Tree,7,1.286930475701092,1.6062662231404312,2019-02-23 07:00:00,2021-02-23 07:00:00,2021-02-23 07:00:00,731,1,-0.42290985504429074,0.42290985504429074,"{'max_depth': None, 'min_samples_leaf': 1, 'min_samples_split': 20}"
2021-02-23 07:00:00,ARX,7,1.286930475701092,1.1561155880432985,2019-02-23 07:00:00,2021-02-23 07:00:00,2021-02-23 07:00:00,731,1,-0.3032104293734177,0.3032104293734177,{'model__alpha': 0.01}
2021-02-23 07:00:00,Random Forest,7,1.286930475701092,1.4291662231277056,2019-02-23 07:00:00,2021-02-23 07:00:00,2021-02-23 07:00:00,731,1,-0.28640559026943707,0.28640559026943707,"{'max_depth': 10, 'max_features': 0.5, 'min_samples_leaf': 2, 'n_estimators': 100}"
2021-02-23 07:00:00,Neural Network,7,1.286930475701092,1.1244825273168746,2019-02-23 07:00:00,2021-02-23 07:00:00,2021-02-23 07:00:00,731,1,-0.35941423956503044,0.35941423956503044,"{'regressor__model__alpha': 0.0001, 'regressor__model__hidden_layer_sizes': (64, 32), 'regressor__model__learning_rate_init': 0.0001}"
2021-02-23 07:00:00,Naive,7,1.286930475701092,1.3238953516611913,2019-02-23 07:00:00,2021-02-23 07:00:00,2021-02-23 07:00:00,731,1,,,not_applicable
2021-02-24 07:00:00,Decision Tree,7,0.7720732800239211,1.093978511441945,2019-02-24 07:00:00,2021-02-24 07:00:00,2021-02-24 07:00:00,731,1,-0.42290985504429074,0.42290985504429074,"{'max_depth': None, 'min_samples_leaf': 1, 'min_samples_split': 20}"
2021-02-24 07:00:00,ARX,7,0.7720732800239211,0.6866700890799469,2019-02-24 07:00:00,2021-02-24 07:00:00,2021-02-24 07:00:00,731,1,-0.3032104293734177,0.3032104293734177,{'model__alpha': 0.01}
2021-02-24 07:00:00,Random Forest,7,0.7720732800239211,0.8904251203523558,2019-02-24 07:00:00,2021-02-24 07:00:00,2021-02-24 07:00:00,731,1,-0.28640559026943707,0.28640559026943707,"{'max_depth': 10, 'max_features': 0.5, 'min_samples_leaf': 2, 'n_estimators': 100}"
2021-02-24 07:00:00,Neural Network,7,0.7720732800239211,0.6247782178235531,2019-02-24 07:00:00,2021-02-24 07:00:00,2021-02-24 07:00:00,731,1,-0.35941423956503044,0.35941423956503044,"{'regressor__model__alpha': 0.0001, 'regressor__model__hidden_layer_sizes': (64, 32), 'regressor__model__learning_rate_init': 0.0001}"
2021-02-24 07:00:00,Naive,7,0.7720732800239211,1.286930475701092,2019-02-24 07:00:00,2021-02-24 07:00:00,2021-02-24 07:00:00,731,1,,,not_applicable
2021-02-25 07:00:00,Decision Tree,7,1.1834646852985609,1.316343861208243,2019-02-25 07:00:00,2021-02-25 07:00:00,2021-02-25 07:00:00,731,1,-0.42290985504429074,0.42290985504429074,"{'max_depth': None, 'min_samples_leaf': 1, 'min_samples_split': 20}"
2021-02-25 07:00:00,ARX,7,1.1834646852985609,0.8483625843206191,2019-02-25 07:00:00,2021-02-25 07:00:00,2021-02-25 07:00:00,731,1,-0.3032104293734177,0.3032104293734177,{'model__alpha': 0.01}
2021-02-25 07:00:00,Random Forest,7,1.1834646852985609,1.1040837894950053,2019-02-25 07:00:00,2021-02-25 07:00:00,2021-02-25 07:00:00,731,1,-0.28640559026943707,0.28640559026943707,"{'max_depth': 10, 'max_features': 0.5, 'min_samples_leaf': 2, 'n_estimators': 100}"
2021-02-25 07:00:00,Neural Network,7,1.1834646852985609,0.8146401097908085,2019-02-25 07:00:00,2021-02-25 07:00:00,2021-02-25 07:00:00,731,1,-0.35941423956503044,0.35941423956503044,"{'regressor__model__alpha': 0.0001, 'regressor__model__hidden_layer_sizes': (64, 32), 'regressor__model__learning_rate_init': 0.0001}"
2021-02-25 07:00:00,Naive,7,1.1834646852985609,0.7720732800239211,2019-02-25 07:00:00,2021-02-25 07:00:00,2021-02-25 07:00:00,731,1,,,not_applicable
2021-02-26 07:00:00,Decision Tree,7,1.419870281492867,0.8220437351296916,2019-02-26 07:00:00,2021-02-26 07:00:00,2021-02-26 07:00:00,731,1,-0.42290985504429074,0.42290985504429074,"{'max_depth': None, 'min_samples_leaf': 1, 'min_samples_split': 20}"
2021-02-26 07:00:00,ARX,7,1.419870281492867,1.1793920657139236,2019-02-26 07:00:00,2021-02-26 07:00:00,2021-02-26 07:00:00,731,1,-0.3032104293734177,0.3032104293734177,{'model__alpha': 0.01}
2021-02-26 07:00:00,Random Forest,7,1.419870281492867,1.2092925358092637,2019-02-26 07:00:00,2021-02-26 07:00:00,2021-02-26 07:00:00,731,1,-0.28640559026943707,0.28640559026943707,"{'max_depth': 10, 'max_features': 0.5, 'min_samples_leaf': 2, 'n_estimators': 100}"
2021-02-26 07:00:00,Neural Network,7,1.419870281492867,0.5845942104968852,2019-02-26 07:00:00,2021-02-26 07:00:00,2021-02-26 07:00:00,731,1,-0.35941423956503044,0.35941423956503044,"{'regressor__model__alpha': 0.0001, 'regressor__model__hidden_layer_sizes': (64, 32), 'regressor__model__learning_rate_init': 0.0001}"
2021-02-26 07:00:00,Naive,7,1.419870281492867,1.1834646852985609,2019-02-26 07:00:00,2021-02-26 07:00:00,2021-02-26 07:00:00,731,1,,,not_applicable
2021-02-27 07:00:00,Decision Tree,7,0.9073565424570182,0.5832101547463144,2019-02-27 07:00:00,2021-02-27 07:00:00,2021-02-27 07:00:00,731,1,-0.42290985504429074,0.42290985504429074,"{'max_depth': None, 'min_samples_leaf': 1, 'min_samples_split': 20}"
2021-02-27 07:00:00,ARX,7,0.9073565424570182,0.4330426903041462,2019-02-27 07:00:00,2021-02-27 07:00:00,2021-02-27 07:00:00,731,1,-0.3032104293734177,0.3032104293734177,{'model__alpha': 0.01}
2021-02-27 07:00:00,Random Forest,7,0.9073565424570182,0.5262923136534867,2019-02-27 07:00:00,2021-02-27 07:00:00,2021-02-27 07:00:00,731,1,-0.28640559026943707,0.28640559026943707,"{'max_depth': 10, 'max_features': 0.5, 'min_samples_leaf': 2, 'n_estimators': 100}"
2021-02-27 07:00:00,Neural Network,7,0.9073565424570182,0.4457161588510071,2019-02-27 07:00:00,2021-02-27 07:00:00,2021-02-27 07:00:00,731,1,-0.35941423956503044,0.35941423956503044,"{'regressor__model__alpha': 0.0001, 'regressor__model__hidden_layer_sizes': (64, 32), 'regressor__model__learning_rate_init': 0.0001}"
2021-02-27 07:00:00,Naive,7,0.9073565424570182,1.419870281492867,2019-02-27 07:00:00,2021-02-27 07:00:00,2021-02-27 07:00:00,731,1,,,not_applicable
2021-02-28 07:00:00,Decision Tree,7,0.4320004591144644,0.6034693039782334,2019-02-28 07:00:00,2021-02-28 07:00:00,2021-02-28 07:00:00,731,1,-0.42290985504429074,0.42290985504429074,"{'max_depth': None, 'min_samples_leaf': 1, 'min_samples_split': 20}"
2021-02-28 07:00:00,ARX,7,0.4320004591144644,0.25443339907714746,2019-02-28 07:00:00,2021-02-28 07:00:00,2021-02-28 07:00:00,731,1,-0.3032104293734177,0.3032104293734177,{'model__alpha': 0.01}
2021-02-28 07:00:00,Random Forest,7,0.4320004591144644,0.34666250227474843,2019-02-28 07:00:00,2021-02-28 07:00:00,2021-02-28 07:00:00,731,1,-0.28640559026943707,0.28640559026943707,"{'max_depth': 10, 'max_features': 0.5, 'min_samples_leaf': 2, 'n_estimators': 100}"
2021-02-28 07:00:00,Neural Network,7,0.4320004591144644,0.5573701541255633,2019-02-28 07:00:00,2021-02-28 07:00:00,2021-02-28 07:00:00,731,1,-0.35941423956503044,0.35941423956503044,"{'regressor__model__alpha': 0.0001, 'regressor__model__hidden_layer_sizes': (64, 32), 'regressor__model__learning_rate_init': 0.0001}"
2021-02-28 07:00:00,Naive,7,0.4320004591144644,0.9073565424570182,2019-02-28 07:00:00,2021-02-28 07:00:00,2021-02-28 07:00:00,731,1,,,not_applicable
2021-03-01 07:00:00,Decision Tree,7,1.5698023687746363,1.1933289328833045,2019-03-01 07:00:00,2021-03-01 07:00:00,2021-03-01 07:00:00,731,1,-0.42290985504429074,0.42290985504429074,"{'max_depth': None, 'min_samples_leaf': 1, 'min_samples_split': 20}"
2021-03-01 07:00:00,ARX,7,1.5698023687746363,1.686377345299825,2019-03-01 07:00:00,2021-03-01 07:00:00,2021-03-01 07:00:00,731,1,-0.3032104293734177,0.3032104293734177,{'model__alpha': 0.01}
2021-03-01 07:00:00,Random Forest,7,1.5698023687746363,1.3197019094569393,2019-03-01 07:00:00,2021-03-01 07:00:00,2021-03-01 07:00:00,731,1,-0.28640559026943707,0.28640559026943707,"{'max_depth': 10, 'max_features': 0.5, 'min_samples_leaf': 2, 'n_estimators': 100}"
2021-03-01 07:00:00,Neural Network,7,1.5698023687746363,1.3706135257512124,2019-03-01 07:00:00,2021-03-01 07:00:00,2021-03-01 07:00:00,731,1,-0.35941423956503044,0.35941423956503044,"{'regressor__model__alpha': 0.0001, 'regressor__model__hidden_layer_sizes': (64, 32), 'regressor__model__learning_rate_init': 0.0001}"
2021-03-01 07:00:00,Naive,7,1.5698023687746363,0.4320004591144644,2019-03-01 07:00:00,2021-03-01 07:00:00,2021-03-01 07:00:00,731,1,,,not_applicable
2021-03-02 07:00:00,Decision Tree,7,1.5989348455631525,1.285746332306533,2019-03-02 07:00:00,2021-03-02 07:00:00,2021-03-02 07:00:00,731,1,-0.42290985504429074,0.42290985504429074,"{'max_depth': None, 'min_samples_leaf': 1, 'min_samples_split': 20}"
2021-03-02 07:00:00,ARX,7,1.5989348455631525,1.717328512073243,2019-03-02 07:00:00,2021-03-02 07:00:00,2021-03-02 07:00:00,731,1,-0.3032104293734177,0.3032104293734177,{'model__alpha': 0.01}
2021-03-02 07:00:00,Random Forest,7,1.5989348455631525,1.44285706714772,2019-03-02 07:00:00,2021-03-02 07:00:00,2021-03-02 07:00:00,731,1,-0.28640559026943707,0.28640559026943707,"{'max_depth': 10, 'max_features': 0.5, 'min_samples_leaf': 2, 'n_estimators': 100}"
2021-03-02 07:00:00,Neural Network,7,1.5989348455631525,1.6188422403545537,2019-03-02 07:00:00,2021-03-02 07:00:00,2021-03-02 07:00:00,731,1,-0.35941423956503044,0.35941423956503044,"{'regressor__model__alpha': 0.0001, 'regressor__model__hidden_layer_sizes': (64, 32), 'regressor__model__learning_rate_init': 0.0001}"
2021-03-02 07:00:00,Naive,7,1.5989348455631525,1.5698023687746363,2019-03-02 07:00:00,2021-03-02 07:00:00,2021-03-02 07:00:00,731,1,,,not_applicable
2021-03-03 07:00:00,Decision Tree,7,1.6289880015855744,1.3534697836031004,2019-03-03 07:00:00,2021-03-03 07:00:00,2021-03-03 07:00:00,731,1,-0.42290985504429074,0.42290985504429074,"{'max_depth': None, 'min_samples_leaf': 1, 'min_samples_split': 20}"
2021-03-03 07:00:00,ARX,7,1.6289880015855744,1.7300094587052413,2019-03-03 07:00:00,2021-03-03 07:00:00,2021-03-03 07:00:00,731,1,-0.3032104293734177,0.3032104293734177,{'model__alpha': 0.01}
2021-03-03 07:00:00,Random Forest,7,1.6289880015855744,1.5286778039517075,2019-03-03 07:00:00,2021-03-03 07:00:00,2021-03-03 07:00:00,731,1,-0.28640559026943707,0.28640559026943707,"{'max_depth': 10, 'max_features': 0.5, 'min_samples_leaf': 2, 'n_estimators': 100}"
2021-03-03 07:00:00,Neural Network,7,1.6289880015855744,1.8045706086179931,2019-03-03 07:00:00,2021-03-03 07:00:00,2021-03-03 07:00:00,731,1,-0.35941423956503044,0.35941423956503044,"{'regressor__model__alpha': 0.0001, 'regressor__model__hidden_layer_sizes': (64, 32), 'regressor__model__learning_rate_init': 0.0001}"
2021-03-03 07:00:00,Naive,7,1.6289880015855744,1.5989348455631525,2019-03-03 07:00:00,2021-03-03 07:00:00,2021-03-03 07:00:00,731,1,,,not_applicable
2021-03-04 07:00:00,Decision Tree,7,1.4713763011438568,1.603322798870457,2019-03-04 07:00:00,2021-03-04 07:00:00,2021-03-04 07:00:00,731,1,-0.42290985504429074,0.42290985504429074,"{'max_depth': None, 'min_samples_leaf': 1, 'min_samples_split': 20}"
2021-03-04 07:00:00,ARX,7,1.4713763011438568,1.419297415634207,2019-03-04 07:00:00,2021-03-04 07:00:00,2021-03-04 07:00:00,731,1,-0.3032104293734177,0.3032104293734177,{'model__alpha': 0.01}
2021-03-04 07:00:00,Random Forest,7,1.4713763011438568,1.4827243697080297,2019-03-04 07:00:00,2021-03-04 07:00:00,2021-03-04 07:00:00,731,1,-0.28640559026943707,0.28640559026943707,"{'max_depth': 10, 'max_features': 0.5, 'min_samples_leaf': 2, 'n_estimators': 100}"
2021-03-04 07:00:00,Neural Network,7,1.4713763011438568,1.3863267834579651,2019-03-04 07:00:00,2021-03-04 07:00:00,2021-03-04 07:00:00,731,1,-0.35941423956503044,0.35941423956503044,"{'regressor__model__alpha': 0.0001, 'regressor__model__hidden_layer_sizes': (64, 32), 'regressor__model__learning_rate_init': 0.0001}"
2021-03-04 07:00:00,Naive,7,1.4713763011438568,1.6289880015855744,2019-03-04 07:00:00,2021-03-04 07:00:00,2021-03-04 07:00:00,731,1,,,not_applicable
2021-03-05 07:00:00,Decision Tree,7,1.561411481988445,1.5963782463585305,2019-03-05 07:00:00,2021-03-05 07:00:00,2021-03-05 07:00:00,731,1,-0.42290985504429074,0.42290985504429074,"{'max_depth': None, 'min_samples_leaf': 1, 'min_samples_split': 20}"
2021-03-05 07:00:00,ARX,7,1.561411481988445,1.483076276879917,2019-03-05 07:00:00,2021-03-05 07:00:00,2021-03-05 07:00:00,731,1,-0.3032104293734177,0.3032104293734177,{'model__alpha': 0.01}
2021-03-05 07:00:00,Random Forest,7,1.561411481988445,1.4642111652769236,2019-03-05 07:00:00,2021-03-05 07:00:00,2021-03-05 07:00:00,731,1,-0.28640559026943707,0.28640559026943707,"{'max_depth': 10, 'max_features': 0.5, 'min_samples_leaf': 2, 'n_estimators': 100}"
2021-03-05 07:00:00,Neural Network,7,1.561411481988445,1.6819246808660813,2019-03-05 07:00:00,2021-03-05 07:00:00,2021-03-05 07:00:00,731,1,-0.35941423956503044,0.35941423956503044,"{'regressor__model__alpha': 0.0001, 'regressor__model__hidden_layer_sizes': (64, 32), 'regressor__model__learning_rate_init': 0.0001}"
2021-03-05 07:00:00,Naive,7,1.561411481988445,1.4713763011438568,2019-03-05 07:00:00,2021-03-05 07:00:00,2021-03-05 07:00:00,731,1,,,not_applicable
2021-03-06 07:00:00,Decision Tree,7,0.7782941401785441,0.6004267638758026,2019-03-06 07:00:00,2021-03-06 07:00:00,2021-03-06 07:00:00,731,1,-0.42290985504429074,0.42290985504429074,"{'max_depth': None, 'min_samples_leaf': 1, 'min_samples_split': 20}"
2021-03-06 07:00:00,ARX,7,0.7782941401785441,0.6143645627515761,2019-03-06 07:00:00,2021-03-06 07:00:00,2021-03-06 07:00:00,731,1,-0.3032104293734177,0.3032104293734177,{'model__alpha': 0.01}
2021-03-06 07:00:00,Random Forest,7,0.7782941401785441,0.7798809557162406,2019-03-06 07:00:00,2021-03-06 07:00:00,2021-03-06 07:00:00,731,1,-0.28640559026943707,0.28640559026943707,"{'max_depth': 10, 'max_features': 0.5, 'min_samples_leaf': 2, 'n_estimators': 100}"
2021-03-06 07:00:00,Neural Network,7,0.7782941401785441,0.7296432632393608,2019-03-06 07:00:00,2021-03-06 07:00:00,2021-03-06 07:00:00,731,1,-0.35941423956503044,0.35941423956503044,"{'regressor__model__alpha': 0.0001, 'regressor__model__hidden_layer_sizes': (64, 32), 'regressor__model__learning_rate_init': 0.0001}"
2021-03-06 07:00:00,Naive,7,0.7782941401785441,1.561411481988445,2019-03-06 07:00:00,2021-03-06 07:00:00,2021-03-06 07:00:00,731,1,,,not_applicable
2021-03-07 07:00:00,Decision Tree,7,0.6488148951351163,0.6108895507171405,2019-03-07 07:00:00,2021-03-07 07:00:00,2021-03-07 07:00:00,731,1,-0.42290985504429074,0.42290985504429074,"{'max_depth': None, 'min_samples_leaf': 1, 'min_samples_split': 20}"
2021-03-07 07:00:00,ARX,7,0.6488148951351163,0.09309903765531344,2019-03-07 07:00:00,2021-03-07 07:00:00,2021-03-07 07:00:00,731,1,-0.3032104293734177,0.3032104293734177,{'model__alpha': 0.01}
2021-03-07 07:00:00,Random Forest,7,0.6488148951351163,0.35012785805658725,2019-03-07 07:00:00,2021-03-07 07:00:00,2021-03-07 07:00:00,731,1,-0.28640559026943707,0.28640559026943707,"{'max_depth': 10, 'max_features': 0.5, 'min_samples_leaf': 2, 'n_estimators': 100}"
2021-03-07 07:00:00,Neural Network,7,0.6488148951351163,0.06634422076111898,2019-03-07 07:00:00,2021-03-07 07:00:00,2021-03-07 07:00:00,731,1,-0.35941423956503044,0.35941423956503044,"{'regressor__model__alpha': 0.0001, 'regressor__model__hidden_layer_sizes': (64, 32), 'regressor__model__learning_rate_init': 0.0001}"
2021-03-07 07:00:00,Naive,7,0.6488148951351163,0.7782941401785441,2019-03-07 07:00:00,2021-03-07 07:00:00,2021-03-07 07:00:00,731,1,,,not_applicable
2021-03-08 07:00:00,Decision Tree,7,1.9342376741633946,1.679575252175463,2019-03-08 07:00:00,2021-03-08 07:00:00,2021-03-08 07:00:00,731,1,-0.42290985504429074,0.42290985504429074,"{'max_depth': None, 'min_samples_leaf': 1, 'min_samples_split': 20}"
2021-03-08 07:00:00,ARX,7,1.9342376741633946,1.8030215802501168,2019-03-08 07:00:00,2021-03-08 07:00:00,2021-03-08 07:00:00,731,1,-0.3032104293734177,0.3032104293734177,{'model__alpha': 0.01}
2021-03-08 07:00:00,Random Forest,7,1.9342376741633946,1.460469512975953,2019-03-08 07:00:00,2021-03-08 07:00:00,2021-03-08 07:00:00,731,1,-0.28640559026943707,0.28640559026943707,"{'max_depth': 10, 'max_features': 0.5, 'min_samples_leaf': 2, 'n_estimators': 100}"
2021-03-08 07:00:00,Neural Network,7,1.9342376741633946,1.908885902179455,2019-03-08 07:00:00,2021-03-08 07:00:00,2021-03-08 07:00:00,731,1,-0.35941423956503044,0.35941423956503044,"{'regressor__model__alpha': 0.0001, 'regressor__model__hidden_layer_sizes': (64, 32), 'regressor__model__learning_rate_init': 0.0001}"
2021-03-08 07:00:00,Naive,7,1.9342376741633946,0.6488148951351163,2019-03-08 07:00:00,2021-03-08 07:00:00,2021-03-08 07:00:00,731,1,,,not_applicable
2021-03-09 07:00:00,Decision Tree,7,1.7977387698324172,1.777384329967874,2019-03-09 07:00:00,2021-03-09 07:00:00,2021-03-09 07:00:00,731,1,-0.42290985504429074,0.42290985504429074,"{'max_depth': None, 'min_samples_leaf': 1, 'min_samples_split': 20}"
2021-03-09 07:00:00,ARX,7,1.7977387698324172,1.7902314927591736,2019-03-09 07:00:00,2021-03-09 07:00:00,2021-03-09 07:00:00,731,1,-0.3032104293734177,0.3032104293734177,{'model__alpha': 0.01}
2021-03-09 07:00:00,Random Forest,7,1.7977387698324172,1.6815956496422286,2019-03-09 07:00:00,2021-03-09 07:00:00,2021-03-09 07:00:00,731,1,-0.28640559026943707,0.28640559026943707,"{'max_depth': 10, 'max_features': 0.5, 'min_samples_leaf': 2, 'n_estimators': 100}"
2021-03-09 07:00:00,Neural Network,7,1.7977387698324172,1.8587025285845322,2019-03-09 07:00:00,2021-03-09 07:00:00,2021-03-09 07:00:00,731,1,-0.35941423956503044,0.35941423956503044,"{'regressor__model__alpha': 0.0001, 'regressor__model__hidden_layer_sizes': (64, 32), 'regressor__model__learning_rate_init': 0.0001}"
2021-03-09 07:00:00,Naive,7,1.7977387698324172,1.9342376741633946,2019-03-09 07:00:00,2021-03-09 07:00:00,2021-03-09 07:00:00,731,1,,,not_applicable
2021-03-10 07:00:00,Decision Tree,7,1.7021662698274054,1.6377792823907038,2019-03-10 07:00:00,2021-03-10 07:00:00,2021-03-10 07:00:00,731,1,-0.42290985504429074,0.42290985504429074,"{'max_depth': None, 'min_samples_leaf': 1, 'min_samples_split': 20}"
2021-03-10 07:00:00,ARX,7,1.7021662698274054,1.6720323037409175,2019-03-10 07:00:00,2021-03-10 07:00:00,2021-03-10 07:00:00,731,1,-0.3032104293734177,0.3032104293734177,{'model__alpha': 0.01}
2021-03-10 07:00:00,Random Forest,7,1.7021662698274054,1.7207203330504195,2019-03-10 07:00:00,2021-03-10 07:00:00,2021-03-10 07:00:00,731,1,-0.28640559026943707,0.28640559026943707,"{'max_depth': 10, 'max_features': 0.5, 'min_samples_leaf': 2, 'n_estimators': 100}"
2021-03-10 07:00:00,Neural Network,7,1.7021662698274054,1.6356004921583354,2019-03-10 07:00:00,2021-03-10 07:00:00,2021-03-10 07:00:00,731,1,-0.35941423956503044,0.35941423956503044,"{'regressor__model__alpha': 0.0001, 'regressor__model__hidden_layer_sizes': (64, 32), 'regressor__model__learning_rate_init': 0.0001}"
2021-03-10 07:00:00,Naive,7,1.7021662698274054,1.7977387698324172,2019-03-10 07:00:00,2021-03-10 07:00:00,2021-03-10 07:00:00,731,1,,,not_applicable
2021-03-11 07:00:00,Decision Tree,7,0.18657332486172498,0.12916734455178122,2019-03-11 07:00:00,2021-03-11 07:00:00,2021-03-11 07:00:00,731,1,-0.42290985504429074,0.42290985504429074,"{'max_depth': None, 'min_samples_leaf': 1, 'min_samples_split': 20}"
2021-03-11 07:00:00,ARX,7,0.18657332486172498,0.19873060803977616,2019-03-11 07:00:00,2021-03-11 07:00:00,2021-03-11 07:00:00,731,1,-0.3032104293734177,0.3032104293734177,{'model__alpha': 0.01}
2021-03-11 07:00:00,Random Forest,7,0.18657332486172498,0.31498983595803426,2019-03-11 07:00:00,2021-03-11 07:00:00,2021-03-11 07:00:00,731,1,-0.28640559026943707,0.28640559026943707,"{'max_depth': 10, 'max_features': 0.5, 'min_samples_leaf': 2, 'n_estimators': 100}"
2021-03-11 07:00:00,Neural Network,7,0.18657332486172498,0.6916412672071982,2019-03-11 07:00:00,2021-03-11 07:00:00,2021-03-11 07:00:00,731,1,-0.35941423956503044,0.35941423956503044,"{'regressor__model__alpha': 0.0001, 'regressor__model__hidden_layer_sizes': (64, 32), 'regressor__model__learning_rate_init': 0.0001}"
2021-03-11 07:00:00,Naive,7,0.18657332486172498,1.7021662698274054,2019-03-11 07:00:00,2021-03-11 07:00:00,2021-03-11 07:00:00,731,1,,,not_applicable
2021-03-12 07:00:00,Decision Tree,7,0.3388018510736582,-0.2865023182004561,2019-03-12 07:00:00,2021-03-12 07:00:00,2021-03-12 07:00:00,731,1,-0.42290985504429074,0.42290985504429074,"{'max_depth': None, 'min_samples_leaf': 1, 'min_samples_split': 20}"
2021-03-12 07:00:00,ARX,7,0.3388018510736582,0.00507123679920321,2019-03-12 07:00:00,2021-03-12 07:00:00,2021-03-12 07:00:00,731,1,-0.3032104293734177,0.3032104293734177,{'model__alpha': 0.01}
2021-03-12 07:00:00,Random Forest,7,0.3388018510736582,0.16932298127057854,2019-03-12 07:00:00,2021-03-12 07:00:00,2021-03-12 07:00:00,731,1,-0.28640559026943707,0.28640559026943707,"{'max_depth': 10, 'max_features': 0.5, 'min_samples_leaf': 2, 'n_estimators': 100}"
2021-03-12 07:00:00,Neural Network,7,0.3388018510736582,0.01809674100270381,2019-03-12 07:00:00,2021-03-12 07:00:00,2021-03-12 07:00:00,731,1,-0.35941423956503044,0.35941423956503044,"{'regressor__model__alpha': 0.0001, 'regressor__model__hidden_layer_sizes': (64, 32), 'regressor__model__learning_rate_init': 0.0001}"
2021-03-12 07:00:00,Naive,7,0.3388018510736582,0.18657332486172498,2019-03-12 07:00:00,2021-03-12 07:00:00,2021-03-12 07:00:00,731,1,,,not_applicable
2021-03-13 07:00:00,Decision Tree,7,-1.1427397542199766,-0.5111951329718273,2019-03-13 07:00:00,2021-03-13 07:00:00,2021-03-13 07:00:00,731,1,-0.42290985504429074,0.42290985504429074,"{'max_depth': None, 'min_samples_leaf': 1, 'min_samples_split': 20}"
2021-03-13 07:00:00,ARX,7,-1.1427397542199766,-0.5587762340750569,2019-03-13 07:00:00,2021-03-13 07:00:00,2021-03-13 07:00:00,731,1,-0.3032104293734177,0.3032104293734177,{'model__alpha': 0.01}
2021-03-13 07:00:00,Random Forest,7,-1.1427397542199766,-0.6536347415322868,2019-03-13 07:00:00,2021-03-13 07:00:00,2021-03-13 07:00:00,731,1,-0.28640559026943707,0.28640559026943707,"{'max_depth': 10, 'max_features': 0.5, 'min_samples_leaf': 2, 'n_estimators': 100}"
2021-03-13 07:00:00,Neural Network,7,-1.1427397542199766,-0.07328641543798098,2019-03-13 07:00:00,2021-03-13 07:00:00,2021-03-13 07:00:00,731,1,-0.35941423956503044,0.35941423956503044,"{'regressor__model__alpha': 0.0001, 'regressor__model__hidden_layer_sizes': (64, 32), 'regressor__model__learning_rate_init': 0.0001}"
2021-03-13 07:00:00,Naive,7,-1.1427397542199766,0.3388018510736582,2019-03-13 07:00:00,2021-03-13 07:00:00,2021-03-13 07:00:00,731,1,,,not_applicable
2021-03-14 07:00:00,Decision Tree,7,-1.7260500896569915,-2.137662031007082,2019-03-14 07:00:00,2021-03-14 07:00:00,2021-03-14 07:00:00,731,1,-0.42290985504429074,0.42290985504429074,"{'max_depth': None, 'min_samples_leaf': 1, 'min_samples_split': 20}"
2021-03-14 07:00:00,ARX,7,-1.7260500896569915,-1.2329575840415048,2019-03-14 07:00:00,2021-03-14 07:00:00,2021-03-14 07:00:00,731,1,-0.3032104293734177,0.3032104293734177,{'model__alpha': 0.01}
2021-03-14 07:00:00,Random Forest,7,-1.7260500896569915,-1.352584845735577,2019-03-14 07:00:00,2021-03-14 07:00:00,2021-03-14 07:00:00,731,1,-0.28640559026943707,0.28640559026943707,"{'max_depth': 10, 'max_features': 0.5, 'min_samples_leaf': 2, 'n_estimators': 100}"
2021-03-14 07:00:00,Neural Network,7,-1.7260500896569915,-0.8521206158999236,2019-03-14 07:00:00,2021-03-14 07:00:00,2021-03-14 07:00:00,731,1,-0.35941423956503044,0.35941423956503044,"{'regressor__model__alpha': 0.0001, 'regressor__model__hidden_layer_sizes': (64, 32), 'regressor__model__learning_rate_init': 0.0001}"
2021-03-14 07:00:00,Naive,7,-1.7260500896569915,-1.1427397542199766,2019-03-14 07:00:00,2021-03-14 07:00:00,2021-03-14 07:00:00,731,1,,,not_applicable
2021-03-15 07:00:00,Decision Tree,7,1.4749411679647109,0.9283493554444492,2019-03-15 07:00:00,2021-03-15 07:00:00,2021-03-15 07:00:00,731,1,-0.42290985504429074,0.42290985504429074,"{'max_depth': None, 'min_samples_leaf': 1, 'min_samples_split': 20}"
2021-03-15 07:00:00,ARX,7,1.4749411679647109,0.8075040039563682,2019-03-15 07:00:00,2021-03-15 07:00:00,2021-03-15 07:00:00,731,1,-0.3032104293734177,0.3032104293734177,{'model__alpha': 0.01}
2021-03-15 07:00:00,Random Forest,7,1.4749411679647109,1.0186899733454313,2019-03-15 07:00:00,2021-03-15 07:00:00,2021-03-15 07:00:00,731,1,-0.28640559026943707,0.28640559026943707,"{'max_depth': 10, 'max_features': 0.5, 'min_samples_leaf': 2, 'n_estimators': 100}"
2021-03-15 07:00:00,Neural Network,7,1.4749411679647109,0.882593407158509,2019-03-15 07:00:00,2021-03-15 07:00:00,2021-03-15 07:00:00,731,1,-0.35941423956503044,0.35941423956503044,"{'regressor__model__alpha': 0.0001, 'regressor__model__hidden_layer_sizes': (64, 32), 'regressor__model__learning_rate_init': 0.0001}"
2021-03-15 07:00:00,Naive,7,1.4749411679647109,-1.7260500896569915,2019-03-15 07:00:00,2021-03-15 07:00:00,2021-03-15 07:00:00,731,1,,,not_applicable
2021-03-16 07:00:00,Decision Tree,7,1.5958679618385698,1.308814302754504,2019-03-16 07:00:00,2021-03-16 07:00:00,2021-03-16 07:00:00,731,1,-0.42290985504429074,0.42290985504429074,"{'max_depth': None, 'min_samples_leaf': 1, 'min_samples_split': 20}"
2021-03-16 07:00:00,ARX,7,1.5958679618385698,1.0201247961510544,2019-03-16 07:00:00,2021-03-16 07:00:00,2021-03-16 07:00:00,731,1,-0.3032104293734177,0.3032104293734177,{'model__alpha': 0.01}
2021-03-16 07:00:00,Random Forest,7,1.5958679618385698,1.4348781353602649,2019-03-16 07:00:00,2021-03-16 07:00:00,2021-03-16 07:00:00,731,1,-0.28640559026943707,0.28640559026943707,"{'max_depth': 10, 'max_features': 0.5, 'min_samples_leaf': 2, 'n_estimators': 100}"
2021-03-16 07:00:00,Neural Network,7,1.5958679618385698,1.1212423627734507,2019-03-16 07:00:00,2021-03-16 07:00:00,2021-03-16 07:00:00,731,1,-0.35941423956503044,0.35941423956503044,"{'regressor__model__alpha': 0.0001, 'regressor__model__hidden_layer_sizes': (64, 32), 'regressor__model__learning_rate_init': 0.0001}"
2021-03-16 07:00:00,Naive,7,1.5958679618385698,1.4749411679647109,2019-03-16 07:00:00,2021-03-16 07:00:00,2021-03-16 07:00:00,731,1,,,not_applicable
2021-03-17 07:00:00,Decision Tree,7,1.4956949334087384,1.743089396049924,2019-03-17 07:00:00,2021-03-17 07:00:00,2021-03-17 07:00:00,731,1,-0.42290985504429074,0.42290985504429074,"{'max_depth': None, 'min_samples_leaf': 1, 'min_samples_split': 20}"
2021-03-17 07:00:00,ARX,7,1.4956949334087384,1.4472292502703785,2019-03-17 07:00:00,2021-03-17 07:00:00,2021-03-17 07:00:00,731,1,-0.3032104293734177,0.3032104293734177,{'model__alpha': 0.01}
2021-03-17 07:00:00,Random Forest,7,1.4956949334087384,1.4729363122123005,2019-03-17 07:00:00,2021-03-17 07:00:00,2021-03-17 07:00:00,731,1,-0.28640559026943707,0.28640559026943707,"{'max_depth': 10, 'max_features': 0.5, 'min_samples_leaf': 2, 'n_estimators': 100}"
2021-03-17 07:00:00,Neural Network,7,1.4956949334087384,1.5655622957010353,2019-03-17 07:00:00,2021-03-17 07:00:00,2021-03-17 07:00:00,731,1,-0.35941423956503044,0.35941423956503044,"{'regressor__model__alpha': 0.0001, 'regressor__model__hidden_layer_sizes': (64, 32), 'regressor__model__learning_rate_init': 0.0001}"
2021-03-17 07:00:00,Naive,7,1.4956949334087384,1.5958679618385698,2019-03-17 07:00:00,2021-03-17 07:00:00,2021-03-17 07:00:00,731,1,,,not_applicable
2021-03-18 07:00:00,Decision Tree,7,1.9178454433907977,2.3741244541329936,2019-03-18 07:00:00,2021-03-18 07:00:00,2021-03-18 07:00:00,731,1,-0.42290985504429074,0.42290985504429074,"{'max_depth': None, 'min_samples_leaf': 1, 'min_samples_split': 20}"
2021-03-18 07:00:00,ARX,7,1.9178454433907977,1.6238173912617546,2019-03-18 07:00:00,2021-03-18 07:00:00,2021-03-18 07:00:00,731,1,-0.3032104293734177,0.3032104293734177,{'model__alpha': 0.01}
2021-03-18 07:00:00,Random Forest,7,1.9178454433907977,1.4498135465277067,2019-03-18 07:00:00,2021-03-18 07:00:00,2021-03-18 07:00:00,731,1,-0.28640559026943707,0.28640559026943707,"{'max_depth': 10, 'max_features': 0.5, 'min_samples_leaf': 2, 'n_estimators': 100}"
2021-03-18 07:00:00,Neural Network,7,1.9178454433907977,2.0293777831447066,2019-03-18 07:00:00,2021-03-18 07:00:00,2021-03-18 07:00:00,731,1,-0.35941423956503044,0.35941423956503044,"{'regressor__model__alpha': 0.0001, 'regressor__model__hidden_layer_sizes': (64, 32), 'regressor__model__learning_rate_init': 0.0001}"
2021-03-18 07:00:00,Naive,7,1.9178454433907977,1.4956949334087384,2019-03-18 07:00:00,2021-03-18 07:00:00,2021-03-18 07:00:00,731,1,,,not_applicable
2021-03-19 07:00:00,Decision Tree,7,1.734389368179055,1.4940589019371675,2019-03-19 07:00:00,2021-03-19 07:00:00,2021-03-19 07:00:00,731,1,-0.42290985504429074,0.42290985504429074,"{'max_depth': None, 'min_samples_leaf': 1, 'min_samples_split': 20}"
2021-03-19 07:00:00,ARX,7,1.734389368179055,1.1255211089253288,2019-03-19 07:00:00,2021-03-19 07:00:00,2021-03-19 07:00:00,731,1,-0.3032104293734177,0.3032104293734177,{'model__alpha': 0.01}
2021-03-19 07:00:00,Random Forest,7,1.734389368179055,1.3022455226722274,2019-03-19 07:00:00,2021-03-19 07:00:00,2021-03-19 07:00:00,731,1,-0.28640559026943707,0.28640559026943707,"{'max_depth': 10, 'max_features': 0.5, 'min_samples_leaf': 2, 'n_estimators': 100}"
2021-03-19 07:00:00,Neural Network,7,1.734389368179055,1.1175700872883025,2019-03-19 07:00:00,2021-03-19 07:00:00,2021-03-19 07:00:00,731,1,-0.35941423956503044,0.35941423956503044,"{'regressor__model__alpha': 0.0001, 'regressor__model__hidden_layer_sizes': (64, 32), 'regressor__model__learning_rate_init': 0.0001}"
2021-03-19 07:00:00,Naive,7,1.734389368179055,1.9178454433907977,2019-03-19 07:00:00,2021-03-19 07:00:00,2021-03-19 07:00:00,731,1,,,not_applicable
2021-03-20 07:00:00,Decision Tree,7,1.254045366473854,0.5883685352190293,2019-03-20 07:00:00,2021-03-20 07:00:00,2021-03-20 07:00:00,731,1,-0.42290985504429074,0.42290985504429074,"{'max_depth': None, 'min_samples_leaf': 1, 'min_samples_split': 20}"
2021-03-20 07:00:00,ARX,7,1.254045366473854,0.5053531614446043,2019-03-20 07:00:00,2021-03-20 07:00:00,2021-03-20 07:00:00,731,1,-0.3032104293734177,0.3032104293734177,{'model__alpha': 0.01}
2021-03-20 07:00:00,Random Forest,7,1.254045366473854,0.6521093160692563,2019-03-20 07:00:00,2021-03-20 07:00:00,2021-03-20 07:00:00,731,1,-0.28640559026943707,0.28640559026943707,"{'max_depth': 10, 'max_features': 0.5, 'min_samples_leaf': 2, 'n_estimators': 100}"
2021-03-20 07:00:00,Neural Network,7,1.254045366473854,0.6484107449228445,2019-03-20 07:00:00,2021-03-20 07:00:00,2021-03-20 07:00:00,731,1,-0.35941423956503044,0.35941423956503044,"{'regressor__model__alpha': 0.0001, 'regressor__model__hidden_layer_sizes': (64, 32), 'regressor__model__learning_rate_init': 0.0001}"
2021-03-20 07:00:00,Naive,7,1.254045366473854,1.734389368179055,2019-03-20 07:00:00,2021-03-20 07:00:00,2021-03-20 07:00:00,731,1,,,not_applicable
2021-03-21 07:00:00,Decision Tree,7,-0.8559154435497967,-0.434095781992223,2019-03-21 07:00:00,2021-03-21 07:00:00,2021-03-21 07:00:00,731,1,-0.42290985504429074,0.42290985504429074,"{'max_depth': None, 'min_samples_leaf': 1, 'min_samples_split': 20}"
2021-03-21 07:00:00,ARX,7,-0.8559154435497967,-0.43623785098104306,2019-03-21 07:00:00,2021-03-21 07:00:00,2021-03-21 07:00:00,731,1,-0.3032104293734177,0.3032104293734177,{'model__alpha': 0.01}
2021-03-21 07:00:00,Random Forest,7,-0.8559154435497967,-0.3617994763253604,2019-03-21 07:00:00,2021-03-21 07:00:00,2021-03-21 07:00:00,731,1,-0.28640559026943707,0.28640559026943707,"{'max_depth': 10, 'max_features': 0.5, 'min_samples_leaf': 2, 'n_estimators': 100}"
2021-03-21 07:00:00,Neural Network,7,-0.8559154435497967,0.15573030880292993,2019-03-21 07:00:00,2021-03-21 07:00:00,2021-03-21 07:00:00,731,1,-0.35941423956503044,0.35941423956503044,"{'regressor__model__alpha': 0.0001, 'regressor__model__hidden_layer_sizes': (64, 32), 'regressor__model__learning_rate_init': 0.0001}"
2021-03-21 07:00:00,Naive,7,-0.8559154435497967,1.254045366473854,2019-03-21 07:00:00,2021-03-21 07:00:00,2021-03-21 07:00:00,731,1,,,not_applicable
2021-03-22 07:00:00,Decision Tree,7,1.7663926611308085,1.6965326055210392,2019-03-22 07:00:00,2021-03-22 07:00:00,2021-03-22 07:00:00,731,1,-0.42290985504429074,0.42290985504429074,"{'max_depth': None, 'min_samples_leaf': 1, 'min_samples_split': 20}"
2021-03-22 07:00:00,ARX,7,1.7663926611308085,1.664869593072122,2019-03-22 07:00:00,2021-03-22 07:00:00,2021-03-22 07:00:00,731,1,-0.3032104293734177,0.3032104293734177,{'model__alpha': 0.01}
2021-03-22 07:00:00,Random Forest,7,1.7663926611308085,1.5379990923347842,2019-03-22 07:00:00,2021-03-22 07:00:00,2021-03-22 07:00:00,731,1,-0.28640559026943707,0.28640559026943707,"{'max_depth': 10, 'max_features': 0.5, 'min_samples_leaf': 2, 'n_estimators': 100}"
2021-03-22 07:00:00,Neural Network,7,1.7663926611308085,1.8347583722341962,2019-03-22 07:00:00,2021-03-22 07:00:00,2021-03-22 07:00:00,731,1,-0.35941423956503044,0.35941423956503044,"{'regressor__model__alpha': 0.0001, 'regressor__model__hidden_layer_sizes': (64, 32), 'regressor__model__learning_rate_init': 0.0001}"
2021-03-22 07:00:00,Naive,7,1.7663926611308085,-0.8559154435497967,2019-03-22 07:00:00,2021-03-22 07:00:00,2021-03-22 07:00:00,731,1,,,not_applicable
2021-03-23 07:00:00,Decision Tree,7,1.7949650718674564,1.6359269021815108,2019-03-23 07:00:00,2021-03-23 07:00:00,2021-03-23 07:00:00,731,1,-0.42290985504429074,0.42290985504429074,"{'max_depth': None, 'min_samples_leaf': 1, 'min_samples_split': 20}"
2021-03-23 07:00:00,ARX,7,1.7949650718674564,1.8148017277681143,2019-03-23 07:00:00,2021-03-23 07:00:00,2021-03-23 07:00:00,731,1,-0.3032104293734177,0.3032104293734177,{'model__alpha': 0.01}
2021-03-23 07:00:00,Random Forest,7,1.7949650718674564,1.6987943622436874,2019-03-23 07:00:00,2021-03-23 07:00:00,2021-03-23 07:00:00,731,1,-0.28640559026943707,0.28640559026943707,"{'max_depth': 10, 'max_features': 0.5, 'min_samples_leaf': 2, 'n_estimators': 100}"
2021-03-23 07:00:00,Neural Network,7,1.7949650718674564,1.5838301201761336,2019-03-23 07:00:00,2021-03-23 07:00:00,2021-03-23 07:00:00,731,1,-0.35941423956503044,0.35941423956503044,"{'regressor__model__alpha': 0.0001, 'regressor__model__hidden_layer_sizes': (64, 32), 'regressor__model__learning_rate_init': 0.0001}"
2021-03-23 07:00:00,Naive,7,1.7949650718674564,1.7663926611308085,2019-03-23 07:00:00,2021-03-23 07:00:00,2021-03-23 07:00:00,731,1,,,not_applicable
2021-03-24 07:00:00,Decision Tree,7,1.559012242661593,1.8295660437463024,2019-03-24 07:00:00,2021-03-24 07:00:00,2021-03-24 07:00:00,731,1,-0.42290985504429074,0.42290985504429074,"{'max_depth': None, 'min_samples_leaf': 1, 'min_samples_split': 20}"
2021-03-24 07:00:00,ARX,7,1.559012242661593,1.574168577200315,2019-03-24 07:00:00,2021-03-24 07:00:00,2021-03-24 07:00:00,731,1,-0.3032104293734177,0.3032104293734177,{'model__alpha': 0.01}
2021-03-24 07:00:00,Random Forest,7,1.559012242661593,1.7036247820208488,2019-03-24 07:00:00,2021-03-24 07:00:00,2021-03-24 07:00:00,731,1,-0.28640559026943707,0.28640559026943707,"{'max_depth': 10, 'max_features': 0.5, 'min_samples_leaf': 2, 'n_estimators': 100}"
2021-03-24 07:00:00,Neural Network,7,1.559012242661593,1.5395834853296126,2019-03-24 07:00:00,2021-03-24 07:00:00,2021-03-24 07:00:00,731,1,-0.35941423956503044,0.35941423956503044,"{'regressor__model__alpha': 0.0001, 'regressor__model__hidden_layer_sizes': (64, 32), 'regressor__model__learning_rate_init': 0.0001}"
2021-03-24 07:00:00,Naive,7,1.559012242661593,1.7949650718674564,2019-03-24 07:00:00,2021-03-24 07:00:00,2021-03-24 07:00:00,731,1,,,not_applicable
2021-03-25 07:00:00,Decision Tree,7,1.8044753263091853,1.6897243524143026,2019-03-25 07:00:00,2021-03-25 07:00:00,2021-03-25 07:00:00,731,1,-0.42290985504429074,0.42290985504429074,"{'max_depth': None, 'min_samples_leaf': 1, 'min_samples_split': 20}"
2021-03-25 07:00:00,ARX,7,1.8044753263091853,1.8580600328708967,2019-03-25 07:00:00,2021-03-25 07:00:00,2021-03-25 07:00:00,731,1,-0.3032104293734177,0.3032104293734177,{'model__alpha': 0.01}
2021-03-25 07:00:00,Random Forest,7,1.8044753263091853,1.6925342346523098,2019-03-25 07:00:00,2021-03-25 07:00:00,2021-03-25 07:00:00,731,1,-0.28640559026943707,0.28640559026943707,"{'max_depth': 10, 'max_features': 0.5, 'min_samples_leaf': 2, 'n_estimators': 100}"
2021-03-25 07:00:00,Neural Network,7,1.8044753263091853,1.9009758447672516,2019-03-25 07:00:00,2021-03-25 07:00:00,2021-03-25 07:00:00,731,1,-0.35941423956503044,0.35941423956503044,"{'regressor__model__alpha': 0.0001, 'regressor__model__hidden_layer_sizes': (64, 32), 'regressor__model__learning_rate_init': 0.0001}"
2021-03-25 07:00:00,Naive,7,1.8044753263091853,1.559012242661593,2019-03-25 07:00:00,2021-03-25 07:00:00,2021-03-25 07:00:00,731,1,,,not_applicable
2021-03-26 07:00:00,Decision Tree,7,1.5525047072199734,0.9814265076887041,2019-03-26 07:00:00,2021-03-26 07:00:00,2021-03-26 07:00:00,731,1,-0.42290985504429074,0.42290985504429074,"{'max_depth': None, 'min_samples_leaf': 1, 'min_samples_split': 20}"
2021-03-26 07:00:00,ARX,7,1.5525047072199734,1.2307423913299633,2019-03-26 07:00:00,2021-03-26 07:00:00,2021-03-26 07:00:00,731,1,-0.3032104293734177,0.3032104293734177,{'model__alpha': 0.01}
2021-03-26 07:00:00,Random Forest,7,1.5525047072199734,1.5021128669206283,2019-03-26 07:00:00,2021-03-26 07:00:00,2021-03-26 07:00:00,731,1,-0.28640559026943707,0.28640559026943707,"{'max_depth': 10, 'max_features': 0.5, 'min_samples_leaf': 2, 'n_estimators': 100}"
2021-03-26 07:00:00,Neural Network,7,1.5525047072199734,1.7259353561257094,2019-03-26 07:00:00,2021-03-26 07:00:00,2021-03-26 07:00:00,731,1,-0.35941423956503044,0.35941423956503044,"{'regressor__model__alpha': 0.0001, 'regressor__model__hidden_layer_sizes': (64, 32), 'regressor__model__learning_rate_init': 0.0001}"
2021-03-26 07:00:00,Naive,7,1.5525047072199734,1.8044753263091853,2019-03-26 07:00:00,2021-03-26 07:00:00,2021-03-26 07:00:00,731,1,,,not_applicable
2021-03-27 07:00:00,Decision Tree,7,-0.3778610039686724,-1.3334900390051116,2019-03-27 07:00:00,2021-03-27 07:00:00,2021-03-27 07:00:00,731,1,-0.42290985504429074,0.42290985504429074,"{'max_depth': None, 'min_samples_leaf': 1, 'min_samples_split': 20}"
2021-03-27 07:00:00,ARX,7,-0.3778610039686724,-0.05142024060052752,2019-03-27 07:00:00,2021-03-27 07:00:00,2021-03-27 07:00:00,731,1,-0.3032104293734177,0.3032104293734177,{'model__alpha': 0.01}
2021-03-27 07:00:00,Random Forest,7,-0.3778610039686724,-0.48134280898442305,2019-03-27 07:00:00,2021-03-27 07:00:00,2021-03-27 07:00:00,731,1,-0.28640559026943707,0.28640559026943707,"{'max_depth': 10, 'max_features': 0.5, 'min_samples_leaf': 2, 'n_estimators': 100}"
2021-03-27 07:00:00,Neural Network,7,-0.3778610039686724,-0.004303923033784018,2019-03-27 07:00:00,2021-03-27 07:00:00,2021-03-27 07:00:00,731,1,-0.35941423956503044,0.35941423956503044,"{'regressor__model__alpha': 0.0001, 'regressor__model__hidden_layer_sizes': (64, 32), 'regressor__model__learning_rate_init': 0.0001}"
2021-03-27 07:00:00,Naive,7,-0.3778610039686724,1.5525047072199734,2019-03-27 07:00:00,2021-03-27 07:00:00,2021-03-27 07:00:00,731,1,,,not_applicable
2021-03-28 07:00:00,Decision Tree,7,0.005217031932435885,0.21821522761978554,2019-03-28 07:00:00,2021-03-28 07:00:00,2021-03-28 07:00:00,731,1,-0.42290985504429074,0.42290985504429074,"{'max_depth': None, 'min_samples_leaf': 1, 'min_samples_split': 20}"
2021-03-28 07:00:00,ARX,7,0.005217031932435885,-0.2319474681937459,2019-03-28 07:00:00,2021-03-28 07:00:00,2021-03-28 07:00:00,731,1,-0.3032104293734177,0.3032104293734177,{'model__alpha': 0.01}
2021-03-28 07:00:00,Random Forest,7,0.005217031932435885,-0.3027299862786352,2019-03-28 07:00:00,2021-03-28 07:00:00,2021-03-28 07:00:00,731,1,-0.28640559026943707,0.28640559026943707,"{'max_depth': 10, 'max_features': 0.5, 'min_samples_leaf': 2, 'n_estimators': 100}"
2021-03-28 07:00:00,Neural Network,7,0.005217031932435885,-0.3158480020317818,2019-03-28 07:00:00,2021-03-28 07:00:00,2021-03-28 07:00:00,731,1,-0.35941423956503044,0.35941423956503044,"{'regressor__model__alpha': 0.0001, 'regressor__model__hidden_layer_sizes': (64, 32), 'regressor__model__learning_rate_init': 0.0001}"
2021-03-28 07:00:00,Naive,7,0.005217031932435885,-0.3778610039686724,2019-03-28 07:00:00,2021-03-28 07:00:00,2021-03-28 07:00:00,731,1,,,not_applicable
2021-03-29 07:00:00,Decision Tree,7,1.5923318622740354,0.9452565955311234,2019-03-29 07:00:00,2021-03-29 07:00:00,2021-03-29 07:00:00,731,1,-0.42290985504429074,0.42290985504429074,"{'max_depth': None, 'min_samples_leaf': 1, 'min_samples_split': 20}"
2021-03-29 07:00:00,ARX,7,1.5923318622740354,0.7722418605835282,2019-03-29 07:00:00,2021-03-29 07:00:00,2021-03-29 07:00:00,731,1,-0.3032104293734177,0.3032104293734177,{'model__alpha': 0.01}
2021-03-29 07:00:00,Random Forest,7,1.5923318622740354,0.8899411202706324,2019-03-29 07:00:00,2021-03-29 07:00:00,2021-03-29 07:00:00,731,1,-0.28640559026943707,0.28640559026943707,"{'max_depth': 10, 'max_features': 0.5, 'min_samples_leaf': 2, 'n_estimators': 100}"
2021-03-29 07:00:00,Neural Network,7,1.5923318622740354,1.158926918881834,2019-03-29 07:00:00,2021-03-29 07:00:00,2021-03-29 07:00:00,731,1,-0.35941423956503044,0.35941423956503044,"{'regressor__model__alpha': 0.0001, 'regressor__model__hidden_layer_sizes': (64, 32), 'regressor__model__learning_rate_init': 0.0001}"
2021-03-29 07:00:00,Naive,7,1.5923318622740354,0.005217031932435885,2019-03-29 07:00:00,2021-03-29 07:00:00,2021-03-29 07:00:00,731,1,,,not_applicable
2021-03-30 07:00:00,Decision Tree,7,1.8708641801065162,1.8656564789418504,2019-03-30 07:00:00,2021-03-30 07:00:00,2021-03-30 07:00:00,731,1,-0.42290985504429074,0.42290985504429074,"{'max_depth': None, 'min_samples_leaf': 1, 'min_samples_split': 20}"
2021-03-30 07:00:00,ARX,7,1.8708641801065162,1.5124325124894633,2019-03-30 07:00:00,2021-03-30 07:00:00,2021-03-30 07:00:00,731,1,-0.3032104293734177,0.3032104293734177,{'model__alpha': 0.01}
2021-03-30 07:00:00,Random Forest,7,1.8708641801065162,1.5459504212157162,2019-03-30 07:00:00,2021-03-30 07:00:00,2021-03-30 07:00:00,731,1,-0.28640559026943707,0.28640559026943707,"{'max_depth': 10, 'max_features': 0.5, 'min_samples_leaf': 2, 'n_estimators': 100}"
2021-03-30 07:00:00,Neural Network,7,1.8708641801065162,2.109807279880456,2019-03-30 07:00:00,2021-03-30 07:00:00,2021-03-30 07:00:00,731,1,-0.35941423956503044,0.35941423956503044,"{'regressor__model__alpha': 0.0001, 'regressor__model__hidden_layer_sizes': (64, 32), 'regressor__model__learning_rate_init': 0.0001}"
2021-03-30 07:00:00,Naive,7,1.8708641801065162,1.5923318622740354,2019-03-30 07:00:00,2021-03-30 07:00:00,2021-03-30 07:00:00,731,1,,,not_applicable
2021-03-31 07:00:00,Decision Tree,7,1.7957466049829642,1.8906252826902494,2019-03-31 07:00:00,2021-03-31 07:00:00,2021-03-31 07:00:00,731,1,-0.42290985504429074,0.42290985504429074,"{'max_depth': None, 'min_samples_leaf': 1, 'min_samples_split': 20}"
2021-03-31 07:00:00,ARX,7,1.7957466049829642,1.7806690264615133,2019-03-31 07:00:00,2021-03-31 07:00:00,2021-03-31 07:00:00,731,1,-0.3032104293734177,0.3032104293734177,{'model__alpha': 0.01}
2021-03-31 07:00:00,Random Forest,7,1.7957466049829642,1.646985427369747,2019-03-31 07:00:00,2021-03-31 07:00:00,2021-03-31 07:00:00,731,1,-0.28640559026943707,0.28640559026943707,"{'max_depth': 10, 'max_features': 0.5, 'min_samples_leaf': 2, 'n_estimators': 100}"
2021-03-31 07:00:00,Neural Network,7,1.7957466049829642,1.9611048613110305,2019-03-31 07:00:00,2021-03-31 07:00:00,2021-03-31 07:00:00,731,1,-0.35941423956503044,0.35941423956503044,"{'regressor__model__alpha': 0.0001, 'regressor__model__hidden_layer_sizes': (64, 32), 'regressor__model__learning_rate_init': 0.0001}"
2021-03-31 07:00:00,Naive,7,1.7957466049829642,1.8708641801065162,2019-03-31 07:00:00,2021-03-31 07:00:00,2021-03-31 07:00:00,731,1,,,not_applicable
2021-04-01 07:00:00,Decision Tree,7,1.6888312685966524,0.9637028462326079,2019-04-01 07:00:00,2021-04-01 07:00:00,2021-04-01 07:00:00,731,1,-0.42290985504429074,0.42290985504429074,"{'max_depth': None, 'min_samples_leaf': 1, 'min_samples_split': 20}"
2021-04-01 07:00:00,ARX,7,1.6888312685966524,1.432274571265504,2019-04-01 07:00:00,2021-04-01 07:00:00,2021-04-01 07:00:00,731,1,-0.3032104293734177,0.3032104293734177,{'model__alpha': 0.01}
2021-04-01 07:00:00,Random Forest,7,1.6888312685966524,1.3212332243526501,2019-04-01 07:00:00,2021-04-01 07:00:00,2021-04-01 07:00:00,731,1,-0.28640559026943707,0.28640559026943707,"{'max_depth': 10, 'max_features': 0.5, 'min_samples_leaf': 2, 'n_estimators': 100}"
2021-04-01 07:00:00,Neural Network,7,1.6888312685966524,0.7104201850423402,2019-04-01 07:00:00,2021-04-01 07:00:00,2021-04-01 07:00:00,731,1,-0.35941423956503044,0.35941423956503044,"{'regressor__model__alpha': 0.0001, 'regressor__model__hidden_layer_sizes': (64, 32), 'regressor__model__learning_rate_init': 0.0001}"
2021-04-01 07:00:00,Naive,7,1.6888312685966524,1.7957466049829642,2019-04-01 07:00:00,2021-04-01 07:00:00,2021-04-01 07:00:00,731,1,,,not_applicable
2021-04-02 07:00:00,Decision Tree,7,1.3565888906449246,0.20568592199111793,2019-04-02 07:00:00,2021-04-02 07:00:00,2021-04-02 07:00:00,731,1,-0.42290985504429074,0.42290985504429074,"{'max_depth': None, 'min_samples_leaf': 1, 'min_samples_split': 20}"
2021-04-02 07:00:00,ARX,7,1.3565888906449246,0.6125521373880028,2019-04-02 07:00:00,2021-04-02 07:00:00,2021-04-02 07:00:00,731,1,-0.3032104293734177,0.3032104293734177,{'model__alpha': 0.01}
2021-04-02 07:00:00,Random Forest,7,1.3565888906449246,0.3086478297509816,2019-04-02 07:00:00,2021-04-02 07:00:00,2021-04-02 07:00:00,731,1,-0.28640559026943707,0.28640559026943707,"{'max_depth': 10, 'max_features': 0.5, 'min_samples_leaf': 2, 'n_estimators': 100}"
2021-04-02 07:00:00,Neural Network,7,1.3565888906449246,0.42214180976029925,2019-04-02 07:00:00,2021-04-02 07:00:00,2021-04-02 07:00:00,731,1,-0.35941423956503044,0.35941423956503044,"{'regressor__model__alpha': 0.0001, 'regressor__model__hidden_layer_sizes': (64, 32), 'regressor__model__learning_rate_init': 0.0001}"
2021-04-02 07:00:00,Naive,7,1.3565888906449246,1.6888312685966524,2019-04-02 07:00:00,2021-04-02 07:00:00,2021-04-02 07:00:00,731,1,,,not_applicable
2021-04-03 07:00:00,Decision Tree,7,0.44873148851250666,-0.8892306802309109,2019-04-03 07:00:00,2021-04-03 07:00:00,2021-04-03 07:00:00,731,1,-0.42290985504429074,0.42290985504429074,"{'max_depth': None, 'min_samples_leaf': 1, 'min_samples_split': 20}"
2021-04-03 07:00:00,ARX,7,0.44873148851250666,0.026861755185402902,2019-04-03 07:00:00,2021-04-03 07:00:00,2021-04-03 07:00:00,731,1,-0.3032104293734177,0.3032104293734177,{'model__alpha': 0.01}
2021-04-03 07:00:00,Random Forest,7,0.44873148851250666,-0.4587654977819976,2019-04-03 07:00:00,2021-04-03 07:00:00,2021-04-03 07:00:00,731,1,-0.28640559026943707,0.28640559026943707,"{'max_depth': 10, 'max_features': 0.5, 'min_samples_leaf': 2, 'n_estimators': 100}"
2021-04-03 07:00:00,Neural Network,7,0.44873148851250666,2.363773121999424e-05,2019-04-03 07:00:00,2021-04-03 07:00:00,2021-04-03 07:00:00,731,1,-0.35941423956503044,0.35941423956503044,"{'regressor__model__alpha': 0.0001, 'regressor__model__hidden_layer_sizes': (64, 32), 'regressor__model__learning_rate_init': 0.0001}"
2021-04-03 07:00:00,Naive,7,0.44873148851250666,1.3565888906449246,2019-04-03 07:00:00,2021-04-03 07:00:00,2021-04-03 07:00:00,731,1,,,not_applicable
2021-04-04 07:00:00,Decision Tree,7,0.19805943516882496,-0.03582982874773466,2019-04-04 07:00:00,2021-04-04 07:00:00,2021-04-04 07:00:00,731,1,-0.42290985504429074,0.42290985504429074,"{'max_depth': None, 'min_samples_leaf': 1, 'min_samples_split': 20}"
2021-04-04 07:00:00,ARX,7,0.19805943516882496,0.14848649233746825,2019-04-04 07:00:00,2021-04-04 07:00:00,2021-04-04 07:00:00,731,1,-0.3032104293734177,0.3032104293734177,{'model__alpha': 0.01}
2021-04-04 07:00:00,Random Forest,7,0.19805943516882496,-0.17267800191704313,2019-04-04 07:00:00,2021-04-04 07:00:00,2021-04-04 07:00:00,731,1,-0.28640559026943707,0.28640559026943707,"{'max_depth': 10, 'max_features': 0.5, 'min_samples_leaf': 2, 'n_estimators': 100}"
2021-04-04 07:00:00,Neural Network,7,0.19805943516882496,0.27816406581047315,2019-04-04 07:00:00,2021-04-04 07:00:00,2021-04-04 07:00:00,731,1,-0.35941423956503044,0.35941423956503044,"{'regressor__model__alpha': 0.0001, 'regressor__model__hidden_layer_sizes': (64, 32), 'regressor__model__learning_rate_init': 0.0001}"
2021-04-04 07:00:00,Naive,7,0.19805943516882496,0.44873148851250666,2019-04-04 07:00:00,2021-04-04 07:00:00,2021-04-04 07:00:00,731,1,,,not_applicable
2021-04-05 07:00:00,Decision Tree,7,-2.4839148359997036,-2.4556940288534403,2019-04-05 07:00:00,2021-04-05 07:00:00,2021-04-05 07:00:00,731,1,-0.42290985504429074,0.42290985504429074,"{'max_depth': None, 'min_samples_leaf': 1, 'min_samples_split': 20}"
2021-04-05 07:00:00,ARX,7,-2.4839148359997036,-0.5351593583445633,2019-04-05 07:00:00,2021-04-05 07:00:00,2021-04-05 07:00:00,731,1,-0.3032104293734177,0.3032104293734177,{'model__alpha': 0.01}
2021-04-05 07:00:00,Random Forest,7,-2.4839148359997036,-1.0741307446594566,2019-04-05 07:00:00,2021-04-05 07:00:00,2021-04-05 07:00:00,731,1,-0.28640559026943707,0.28640559026943707,"{'max_depth': 10, 'max_features': 0.5, 'min_samples_leaf': 2, 'n_estimators': 100}"
2021-04-05 07:00:00,Neural Network,7,-2.4839148359997036,-0.44356157208640273,2019-04-05 07:00:00,2021-04-05 07:00:00,2021-04-05 07:00:00,731,1,-0.35941423956503044,0.35941423956503044,"{'regressor__model__alpha': 0.0001, 'regressor__model__hidden_layer_sizes': (64, 32), 'regressor__model__learning_rate_init': 0.0001}"
2021-04-05 07:00:00,Naive,7,-2.4839148359997036,0.19805943516882496,2019-04-05 07:00:00,2021-04-05 07:00:00,2021-04-05 07:00:00,731,1,,,not_applicable
2021-04-06 07:00:00,Decision Tree,7,1.5247060113282518,0.05361801562239221,2019-04-06 07:00:00,2021-04-06 07:00:00,2021-04-06 07:00:00,731,1,-0.42290985504429074,0.42290985504429074,"{'max_depth': None, 'min_samples_leaf': 1, 'min_samples_split': 20}"
2021-04-06 07:00:00,ARX,7,1.5247060113282518,0.15721669627392287,2019-04-06 07:00:00,2021-04-06 07:00:00,2021-04-06 07:00:00,731,1,-0.3032104293734177,0.3032104293734177,{'model__alpha': 0.01}
2021-04-06 07:00:00,Random Forest,7,1.5247060113282518,0.27163018115291837,2019-04-06 07:00:00,2021-04-06 07:00:00,2021-04-06 07:00:00,731,1,-0.28640559026943707,0.28640559026943707,"{'max_depth': 10, 'max_features': 0.5, 'min_samples_leaf': 2, 'n_estimators': 100}"
2021-04-06 07:00:00,Neural Network,7,1.5247060113282518,0.5406047605407882,2019-04-06 07:00:00,2021-04-06 07:00:00,2021-04-06 07:00:00,731,1,-0.35941423956503044,0.35941423956503044,"{'regressor__model__alpha': 0.0001, 'regressor__model__hidden_layer_sizes': (64, 32), 'regressor__model__learning_rate_init': 0.0001}"
2021-04-06 07:00:00,Naive,7,1.5247060113282518,-2.4839148359997036,2019-04-06 07:00:00,2021-04-06 07:00:00,2021-04-06 07:00:00,731,1,,,not_applicable
2021-04-07 07:00:00,Decision Tree,7,1.9134718583097112,1.6081276147469954,2019-04-07 07:00:00,2021-04-07 07:00:00,2021-04-07 07:00:00,731,1,-0.42290985504429074,0.42290985504429074,"{'max_depth': None, 'min_samples_leaf': 1, 'min_samples_split': 20}"
2021-04-07 07:00:00,ARX,7,1.9134718583097112,1.047255934898737,2019-04-07 07:00:00,2021-04-07 07:00:00,2021-04-07 07:00:00,731,1,-0.3032104293734177,0.3032104293734177,{'model__alpha': 0.01}
2021-04-07 07:00:00,Random Forest,7,1.9134718583097112,1.3490052758971336,2019-04-07 07:00:00,2021-04-07 07:00:00,2021-04-07 07:00:00,731,1,-0.28640559026943707,0.28640559026943707,"{'max_depth': 10, 'max_features': 0.5, 'min_samples_leaf': 2, 'n_estimators': 100}"
2021-04-07 07:00:00,Neural Network,7,1.9134718583097112,1.5916725210322924,2019-04-07 07:00:00,2021-04-07 07:00:00,2021-04-07 07:00:00,731,1,-0.35941423956503044,0.35941423956503044,"{'regressor__model__alpha': 0.0001, 'regressor__model__hidden_layer_sizes': (64, 32), 'regressor__model__learning_rate_init': 0.0001}"
2021-04-07 07:00:00,Naive,7,1.9134718583097112,1.5247060113282518,2019-04-07 07:00:00,2021-04-07 07:00:00,2021-04-07 07:00:00,731,1,,,not_applicable
2021-04-08 07:00:00,Decision Tree,7,1.8910276363783347,1.3761787229613474,2019-04-08 07:00:00,2021-04-08 07:00:00,2021-04-08 07:00:00,731,1,-0.42290985504429074,0.42290985504429074,"{'max_depth': None, 'min_samples_leaf': 1, 'min_samples_split': 20}"
2021-04-08 07:00:00,ARX,7,1.8910276363783347,0.8144846588198809,2019-04-08 07:00:00,2021-04-08 07:00:00,2021-04-08 07:00:00,731,1,-0.3032104293734177,0.3032104293734177,{'model__alpha': 0.01}
2021-04-08 07:00:00,Random Forest,7,1.8910276363783347,1.0730429790313591,2019-04-08 07:00:00,2021-04-08 07:00:00,2021-04-08 07:00:00,731,1,-0.28640559026943707,0.28640559026943707,"{'max_depth': 10, 'max_features': 0.5, 'min_samples_leaf': 2, 'n_estimators': 100}"
2021-04-08 07:00:00,Neural Network,7,1.8910276363783347,0.505119177910938,2019-04-08 07:00:00,2021-04-08 07:00:00,2021-04-08 07:00:00,731,1,-0.35941423956503044,0.35941423956503044,"{'regressor__model__alpha': 0.0001, 'regressor__model__hidden_layer_sizes': (64, 32), 'regressor__model__learning_rate_init': 0.0001}"
2021-04-08 07:00:00,Naive,7,1.8910276363783347,1.9134718583097112,2019-04-08 07:00:00,2021-04-08 07:00:00,2021-04-08 07:00:00,731,1,,,not_applicable
2021-04-09 07:00:00,Decision Tree,7,1.1465665932898117,0.4111689211274671,2019-04-09 07:00:00,2021-04-09 07:00:00,2021-04-09 07:00:00,731,1,-0.42290985504429074,0.42290985504429074,"{'max_depth': None, 'min_samples_leaf': 1, 'min_samples_split': 20}"
2021-04-09 07:00:00,ARX,7,1.1465665932898117,0.8883993672881347,2019-04-09 07:00:00,2021-04-09 07:00:00,2021-04-09 07:00:00,731,1,-0.3032104293734177,0.3032104293734177,{'model__alpha': 0.01}
2021-04-09 07:00:00,Random Forest,7,1.1465665932898117,1.223716211980622,2019-04-09 07:00:00,2021-04-09 07:00:00,2021-04-09 07:00:00,731,1,-0.28640559026943707,0.28640559026943707,"{'max_depth': 10, 'max_features': 0.5, 'min_samples_leaf': 2, 'n_estimators': 100}"
2021-04-09 07:00:00,Neural Network,7,1.1465665932898117,0.8429733047145593,2019-04-09 07:00:00,2021-04-09 07:00:00,2021-04-09 07:00:00,731,1,-0.35941423956503044,0.35941423956503044,"{'regressor__model__alpha': 0.0001, 'regressor__model__hidden_layer_sizes': (64, 32), 'regressor__model__learning_rate_init': 0.0001}"
2021-04-09 07:00:00,Naive,7,1.1465665932898117,1.8910276363783347,2019-04-09 07:00:00,2021-04-09 07:00:00,2021-04-09 07:00:00,731,1,,,not_applicable
2021-04-10 07:00:00,Decision Tree,7,1.3256186902495337,0.4111689211274671,2019-04-10 07:00:00,2021-04-10 07:00:00,2021-04-10 07:00:00,731,1,-0.42290985504429074,0.42290985504429074,"{'max_depth': None, 'min_samples_leaf': 1, 'min_samples_split': 20}"
2021-04-10 07:00:00,ARX,7,1.3256186902495337,0.8155606157945505,2019-04-10 07:00:00,2021-04-10 07:00:00,2021-04-10 07:00:00,731,1,-0.3032104293734177,0.3032104293734177,{'model__alpha': 0.01}
2021-04-10 07:00:00,Random Forest,7,1.3256186902495337,0.7157463018347859,2019-04-10 07:00:00,2021-04-10 07:00:00,2021-04-10 07:00:00,731,1,-0.28640559026943707,0.28640559026943707,"{'max_depth': 10, 'max_features': 0.5, 'min_samples_leaf': 2, 'n_estimators': 100}"
2021-04-10 07:00:00,Neural Network,7,1.3256186902495337,0.7355180459047443,2019-04-10 07:00:00,2021-04-10 07:00:00,2021-04-10 07:00:00,731,1,-0.35941423956503044,0.35941423956503044,"{'regressor__model__alpha': 0.0001, 'regressor__model__hidden_layer_sizes': (64, 32), 'regressor__model__learning_rate_init': 0.0001}"
2021-04-10 07:00:00,Naive,7,1.3256186902495337,1.1465665932898117,2019-04-10 07:00:00,2021-04-10 07:00:00,2021-04-10 07:00:00,731,1,,,not_applicable
2021-04-11 07:00:00,Decision Tree,7,0.4388483100927606,-0.2527883379077505,2019-04-11 07:00:00,2021-04-11 07:00:00,2021-04-11 07:00:00,731,1,-0.42290985504429074,0.42290985504429074,"{'max_depth': None, 'min_samples_leaf': 1, 'min_samples_split': 20}"
2021-04-11 07:00:00,ARX,7,0.4388483100927606,-0.20566633393126638,2019-04-11 07:00:00,2021-04-11 07:00:00,2021-04-11 07:00:00,731,1,-0.3032104293734177,0.3032104293734177,{'model__alpha': 0.01}
2021-04-11 07:00:00,Random Forest,7,0.4388483100927606,-0.05319889257562689,2019-04-11 07:00:00,2021-04-11 07:00:00,2021-04-11 07:00:00,731,1,-0.28640559026943707,0.28640559026943707,"{'max_depth': 10, 'max_features': 0.5, 'min_samples_leaf': 2, 'n_estimators': 100}"
2021-04-11 07:00:00,Neural Network,7,0.4388483100927606,0.15595963563890414,2019-04-11 07:00:00,2021-04-11 07:00:00,2021-04-11 07:00:00,731,1,-0.35941423956503044,0.35941423956503044,"{'regressor__model__alpha': 0.0001, 'regressor__model__hidden_layer_sizes': (64, 32), 'regressor__model__learning_rate_init': 0.0001}"
2021-04-11 07:00:00,Naive,7,0.4388483100927606,1.3256186902495337,2019-04-11 07:00:00,2021-04-11 07:00:00,2021-04-11 07:00:00,731,1,,,not_applicable
2021-04-12 07:00:00,Decision Tree,7,2.0057047258063294,1.8819999483532235,2019-04-12 07:00:00,2021-04-12 07:00:00,2021-04-12 07:00:00,731,1,-0.42290985504429074,0.42290985504429074,"{'max_depth': None, 'min_samples_leaf': 1, 'min_samples_split': 20}"
2021-04-12 07:00:00,ARX,7,2.0057047258063294,1.1404134916663662,2019-04-12 07:00:00,2021-04-12 07:00:00,2021-04-12 07:00:00,731,1,-0.3032104293734177,0.3032104293734177,{'model__alpha': 0.01}
2021-04-12 07:00:00,Random Forest,7,2.0057047258063294,1.2698914994576733,2019-04-12 07:00:00,2021-04-12 07:00:00,2021-04-12 07:00:00,731,1,-0.28640559026943707,0.28640559026943707,"{'max_depth': 10, 'max_features': 0.5, 'min_samples_leaf': 2, 'n_estimators': 100}"
2021-04-12 07:00:00,Neural Network,7,2.0057047258063294,0.19274529610492905,2019-04-12 07:00:00,2021-04-12 07:00:00,2021-04-12 07:00:00,731,1,-0.35941423956503044,0.35941423956503044,"{'regressor__model__alpha': 0.0001, 'regressor__model__hidden_layer_sizes': (64, 32), 'regressor__model__learning_rate_init': 0.0001}"
2021-04-12 07:00:00,Naive,7,2.0057047258063294,0.4388483100927606,2019-04-12 07:00:00,2021-04-12 07:00:00,2021-04-12 07:00:00,731,1,,,not_applicable
2021-04-13 07:00:00,Decision Tree,7,1.989892872480726,1.5617651873287306,2019-04-13 07:00:00,2021-04-13 07:00:00,2021-04-13 07:00:00,731,1,-0.42290985504429074,0.42290985504429074,"{'max_depth': None, 'min_samples_leaf': 1, 'min_samples_split': 20}"
2021-04-13 07:00:00,ARX,7,1.989892872480726,1.4524842344236237,2019-04-13 07:00:00,2021-04-13 07:00:00,2021-04-13 07:00:00,731,1,-0.3032104293734177,0.3032104293734177,{'model__alpha': 0.01}
2021-04-13 07:00:00,Random Forest,7,1.989892872480726,1.5505625288428133,2019-04-13 07:00:00,2021-04-13 07:00:00,2021-04-13 07:00:00,731,1,-0.28640559026943707,0.28640559026943707,"{'max_depth': 10, 'max_features': 0.5, 'min_samples_leaf': 2, 'n_estimators': 100}"
2021-04-13 07:00:00,Neural Network,7,1.989892872480726,1.233849748565938,2019-04-13 07:00:00,2021-04-13 07:00:00,2021-04-13 07:00:00,731,1,-0.35941423956503044,0.35941423956503044,"{'regressor__model__alpha': 0.0001, 'regressor__model__hidden_layer_sizes': (64, 32), 'regressor__model__learning_rate_init': 0.0001}"
2021-04-13 07:00:00,Naive,7,1.989892872480726,2.0057047258063294,2019-04-13 07:00:00,2021-04-13 07:00:00,2021-04-13 07:00:00,731,1,,,not_applicable
2021-04-14 07:00:00,Decision Tree,7,2.4960506213745997,1.8435634023065395,2019-04-14 07:00:00,2021-04-14 07:00:00,2021-04-14 07:00:00,731,1,-0.42290985504429074,0.42290985504429074,"{'max_depth': None, 'min_samples_leaf': 1, 'min_samples_split': 20}"
2021-04-14 07:00:00,ARX,7,2.4960506213745997,1.8273679150867406,2019-04-14 07:00:00,2021-04-14 07:00:00,2021-04-14 07:00:00,731,1,-0.3032104293734177,0.3032104293734177,{'model__alpha': 0.01}
2021-04-14 07:00:00,Random Forest,7,2.4960506213745997,1.6449524616161038,2019-04-14 07:00:00,2021-04-14 07:00:00,2021-04-14 07:00:00,731,1,-0.28640559026943707,0.28640559026943707,"{'max_depth': 10, 'max_features': 0.5, 'min_samples_leaf': 2, 'n_estimators': 100}"
2021-04-14 07:00:00,Neural Network,7,2.4960506213745997,2.1623360253583512,2019-04-14 07:00:00,2021-04-14 07:00:00,2021-04-14 07:00:00,731,1,-0.35941423956503044,0.35941423956503044,"{'regressor__model__alpha': 0.0001, 'regressor__model__hidden_layer_sizes': (64, 32), 'regressor__model__learning_rate_init': 0.0001}"
2021-04-14 07:00:00,Naive,7,2.4960506213745997,1.989892872480726,2019-04-14 07:00:00,2021-04-14 07:00:00,2021-04-14 07:00:00,731,1,,,not_applicable
2021-04-15 07:00:00,Decision Tree,7,2.3211268926878335,1.938750367620491,2019-04-15 07:00:00,2021-04-15 07:00:00,2021-04-15 07:00:00,731,1,-0.42290985504429074,0.42290985504429074,"{'max_depth': None, 'min_samples_leaf': 1, 'min_samples_split': 20}"
2021-04-15 07:00:00,ARX,7,2.3211268926878335,2.051816032810108,2019-04-15 07:00:00,2021-04-15 07:00:00,2021-04-15 07:00:00,731,1,-0.3032104293734177,0.3032104293734177,{'model__alpha': 0.01}
2021-04-15 07:00:00,Random Forest,7,2.3211268926878335,1.815200226636046,2019-04-15 07:00:00,2021-04-15 07:00:00,2021-04-15 07:00:00,731,1,-0.28640559026943707,0.28640559026943707,"{'max_depth': 10, 'max_features': 0.5, 'min_samples_leaf': 2, 'n_estimators': 100}"
2021-04-15 07:00:00,Neural Network,7,2.3211268926878335,2.2319694030034403,2019-04-15 07:00:00,2021-04-15 07:00:00,2021-04-15 07:00:00,731,1,-0.35941423956503044,0.35941423956503044,"{'regressor__model__alpha': 0.0001, 'regressor__model__hidden_layer_sizes': (64, 32), 'regressor__model__learning_rate_init': 0.0001}"
2021-04-15 07:00:00,Naive,7,2.3211268926878335,2.4960506213745997,2019-04-15 07:00:00,2021-04-15 07:00:00,2021-04-15 07:00:00,731,1,,,not_applicable
2021-04-16 07:00:00,Decision Tree,7,2.009884022394815,2.025395886569371,2019-04-16 07:00:00,2021-04-16 07:00:00,2021-04-16 07:00:00,731,1,-0.42290985504429074,0.42290985504429074,"{'max_depth': None, 'min_samples_leaf': 1, 'min_samples_split': 20}"
2021-04-16 07:00:00,ARX,7,2.009884022394815,1.628158971033049,2019-04-16 07:00:00,2021-04-16 07:00:00,2021-04-16 07:00:00,731,1,-0.3032104293734177,0.3032104293734177,{'model__alpha': 0.01}
2021-04-16 07:00:00,Random Forest,7,2.009884022394815,1.8662039972752007,2019-04-16 07:00:00,2021-04-16 07:00:00,2021-04-16 07:00:00,731,1,-0.28640559026943707,0.28640559026943707,"{'max_depth': 10, 'max_features': 0.5, 'min_samples_leaf': 2, 'n_estimators': 100}"
2021-04-16 07:00:00,Neural Network,7,2.009884022394815,1.7969330145530829,2019-04-16 07:00:00,2021-04-16 07:00:00,2021-04-16 07:00:00,731,1,-0.35941423956503044,0.35941423956503044,"{'regressor__model__alpha': 0.0001, 'regressor__model__hidden_layer_sizes': (64, 32), 'regressor__model__learning_rate_init': 0.0001}"
2021-04-16 07:00:00,Naive,7,2.009884022394815,2.3211268926878335,2019-04-16 07:00:00,2021-04-16 07:00:00,2021-04-16 07:00:00,731,1,,,not_applicable
2021-04-17 07:00:00,Decision Tree,7,1.5047555646753914,1.415782485531885,2019-04-17 07:00:00,2021-04-17 07:00:00,2021-04-17 07:00:00,731,1,-0.42290985504429074,0.42290985504429074,"{'max_depth': None, 'min_samples_leaf': 1, 'min_samples_split': 20}"
2021-04-17 07:00:00,ARX,7,1.5047555646753914,0.9906195180258255,2019-04-17 07:00:00,2021-04-17 07:00:00,2021-04-17 07:00:00,731,1,-0.3032104293734177,0.3032104293734177,{'model__alpha': 0.01}
2021-04-17 07:00:00,Random Forest,7,1.5047555646753914,1.1752120257081635,2019-04-17 07:00:00,2021-04-17 07:00:00,2021-04-17 07:00:00,731,1,-0.28640559026943707,0.28640559026943707,"{'max_depth': 10, 'max_features': 0.5, 'min_samples_leaf': 2, 'n_estimators': 100}"
2021-04-17 07:00:00,Neural Network,7,1.5047555646753914,1.2637284726434947,2019-04-17 07:00:00,2021-04-17 07:00:00,2021-04-17 07:00:00,731,1,-0.35941423956503044,0.35941423956503044,"{'regressor__model__alpha': 0.0001, 'regressor__model__hidden_layer_sizes': (64, 32), 'regressor__model__learning_rate_init': 0.0001}"
2021-04-17 07:00:00,Naive,7,1.5047555646753914,2.009884022394815,2019-04-17 07:00:00,2021-04-17 07:00:00,2021-04-17 07:00:00,731,1,,,not_applicable
2021-04-18 07:00:00,Decision Tree,7,1.4201562604548377,0.06758484039453107,2019-04-18 07:00:00,2021-04-18 07:00:00,2021-04-18 07:00:00,731,1,-0.42290985504429074,0.42290985504429074,"{'max_depth': None, 'min_samples_leaf': 1, 'min_samples_split': 20}"
2021-04-18 07:00:00,ARX,7,1.4201562604548377,0.8765064750517986,2019-04-18 07:00:00,2021-04-18 07:00:00,2021-04-18 07:00:00,731,1,-0.3032104293734177,0.3032104293734177,{'model__alpha': 0.01}
2021-04-18 07:00:00,Random Forest,7,1.4201562604548377,1.087007580668139,2019-04-18 07:00:00,2021-04-18 07:00:00,2021-04-18 07:00:00,731,1,-0.28640559026943707,0.28640559026943707,"{'max_depth': 10, 'max_features': 0.5, 'min_samples_leaf': 2, 'n_estimators': 100}"
2021-04-18 07:00:00,Neural Network,7,1.4201562604548377,1.5521502979903992,2019-04-18 07:00:00,2021-04-18 07:00:00,2021-04-18 07:00:00,731,1,-0.35941423956503044,0.35941423956503044,"{'regressor__model__alpha': 0.0001, 'regressor__model__hidden_layer_sizes': (64, 32), 'regressor__model__learning_rate_init': 0.0001}"
2021-04-18 07:00:00,Naive,7,1.4201562604548377,1.5047555646753914,2019-04-18 07:00:00,2021-04-18 07:00:00,2021-04-18 07:00:00,731,1,,,not_applicable
2021-04-19 07:00:00,Decision Tree,7,2.2211680974047106,2.023985717098957,2019-04-19 07:00:00,2021-04-19 07:00:00,2021-04-19 07:00:00,731,1,-0.42290985504429074,0.42290985504429074,"{'max_depth': None, 'min_samples_leaf': 1, 'min_samples_split': 20}"
2021-04-19 07:00:00,ARX,7,2.2211680974047106,2.164638495436609,2019-04-19 07:00:00,2021-04-19 07:00:00,2021-04-19 07:00:00,731,1,-0.3032104293734177,0.3032104293734177,{'model__alpha': 0.01}
2021-04-19 07:00:00,Random Forest,7,2.2211680974047106,1.905516765828782,2019-04-19 07:00:00,2021-04-19 07:00:00,2021-04-19 07:00:00,731,1,-0.28640559026943707,0.28640559026943707,"{'max_depth': 10, 'max_features': 0.5, 'min_samples_leaf': 2, 'n_estimators': 100}"
2021-04-19 07:00:00,Neural Network,7,2.2211680974047106,2.1093280423597474,2019-04-19 07:00:00,2021-04-19 07:00:00,2021-04-19 07:00:00,731,1,-0.35941423956503044,0.35941423956503044,"{'regressor__model__alpha': 0.0001, 'regressor__model__hidden_layer_sizes': (64, 32), 'regressor__model__learning_rate_init': 0.0001}"
2021-04-19 07:00:00,Naive,7,2.2211680974047106,1.4201562604548377,2019-04-19 07:00:00,2021-04-19 07:00:00,2021-04-19 07:00:00,731,1,,,not_applicable
2021-04-20 07:00:00,Decision Tree,7,2.2235256111692054,2.0404175821244364,2019-04-20 07:00:00,2021-04-20 07:00:00,2021-04-20 07:00:00,731,1,-0.42290985504429074,0.42290985504429074,"{'max_depth': None, 'min_samples_leaf': 1, 'min_samples_split': 20}"
2021-04-20 07:00:00,ARX,7,2.2235256111692054,2.1410804314891956,2019-04-20 07:00:00,2021-04-20 07:00:00,2021-04-20 07:00:00,731,1,-0.3032104293734177,0.3032104293734177,{'model__alpha': 0.01}
2021-04-20 07:00:00,Random Forest,7,2.2235256111692054,1.996953587157162,2019-04-20 07:00:00,2021-04-20 07:00:00,2021-04-20 07:00:00,731,1,-0.28640559026943707,0.28640559026943707,"{'max_depth': 10, 'max_features': 0.5, 'min_samples_leaf': 2, 'n_estimators': 100}"
2021-04-20 07:00:00,Neural Network,7,2.2235256111692054,2.21421442566197,2019-04-20 07:00:00,2021-04-20 07:00:00,2021-04-20 07:00:00,731,1,-0.35941423956503044,0.35941423956503044,"{'regressor__model__alpha': 0.0001, 'regressor__model__hidden_layer_sizes': (64, 32), 'regressor__model__learning_rate_init': 0.0001}"
2021-04-20 07:00:00,Naive,7,2.2235256111692054,2.2211680974047106,2019-04-20 07:00:00,2021-04-20 07:00:00,2021-04-20 07:00:00,731,1,,,not_applicable
2021-04-21 07:00:00,Decision Tree,7,2.0259951082189587,2.05450281512788,2019-04-21 07:00:00,2021-04-21 07:00:00,2021-04-21 07:00:00,731,1,-0.42290985504429074,0.42290985504429074,"{'max_depth': None, 'min_samples_leaf': 1, 'min_samples_split': 20}"
2021-04-21 07:00:00,ARX,7,2.0259951082189587,2.1111548547962125,2019-04-21 07:00:00,2021-04-21 07:00:00,2021-04-21 07:00:00,731,1,-0.3032104293734177,0.3032104293734177,{'model__alpha': 0.01}
2021-04-21 07:00:00,Random Forest,7,2.0259951082189587,2.0641970782230596,2019-04-21 07:00:00,2021-04-21 07:00:00,2021-04-21 07:00:00,731,1,-0.28640559026943707,0.28640559026943707,"{'max_depth': 10, 'max_features': 0.5, 'min_samples_leaf': 2, 'n_estimators': 100}"
2021-04-21 07:00:00,Neural Network,7,2.0259951082189587,2.434434499662243,2019-04-21 07:00:00,2021-04-21 07:00:00,2021-04-21 07:00:00,731,1,-0.35941423956503044,0.35941423956503044,"{'regressor__model__alpha': 0.0001, 'regressor__model__hidden_layer_sizes': (64, 32), 'regressor__model__learning_rate_init': 0.0001}"
2021-04-21 07:00:00,Naive,7,2.0259951082189587,2.2235256111692054,2019-04-21 07:00:00,2021-04-21 07:00:00,2021-04-21 07:00:00,731,1,,,not_applicable
2021-04-22 07:00:00,Decision Tree,7,1.9263875052655688,1.4220056091363156,2019-04-22 07:00:00,2021-04-22 07:00:00,2021-04-22 07:00:00,731,1,-0.42290985504429074,0.42290985504429074,"{'max_depth': None, 'min_samples_leaf': 1, 'min_samples_split': 20}"
2021-04-22 07:00:00,ARX,7,1.9263875052655688,1.2975225609881025,2019-04-22 07:00:00,2021-04-22 07:00:00,2021-04-22 07:00:00,731,1,-0.3032104293734177,0.3032104293734177,{'model__alpha': 0.01}
2021-04-22 07:00:00,Random Forest,7,1.9263875052655688,1.8080522232317975,2019-04-22 07:00:00,2021-04-22 07:00:00,2021-04-22 07:00:00,731,1,-0.28640559026943707,0.28640559026943707,"{'max_depth': 10, 'max_features': 0.5, 'min_samples_leaf': 2, 'n_estimators': 100}"
2021-04-22 07:00:00,Neural Network,7,1.9263875052655688,1.1773937515793012,2019-04-22 07:00:00,2021-04-22 07:00:00,2021-04-22 07:00:00,731,1,-0.35941423956503044,0.35941423956503044,"{'regressor__model__alpha': 0.0001, 'regressor__model__hidden_layer_sizes': (64, 32), 'regressor__model__learning_rate_init': 0.0001}"
2021-04-22 07:00:00,Naive,7,1.9263875052655688,2.0259951082189587,2019-04-22 07:00:00,2021-04-22 07:00:00,2021-04-22 07:00:00,731,1,,,not_applicable
2021-04-23 07:00:00,Decision Tree,7,1.9487167559750382,1.4535294776443939,2019-04-23 07:00:00,2021-04-23 07:00:00,2021-04-23 07:00:00,731,1,-0.42290985504429074,0.42290985504429074,"{'max_depth': None, 'min_samples_leaf': 1, 'min_samples_split': 20}"
2021-04-23 07:00:00,ARX,7,1.9487167559750382,1.56658809177282,2019-04-23 07:00:00,2021-04-23 07:00:00,2021-04-23 07:00:00,731,1,-0.3032104293734177,0.3032104293734177,{'model__alpha': 0.01}
2021-04-23 07:00:00,Random Forest,7,1.9487167559750382,1.7937839986239696,2019-04-23 07:00:00,2021-04-23 07:00:00,2021-04-23 07:00:00,731,1,-0.28640559026943707,0.28640559026943707,"{'max_depth': 10, 'max_features': 0.5, 'min_samples_leaf': 2, 'n_estimators': 100}"
2021-04-23 07:00:00,Neural Network,7,1.9487167559750382,2.0108207577880246,2019-04-23 07:00:00,2021-04-23 07:00:00,2021-04-23 07:00:00,731,1,-0.35941423956503044,0.35941423956503044,"{'regressor__model__alpha': 0.0001, 'regressor__model__hidden_layer_sizes': (64, 32), 'regressor__model__learning_rate_init': 0.0001}"
2021-04-23 07:00:00,Naive,7,1.9487167559750382,1.9263875052655688,2019-04-23 07:00:00,2021-04-23 07:00:00,2021-04-23 07:00:00,731,1,,,not_applicable
2021-04-24 07:00:00,Decision Tree,7,1.2213460659527142,0.4972134360514693,2019-04-24 07:00:00,2021-04-24 07:00:00,2021-04-24 07:00:00,731,1,-0.42290985504429074,0.42290985504429074,"{'max_depth': None, 'min_samples_leaf': 1, 'min_samples_split': 20}"
2021-04-24 07:00:00,ARX,7,1.2213460659527142,1.0267528130564298,2019-04-24 07:00:00,2021-04-24 07:00:00,2021-04-24 07:00:00,731,1,-0.3032104293734177,0.3032104293734177,{'model__alpha': 0.01}
2021-04-24 07:00:00,Random Forest,7,1.2213460659527142,0.8799394257406756,2019-04-24 07:00:00,2021-04-24 07:00:00,2021-04-24 07:00:00,731,1,-0.28640559026943707,0.28640559026943707,"{'max_depth': 10, 'max_features': 0.5, 'min_samples_leaf': 2, 'n_estimators': 100}"
2021-04-24 07:00:00,Neural Network,7,1.2213460659527142,1.1676546261264429,2019-04-24 07:00:00,2021-04-24 07:00:00,2021-04-24 07:00:00,731,1,-0.35941423956503044,0.35941423956503044,"{'regressor__model__alpha': 0.0001, 'regressor__model__hidden_layer_sizes': (64, 32), 'regressor__model__learning_rate_init': 0.0001}"
2021-04-24 07:00:00,Naive,7,1.2213460659527142,1.9487167559750382,2019-04-24 07:00:00,2021-04-24 07:00:00,2021-04-24 07:00:00,731,1,,,not_applicable
2021-04-25 07:00:00,Decision Tree,7,0.5367099974580987,0.0212278980959455,2019-04-25 07:00:00,2021-04-25 07:00:00,2021-04-25 07:00:00,731,1,-0.42290985504429074,0.42290985504429074,"{'max_depth': None, 'min_samples_leaf': 1, 'min_samples_split': 20}"
2021-04-25 07:00:00,ARX,7,0.5367099974580987,0.5627780550208039,2019-04-25 07:00:00,2021-04-25 07:00:00,2021-04-25 07:00:00,731,1,-0.3032104293734177,0.3032104293734177,{'model__alpha': 0.01}
2021-04-25 07:00:00,Random Forest,7,0.5367099974580987,0.528552607544042,2019-04-25 07:00:00,2021-04-25 07:00:00,2021-04-25 07:00:00,731,1,-0.28640559026943707,0.28640559026943707,"{'max_depth': 10, 'max_features': 0.5, 'min_samples_leaf': 2, 'n_estimators': 100}"
2021-04-25 07:00:00,Neural Network,7,0.5367099974580987,0.8632393851892757,2019-04-25 07:00:00,2021-04-25 07:00:00,2021-04-25 07:00:00,731,1,-0.35941423956503044,0.35941423956503044,"{'regressor__model__alpha': 0.0001, 'regressor__model__hidden_layer_sizes': (64, 32), 'regressor__model__learning_rate_init': 0.0001}"
2021-04-25 07:00:00,Naive,7,0.5367099974580987,1.2213460659527142,2019-04-25 07:00:00,2021-04-25 07:00:00,2021-04-25 07:00:00,731,1,,,not_applicable
2021-04-26 07:00:00,Decision Tree,7,1.9070515321377361,1.7822164749555431,2019-04-26 07:00:00,2021-04-26 07:00:00,2021-04-26 07:00:00,731,1,-0.42290985504429074,0.42290985504429074,"{'max_depth': None, 'min_samples_leaf': 1, 'min_samples_split': 20}"
2021-04-26 07:00:00,ARX,7,1.9070515321377361,2.103974545515129,2019-04-26 07:00:00,2021-04-26 07:00:00,2021-04-26 07:00:00,731,1,-0.3032104293734177,0.3032104293734177,{'model__alpha': 0.01}
2021-04-26 07:00:00,Random Forest,7,1.9070515321377361,1.749078589150985,2019-04-26 07:00:00,2021-04-26 07:00:00,2021-04-26 07:00:00,731,1,-0.28640559026943707,0.28640559026943707,"{'max_depth': 10, 'max_features': 0.5, 'min_samples_leaf': 2, 'n_estimators': 100}"
2021-04-26 07:00:00,Neural Network,7,1.9070515321377361,1.594048804584226,2019-04-26 07:00:00,2021-04-26 07:00:00,2021-04-26 07:00:00,731,1,-0.35941423956503044,0.35941423956503044,"{'regressor__model__alpha': 0.0001, 'regressor__model__hidden_layer_sizes': (64, 32), 'regressor__model__learning_rate_init': 0.0001}"
2021-04-26 07:00:00,Naive,7,1.9070515321377361,0.5367099974580987,2019-04-26 07:00:00,2021-04-26 07:00:00,2021-04-26 07:00:00,731,1,,,not_applicable
2021-04-27 07:00:00,Decision Tree,7,1.9237750548093386,2.052466550348671,2019-04-27 07:00:00,2021-04-27 07:00:00,2021-04-27 07:00:00,731,1,-0.42290985504429074,0.42290985504429074,"{'max_depth': None, 'min_samples_leaf': 1, 'min_samples_split': 20}"
2021-04-27 07:00:00,ARX,7,1.9237750548093386,2.0581625585275374,2019-04-27 07:00:00,2021-04-27 07:00:00,2021-04-27 07:00:00,731,1,-0.3032104293734177,0.3032104293734177,{'model__alpha': 0.01}
2021-04-27 07:00:00,Random Forest,7,1.9237750548093386,1.9155693007995622,2019-04-27 07:00:00,2021-04-27 07:00:00,2021-04-27 07:00:00,731,1,-0.28640559026943707,0.28640559026943707,"{'max_depth': 10, 'max_features': 0.5, 'min_samples_leaf': 2, 'n_estimators': 100}"
2021-04-27 07:00:00,Neural Network,7,1.9237750548093386,2.5975912266258234,2019-04-27 07:00:00,2021-04-27 07:00:00,2021-04-27 07:00:00,731,1,-0.35941423956503044,0.35941423956503044,"{'regressor__model__alpha': 0.0001, 'regressor__model__hidden_layer_sizes': (64, 32), 'regressor__model__learning_rate_init': 0.0001}"
2021-04-27 07:00:00,Naive,7,1.9237750548093386,1.9070515321377361,2019-04-27 07:00:00,2021-04-27 07:00:00,2021-04-27 07:00:00,731,1,,,not_applicable
2021-04-28 07:00:00,Decision Tree,7,1.88911853323805,2.0438871173127158,2019-04-28 07:00:00,2021-04-28 07:00:00,2021-04-28 07:00:00,731,1,-0.42290985504429074,0.42290985504429074,"{'max_depth': None, 'min_samples_leaf': 1, 'min_samples_split': 20}"
2021-04-28 07:00:00,ARX,7,1.88911853323805,1.7634598057358886,2019-04-28 07:00:00,2021-04-28 07:00:00,2021-04-28 07:00:00,731,1,-0.3032104293734177,0.3032104293734177,{'model__alpha': 0.01}
2021-04-28 07:00:00,Random Forest,7,1.88911853323805,1.8364723783853276,2019-04-28 07:00:00,2021-04-28 07:00:00,2021-04-28 07:00:00,731,1,-0.28640559026943707,0.28640559026943707,"{'max_depth': 10, 'max_features': 0.5, 'min_samples_leaf': 2, 'n_estimators': 100}"
2021-04-28 07:00:00,Neural Network,7,1.88911853323805,1.4793403633729298,2019-04-28 07:00:00,2021-04-28 07:00:00,2021-04-28 07:00:00,731,1,-0.35941423956503044,0.35941423956503044,"{'regressor__model__alpha': 0.0001, 'regressor__model__hidden_layer_sizes': (64, 32), 'regressor__model__learning_rate_init': 0.0001}"
2021-04-28 07:00:00,Naive,7,1.88911853323805,1.9237750548093386,2019-04-28 07:00:00,2021-04-28 07:00:00,2021-04-28 07:00:00,731,1,,,not_applicable
2021-04-29 07:00:00,Decision Tree,7,1.8534142712281558,2.034214080808049,2019-04-29 07:00:00,2021-04-29 07:00:00,2021-04-29 07:00:00,731,1,-0.42290985504429074,0.42290985504429074,"{'max_depth': None, 'min_samples_leaf': 1, 'min_samples_split': 20}"
2021-04-29 07:00:00,ARX,7,1.8534142712281558,1.8156373966711625,2019-04-29 07:00:00,2021-04-29 07:00:00,2021-04-29 07:00:00,731,1,-0.3032104293734177,0.3032104293734177,{'model__alpha': 0.01}
2021-04-29 07:00:00,Random Forest,7,1.8534142712281558,1.9027522043329652,2019-04-29 07:00:00,2021-04-29 07:00:00,2021-04-29 07:00:00,731,1,-0.28640559026943707,0.28640559026943707,"{'max_depth': 10, 'max_features': 0.5, 'min_samples_leaf': 2, 'n_estimators': 100}"
2021-04-29 07:00:00,Neural Network,7,1.8534142712281558,1.0770960239244156,2019-04-29 07:00:00,2021-04-29 07:00:00,2021-04-29 07:00:00,731,1,-0.35941423956503044,0.35941423956503044,"{'regressor__model__alpha': 0.0001, 'regressor__model__hidden_layer_sizes': (64, 32), 'regressor__model__learning_rate_init': 0.0001}"
2021-04-29 07:00:00,Naive,7,1.8534142712281558,1.88911853323805,2019-04-29 07:00:00,2021-04-29 07:00:00,2021-04-29 07:00:00,731,1,,,not_applicable
2021-04-30 07:00:00,Decision Tree,7,1.888875591418339,2.0235787978915845,2019-04-30 07:00:00,2021-04-30 07:00:00,2021-04-30 07:00:00,731,1,-0.42290985504429074,0.42290985504429074,"{'max_depth': None, 'min_samples_leaf': 1, 'min_samples_split': 20}"
2021-04-30 07:00:00,ARX,7,1.888875591418339,1.8467620249392307,2019-04-30 07:00:00,2021-04-30 07:00:00,2021-04-30 07:00:00,731,1,-0.3032104293734177,0.3032104293734177,{'model__alpha': 0.01}
2021-04-30 07:00:00,Random Forest,7,1.888875591418339,1.8124505749598978,2019-04-30 07:00:00,2021-04-30 07:00:00,2021-04-30 07:00:00,731,1,-0.28640559026943707,0.28640559026943707,"{'max_depth': 10, 'max_features': 0.5, 'min_samples_leaf': 2, 'n_estimators': 100}"
2021-04-30 07:00:00,Neural Network,7,1.888875591418339,1.984973752671444,2019-04-30 07:00:00,2021-04-30 07:00:00,2021-04-30 07:00:00,731,1,-0.35941423956503044,0.35941423956503044,"{'regressor__model__alpha': 0.0001, 'regressor__model__hidden_layer_sizes': (64, 32), 'regressor__model__learning_rate_init': 0.0001}"
2021-04-30 07:00:00,Naive,7,1.888875591418339,1.8534142712281558,2019-04-30 07:00:00,2021-04-30 07:00:00,2021-04-30 07:00:00,731,1,,,not_applicable
2021-05-01 07:00:00,Decision Tree,7,1.05615112717037,0.0212278980959455,2019-05-01 07:00:00,2021-05-01 07:00:00,2021-05-01 07:00:00,731,1,-0.42290985504429074,0.42290985504429074,"{'max_depth': None, 'min_samples_leaf': 1, 'min_samples_split': 20}"
2021-05-01 07:00:00,ARX,7,1.05615112717037,0.3941133132740956,2019-05-01 07:00:00,2021-05-01 07:00:00,2021-05-01 07:00:00,731,1,-0.3032104293734177,0.3032104293734177,{'model__alpha': 0.01}
2021-05-01 07:00:00,Random Forest,7,1.05615112717037,0.5478839415043677,2019-05-01 07:00:00,2021-05-01 07:00:00,2021-05-01 07:00:00,731,1,-0.28640559026943707,0.28640559026943707,"{'max_depth': 10, 'max_features': 0.5, 'min_samples_leaf': 2, 'n_estimators': 100}"
2021-05-01 07:00:00,Neural Network,7,1.05615112717037,-0.07356931754498458,2019-05-01 07:00:00,2021-05-01 07:00:00,2021-05-01 07:00:00,731,1,-0.35941423956503044,0.35941423956503044,"{'regressor__model__alpha': 0.0001, 'regressor__model__hidden_layer_sizes': (64, 32), 'regressor__model__learning_rate_init': 0.0001}"
2021-05-01 07:00:00,Naive,7,1.05615112717037,1.888875591418339,2019-05-01 07:00:00,2021-05-01 07:00:00,2021-05-01 07:00:00,731,1,,,not_applicable
2021-05-02 07:00:00,Decision Tree,7,0.8378446665500315,-0.41067601822380806,2019-05-02 07:00:00,2021-05-02 07:00:00,2021-05-02 07:00:00,731,1,-0.42290985504429074,0.42290985504429074,"{'max_depth': None, 'min_samples_leaf': 1, 'min_samples_split': 20}"
2021-05-02 07:00:00,ARX,7,0.8378446665500315,0.39250911445277603,2019-05-02 07:00:00,2021-05-02 07:00:00,2021-05-02 07:00:00,731,1,-0.3032104293734177,0.3032104293734177,{'model__alpha': 0.01}
2021-05-02 07:00:00,Random Forest,7,0.8378446665500315,0.053703970000097564,2019-05-02 07:00:00,2021-05-02 07:00:00,2021-05-02 07:00:00,731,1,-0.28640559026943707,0.28640559026943707,"{'max_depth': 10, 'max_features': 0.5, 'min_samples_leaf': 2, 'n_estimators': 100}"
2021-05-02 07:00:00,Neural Network,7,0.8378446665500315,0.348595019010862,2019-05-02 07:00:00,2021-05-02 07:00:00,2021-05-02 07:00:00,731,1,-0.35941423956503044,0.35941423956503044,"{'regressor__model__alpha': 0.0001, 'regressor__model__hidden_layer_sizes': (64, 32), 'regressor__model__learning_rate_init': 0.0001}"
2021-05-02 07:00:00,Naive,7,0.8378446665500315,1.05615112717037,2019-05-02 07:00:00,2021-05-02 07:00:00,2021-05-02 07:00:00,731,1,,,not_applicable
2021-05-03 07:00:00,Decision Tree,7,1.9749415700972042,1.130594263597718,2019-05-03 07:00:00,2021-05-03 07:00:00,2021-05-03 07:00:00,731,1,-0.42290985504429074,0.42290985504429074,"{'max_depth': None, 'min_samples_leaf': 1, 'min_samples_split': 20}"
2021-05-03 07:00:00,ARX,7,1.9749415700972042,1.4940651005009324,2019-05-03 07:00:00,2021-05-03 07:00:00,2021-05-03 07:00:00,731,1,-0.3032104293734177,0.3032104293734177,{'model__alpha': 0.01}
2021-05-03 07:00:00,Random Forest,7,1.9749415700972042,1.3878474368098037,2019-05-03 07:00:00,2021-05-03 07:00:00,2021-05-03 07:00:00,731,1,-0.28640559026943707,0.28640559026943707,"{'max_depth': 10, 'max_features': 0.5, 'min_samples_leaf': 2, 'n_estimators': 100}"
2021-05-03 07:00:00,Neural Network,7,1.9749415700972042,1.7057153803470935,2019-05-03 07:00:00,2021-05-03 07:00:00,2021-05-03 07:00:00,731,1,-0.35941423956503044,0.35941423956503044,"{'regressor__model__alpha': 0.0001, 'regressor__model__hidden_layer_sizes': (64, 32), 'regressor__model__learning_rate_init': 0.0001}"
2021-05-03 07:00:00,Naive,7,1.9749415700972042,0.8378446665500315,2019-05-03 07:00:00,2021-05-03 07:00:00,2021-05-03 07:00:00,731,1,,,not_applicable
2021-05-04 07:00:00,Decision Tree,7,0.8912447768408304,0.457240435690259,2019-05-04 07:00:00,2021-05-04 07:00:00,2021-05-04 07:00:00,731,1,-0.42290985504429074,0.42290985504429074,"{'max_depth': None, 'min_samples_leaf': 1, 'min_samples_split': 20}"
2021-05-04 07:00:00,ARX,7,0.8912447768408304,0.8948337564496274,2019-05-04 07:00:00,2021-05-04 07:00:00,2021-05-04 07:00:00,731,1,-0.3032104293734177,0.3032104293734177,{'model__alpha': 0.01}
2021-05-04 07:00:00,Random Forest,7,0.8912447768408304,1.1500162536886984,2019-05-04 07:00:00,2021-05-04 07:00:00,2021-05-04 07:00:00,731,1,-0.28640559026943707,0.28640559026943707,"{'max_depth': 10, 'max_features': 0.5, 'min_samples_leaf': 2, 'n_estimators': 100}"
2021-05-04 07:00:00,Neural Network,7,0.8912447768408304,1.0090641564896992,2019-05-04 07:00:00,2021-05-04 07:00:00,2021-05-04 07:00:00,731,1,-0.35941423956503044,0.35941423956503044,"{'regressor__model__alpha': 0.0001, 'regressor__model__hidden_layer_sizes': (64, 32), 'regressor__model__learning_rate_init': 0.0001}"
2021-05-04 07:00:00,Naive,7,0.8912447768408304,1.9749415700972042,2019-05-04 07:00:00,2021-05-04 07:00:00,2021-05-04 07:00:00,731,1,,,not_applicable
2021-05-05 07:00:00,Decision Tree,7,1.3891991220734767,0.4934074641194732,2019-05-05 07:00:00,2021-05-05 07:00:00,2021-05-05 07:00:00,731,1,-0.42290985504429074,0.42290985504429074,"{'max_depth': None, 'min_samples_leaf': 1, 'min_samples_split': 20}"
2021-05-05 07:00:00,ARX,7,1.3891991220734767,0.7113437683705239,2019-05-05 07:00:00,2021-05-05 07:00:00,2021-05-05 07:00:00,731,1,-0.3032104293734177,0.3032104293734177,{'model__alpha': 0.01}
2021-05-05 07:00:00,Random Forest,7,1.3891991220734767,0.7787191158199375,2019-05-05 07:00:00,2021-05-05 07:00:00,2021-05-05 07:00:00,731,1,-0.28640559026943707,0.28640559026943707,"{'max_depth': 10, 'max_features': 0.5, 'min_samples_leaf': 2, 'n_estimators': 100}"
2021-05-05 07:00:00,Neural Network,7,1.3891991220734767,1.0318401646580782,2019-05-05 07:00:00,2021-05-05 07:00:00,2021-05-05 07:00:00,731,1,-0.35941423956503044,0.35941423956503044,"{'regressor__model__alpha': 0.0001, 'regressor__model__hidden_layer_sizes': (64, 32), 'regressor__model__learning_rate_init': 0.0001}"
2021-05-05 07:00:00,Naive,7,1.3891991220734767,0.8912447768408304,2019-05-05 07:00:00,2021-05-05 07:00:00,2021-05-05 07:00:00,731,1,,,not_applicable
2021-05-06 07:00:00,Decision Tree,7,1.7214844194787051,1.801331203107657,2019-05-06 07:00:00,2021-05-06 07:00:00,2021-05-06 07:00:00,731,1,-0.42290985504429074,0.42290985504429074,"{'max_depth': None, 'min_samples_leaf': 1, 'min_samples_split': 20}"
2021-05-06 07:00:00,ARX,7,1.7214844194787051,1.3813708035168744,2019-05-06 07:00:00,2021-05-06 07:00:00,2021-05-06 07:00:00,731,1,-0.3032104293734177,0.3032104293734177,{'model__alpha': 0.01}
2021-05-06 07:00:00,Random Forest,7,1.7214844194787051,1.496649372044854,2019-05-06 07:00:00,2021-05-06 07:00:00,2021-05-06 07:00:00,731,1,-0.28640559026943707,0.28640559026943707,"{'max_depth': 10, 'max_features': 0.5, 'min_samples_leaf': 2, 'n_estimators': 100}"
2021-05-06 07:00:00,Neural Network,7,1.7214844194787051,0.9292106772913635,2019-05-06 07:00:00,2021-05-06 07:00:00,2021-05-06 07:00:00,731,1,-0.35941423956503044,0.35941423956503044,"{'regressor__model__alpha': 0.0001, 'regressor__model__hidden_layer_sizes': (64, 32), 'regressor__model__learning_rate_init': 0.0001}"
2021-05-06 07:00:00,Naive,7,1.7214844194787051,1.3891991220734767,2019-05-06 07:00:00,2021-05-06 07:00:00,2021-05-06 07:00:00,731,1,,,not_applicable
2021-05-07 07:00:00,Decision Tree,7,2.0514321926015175,2.178066729889309,2019-05-07 07:00:00,2021-05-07 07:00:00,2021-05-07 07:00:00,731,1,-0.42290985504429074,0.42290985504429074,"{'max_depth': None, 'min_samples_leaf': 1, 'min_samples_split': 20}"
2021-05-07 07:00:00,ARX,7,2.0514321926015175,1.9048825703754155,2019-05-07 07:00:00,2021-05-07 07:00:00,2021-05-07 07:00:00,731,1,-0.3032104293734177,0.3032104293734177,{'model__alpha': 0.01}
2021-05-07 07:00:00,Random Forest,7,2.0514321926015175,1.7852531146822679,2019-05-07 07:00:00,2021-05-07 07:00:00,2021-05-07 07:00:00,731,1,-0.28640559026943707,0.28640559026943707,"{'max_depth': 10, 'max_features': 0.5, 'min_samples_leaf': 2, 'n_estimators': 100}"
2021-05-07 07:00:00,Neural Network,7,2.0514321926015175,2.105453943397048,2019-05-07 07:00:00,2021-05-07 07:00:00,2021-05-07 07:00:00,731,1,-0.35941423956503044,0.35941423956503044,"{'regressor__model__alpha': 0.0001, 'regressor__model__hidden_layer_sizes': (64, 32), 'regressor__model__learning_rate_init': 0.0001}"
2021-05-07 07:00:00,Naive,7,2.0514321926015175,1.7214844194787051,2019-05-07 07:00:00,2021-05-07 07:00:00,2021-05-07 07:00:00,731,1,,,not_applicable
2021-05-08 07:00:00,Decision Tree,7,1.128010607852715,0.9422299380185615,2019-05-08 07:00:00,2021-05-08 07:00:00,2021-05-08 07:00:00,731,1,-0.42290985504429074,0.42290985504429074,"{'max_depth': None, 'min_samples_leaf': 1, 'min_samples_split': 20}"
2021-05-08 07:00:00,ARX,7,1.128010607852715,0.8974038318804896,2019-05-08 07:00:00,2021-05-08 07:00:00,2021-05-08 07:00:00,731,1,-0.3032104293734177,0.3032104293734177,{'model__alpha': 0.01}
2021-05-08 07:00:00,Random Forest,7,1.128010607852715,0.8405877556181509,2019-05-08 07:00:00,2021-05-08 07:00:00,2021-05-08 07:00:00,731,1,-0.28640559026943707,0.28640559026943707,"{'max_depth': 10, 'max_features': 0.5, 'min_samples_leaf': 2, 'n_estimators': 100}"
2021-05-08 07:00:00,Neural Network,7,1.128010607852715,0.5511196344438337,2019-05-08 07:00:00,2021-05-08 07:00:00,2021-05-08 07:00:00,731,1,-0.35941423956503044,0.35941423956503044,"{'regressor__model__alpha': 0.0001, 'regressor__model__hidden_layer_sizes': (64, 32), 'regressor__model__learning_rate_init': 0.0001}"
2021-05-08 07:00:00,Naive,7,1.128010607852715,2.0514321926015175,2019-05-08 07:00:00,2021-05-08 07:00:00,2021-05-08 07:00:00,731,1,,,not_applicable
2021-05-09 07:00:00,Decision Tree,7,-1.6427675153259618,-0.4329709442877852,2019-05-09 07:00:00,2021-05-09 07:00:00,2021-05-09 07:00:00,731,1,-0.42290985504429074,0.42290985504429074,"{'max_depth': None, 'min_samples_leaf': 1, 'min_samples_split': 20}"
2021-05-09 07:00:00,ARX,7,-1.6427675153259618,-0.21575447775559825,2019-05-09 07:00:00,2021-05-09 07:00:00,2021-05-09 07:00:00,731,1,-0.3032104293734177,0.3032104293734177,{'model__alpha': 0.01}
2021-05-09 07:00:00,Random Forest,7,-1.6427675153259618,-0.07296126886426592,2019-05-09 07:00:00,2021-05-09 07:00:00,2021-05-09 07:00:00,731,1,-0.28640559026943707,0.28640559026943707,"{'max_depth': 10, 'max_features': 0.5, 'min_samples_leaf': 2, 'n_estimators': 100}"
2021-05-09 07:00:00,Neural Network,7,-1.6427675153259618,0.5771053933215258,2019-05-09 07:00:00,2021-05-09 07:00:00,2021-05-09 07:00:00,731,1,-0.35941423956503044,0.35941423956503044,"{'regressor__model__alpha': 0.0001, 'regressor__model__hidden_layer_sizes': (64, 32), 'regressor__model__learning_rate_init': 0.0001}"
2021-05-09 07:00:00,Naive,7,-1.6427675153259618,1.128010607852715,2019-05-09 07:00:00,2021-05-09 07:00:00,2021-05-09 07:00:00,731,1,,,not_applicable
2021-05-10 07:00:00,Decision Tree,7,1.5881473610627455,0.024043431228102603,2019-05-10 07:00:00,2021-05-10 07:00:00,2021-05-10 07:00:00,731,1,-0.42290985504429074,0.42290985504429074,"{'max_depth': None, 'min_samples_leaf': 1, 'min_samples_split': 20}"
2021-05-10 07:00:00,ARX,7,1.5881473610627455,1.237698386845591,2019-05-10 07:00:00,2021-05-10 07:00:00,2021-05-10 07:00:00,731,1,-0.3032104293734177,0.3032104293734177,{'model__alpha': 0.01}
2021-05-10 07:00:00,Random Forest,7,1.5881473610627455,0.7905866465249685,2019-05-10 07:00:00,2021-05-10 07:00:00,2021-05-10 07:00:00,731,1,-0.28640559026943707,0.28640559026943707,"{'max_depth': 10, 'max_features': 0.5, 'min_samples_leaf': 2, 'n_estimators': 100}"
2021-05-10 07:00:00,Neural Network,7,1.5881473610627455,0.8373915415389939,2019-05-10 07:00:00,2021-05-10 07:00:00,2021-05-10 07:00:00,731,1,-0.35941423956503044,0.35941423956503044,"{'regressor__model__alpha': 0.0001, 'regressor__model__hidden_layer_sizes': (64, 32), 'regressor__model__learning_rate_init': 0.0001}"
2021-05-10 07:00:00,Naive,7,1.5881473610627455,-1.6427675153259618,2019-05-10 07:00:00,2021-05-10 07:00:00,2021-05-10 07:00:00,731,1,,,not_applicable
2021-05-11 07:00:00,Decision Tree,7,1.948693807297837,2.011999188191749,2019-05-11 07:00:00,2021-05-11 07:00:00,2021-05-11 07:00:00,731,1,-0.42290985504429074,0.42290985504429074,"{'max_depth': None, 'min_samples_leaf': 1, 'min_samples_split': 20}"
2021-05-11 07:00:00,ARX,7,1.948693807297837,1.7736952765869312,2019-05-11 07:00:00,2021-05-11 07:00:00,2021-05-11 07:00:00,731,1,-0.3032104293734177,0.3032104293734177,{'model__alpha': 0.01}
2021-05-11 07:00:00,Random Forest,7,1.948693807297837,1.6638612294461361,2019-05-11 07:00:00,2021-05-11 07:00:00,2021-05-11 07:00:00,731,1,-0.28640559026943707,0.28640559026943707,"{'max_depth': 10, 'max_features': 0.5, 'min_samples_leaf': 2, 'n_estimators': 100}"
2021-05-11 07:00:00,Neural Network,7,1.948693807297837,1.3723573392942532,2019-05-11 07:00:00,2021-05-11 07:00:00,2021-05-11 07:00:00,731,1,-0.35941423956503044,0.35941423956503044,"{'regressor__model__alpha': 0.0001, 'regressor__model__hidden_layer_sizes': (64, 32), 'regressor__model__learning_rate_init': 0.0001}"
2021-05-11 07:00:00,Naive,7,1.948693807297837,1.5881473610627455,2019-05-11 07:00:00,2021-05-11 07:00:00,2021-05-11 07:00:00,731,1,,,not_applicable
2021-05-12 07:00:00,Decision Tree,7,1.8114019738096778,2.1391570489692175,2019-05-12 07:00:00,2021-05-12 07:00:00,2021-05-12 07:00:00,731,1,-0.42290985504429074,0.42290985504429074,"{'max_depth': None, 'min_samples_leaf': 1, 'min_samples_split': 20}"
2021-05-12 07:00:00,ARX,7,1.8114019738096778,1.8863609763796372,2019-05-12 07:00:00,2021-05-12 07:00:00,2021-05-12 07:00:00,731,1,-0.3032104293734177,0.3032104293734177,{'model__alpha': 0.01}
2021-05-12 07:00:00,Random Forest,7,1.8114019738096778,1.8485301150784712,2019-05-12 07:00:00,2021-05-12 07:00:00,2021-05-12 07:00:00,731,1,-0.28640559026943707,0.28640559026943707,"{'max_depth': 10, 'max_features': 0.5, 'min_samples_leaf': 2, 'n_estimators': 100}"
2021-05-12 07:00:00,Neural Network,7,1.8114019738096778,2.1414936035694616,2019-05-12 07:00:00,2021-05-12 07:00:00,2021-05-12 07:00:00,731,1,-0.35941423956503044,0.35941423956503044,"{'regressor__model__alpha': 0.0001, 'regressor__model__hidden_layer_sizes': (64, 32), 'regressor__model__learning_rate_init': 0.0001}"
2021-05-12 07:00:00,Naive,7,1.8114019738096778,1.948693807297837,2019-05-12 07:00:00,2021-05-12 07:00:00,2021-05-12 07:00:00,731,1,,,not_applicable
2021-05-13 07:00:00,Decision Tree,7,1.368848171515425,0.7414224480600149,2019-05-13 07:00:00,2021-05-13 07:00:00,2021-05-13 07:00:00,731,1,-0.42290985504429074,0.42290985504429074,"{'max_depth': None, 'min_samples_leaf': 1, 'min_samples_split': 20}"
2021-05-13 07:00:00,ARX,7,1.368848171515425,0.8029012469469192,2019-05-13 07:00:00,2021-05-13 07:00:00,2021-05-13 07:00:00,731,1,-0.3032104293734177,0.3032104293734177,{'model__alpha': 0.01}
2021-05-13 07:00:00,Random Forest,7,1.368848171515425,0.9795192022172181,2019-05-13 07:00:00,2021-05-13 07:00:00,2021-05-13 07:00:00,731,1,-0.28640559026943707,0.28640559026943707,"{'max_depth': 10, 'max_features': 0.5, 'min_samples_leaf': 2, 'n_estimators': 100}"
2021-05-13 07:00:00,Neural Network,7,1.368848171515425,0.14730284473558408,2019-05-13 07:00:00,2021-05-13 07:00:00,2021-05-13 07:00:00,731,1,-0.35941423956503044,0.35941423956503044,"{'regressor__model__alpha': 0.0001, 'regressor__model__hidden_layer_sizes': (64, 32), 'regressor__model__learning_rate_init': 0.0001}"
2021-05-13 07:00:00,Naive,7,1.368848171515425,1.8114019738096778,2019-05-13 07:00:00,2021-05-13 07:00:00,2021-05-13 07:00:00,731,1,,,not_applicable
2021-05-14 07:00:00,Decision Tree,7,1.8215555955782738,1.2060952131899554,2019-05-14 07:00:00,2021-05-14 07:00:00,2021-05-14 07:00:00,731,1,-0.42290985504429074,0.42290985504429074,"{'max_depth': None, 'min_samples_leaf': 1, 'min_samples_split': 20}"
2021-05-14 07:00:00,ARX,7,1.8215555955782738,1.7064734545508295,2019-05-14 07:00:00,2021-05-14 07:00:00,2021-05-14 07:00:00,731,1,-0.3032104293734177,0.3032104293734177,{'model__alpha': 0.01}
2021-05-14 07:00:00,Random Forest,7,1.8215555955782738,1.5597771398790194,2019-05-14 07:00:00,2021-05-14 07:00:00,2021-05-14 07:00:00,731,1,-0.28640559026943707,0.28640559026943707,"{'max_depth': 10, 'max_features': 0.5, 'min_samples_leaf': 2, 'n_estimators': 100}"
2021-05-14 07:00:00,Neural Network,7,1.8215555955782738,1.7511395823543996,2019-05-14 07:00:00,2021-05-14 07:00:00,2021-05-14 07:00:00,731,1,-0.35941423956503044,0.35941423956503044,"{'regressor__model__alpha': 0.0001, 'regressor__model__hidden_layer_sizes': (64, 32), 'regressor__model__learning_rate_init': 0.0001}"
2021-05-14 07:00:00,Naive,7,1.8215555955782738,1.368848171515425,2019-05-14 07:00:00,2021-05-14 07:00:00,2021-05-14 07:00:00,731,1,,,not_applicable
2021-05-15 07:00:00,Decision Tree,7,1.2938161009617508,0.7762794326964266,2019-05-15 07:00:00,2021-05-15 07:00:00,2021-05-15 07:00:00,731,1,-0.42290985504429074,0.42290985504429074,"{'max_depth': None, 'min_samples_leaf': 1, 'min_samples_split': 20}"
2021-05-15 07:00:00,ARX,7,1.2938161009617508,0.9868408864387774,2019-05-15 07:00:00,2021-05-15 07:00:00,2021-05-15 07:00:00,731,1,-0.3032104293734177,0.3032104293734177,{'model__alpha': 0.01}
2021-05-15 07:00:00,Random Forest,7,1.2938161009617508,0.9367350908258785,2019-05-15 07:00:00,2021-05-15 07:00:00,2021-05-15 07:00:00,731,1,-0.28640559026943707,0.28640559026943707,"{'max_depth': 10, 'max_features': 0.5, 'min_samples_leaf': 2, 'n_estimators': 100}"
2021-05-15 07:00:00,Neural Network,7,1.2938161009617508,1.2253699411696495,2019-05-15 07:00:00,2021-05-15 07:00:00,2021-05-15 07:00:00,731,1,-0.35941423956503044,0.35941423956503044,"{'regressor__model__alpha': 0.0001, 'regressor__model__hidden_layer_sizes': (64, 32), 'regressor__model__learning_rate_init': 0.0001}"
2021-05-15 07:00:00,Naive,7,1.2938161009617508,1.8215555955782738,2019-05-15 07:00:00,2021-05-15 07:00:00,2021-05-15 07:00:00,731,1,,,not_applicable
2021-05-16 07:00:00,Decision Tree,7,-0.6867962204171383,-0.4968013067952172,2019-05-16 07:00:00,2021-05-16 07:00:00,2021-05-16 07:00:00,731,1,-0.42290985504429074,0.42290985504429074,"{'max_depth': None, 'min_samples_leaf': 1, 'min_samples_split': 20}"
2021-05-16 07:00:00,ARX,7,-0.6867962204171383,0.2645579055689618,2019-05-16 07:00:00,2021-05-16 07:00:00,2021-05-16 07:00:00,731,1,-0.3032104293734177,0.3032104293734177,{'model__alpha': 0.01}
2021-05-16 07:00:00,Random Forest,7,-0.6867962204171383,0.014152761681153187,2019-05-16 07:00:00,2021-05-16 07:00:00,2021-05-16 07:00:00,731,1,-0.28640559026943707,0.28640559026943707,"{'max_depth': 10, 'max_features': 0.5, 'min_samples_leaf': 2, 'n_estimators': 100}"
2021-05-16 07:00:00,Neural Network,7,-0.6867962204171383,0.6567254460777352,2019-05-16 07:00:00,2021-05-16 07:00:00,2021-05-16 07:00:00,731,1,-0.35941423956503044,0.35941423956503044,"{'regressor__model__alpha': 0.0001, 'regressor__model__hidden_layer_sizes': (64, 32), 'regressor__model__learning_rate_init': 0.0001}"
2021-05-16 07:00:00,Naive,7,-0.6867962204171383,1.2938161009617508,2019-05-16 07:00:00,2021-05-16 07:00:00,2021-05-16 07:00:00,731,1,,,not_applicable
2021-05-17 07:00:00,Decision Tree,7,2.0888968954469593,2.090046621296915,2019-05-17 07:00:00,2021-05-17 07:00:00,2021-05-17 07:00:00,731,1,-0.42290985504429074,0.42290985504429074,"{'max_depth': None, 'min_samples_leaf': 1, 'min_samples_split': 20}"
2021-05-17 07:00:00,ARX,7,2.0888968954469593,1.8299542106039055,2019-05-17 07:00:00,2021-05-17 07:00:00,2021-05-17 07:00:00,731,1,-0.3032104293734177,0.3032104293734177,{'model__alpha': 0.01}
2021-05-17 07:00:00,Random Forest,7,2.0888968954469593,1.753965143289862,2019-05-17 07:00:00,2021-05-17 07:00:00,2021-05-17 07:00:00,731,1,-0.28640559026943707,0.28640559026943707,"{'max_depth': 10, 'max_features': 0.5, 'min_samples_leaf': 2, 'n_estimators': 100}"
2021-05-17 07:00:00,Neural Network,7,2.0888968954469593,1.8943295454211362,2019-05-17 07:00:00,2021-05-17 07:00:00,2021-05-17 07:00:00,731,1,-0.35941423956503044,0.35941423956503044,"{'regressor__model__alpha': 0.0001, 'regressor__model__hidden_layer_sizes': (64, 32), 'regressor__model__learning_rate_init': 0.0001}"
2021-05-17 07:00:00,Naive,7,2.0888968954469593,-0.6867962204171383,2019-05-17 07:00:00,2021-05-17 07:00:00,2021-05-17 07:00:00,731,1,,,not_applicable
2021-05-18 07:00:00,Decision Tree,7,1.9726854743693143,2.0899508108094182,2019-05-18 07:00:00,2021-05-18 07:00:00,2021-05-18 07:00:00,731,1,-0.42290985504429074,0.42290985504429074,"{'max_depth': None, 'min_samples_leaf': 1, 'min_samples_split': 20}"
2021-05-18 07:00:00,ARX,7,1.9726854743693143,1.9494472671884602,2019-05-18 07:00:00,2021-05-18 07:00:00,2021-05-18 07:00:00,731,1,-0.3032104293734177,0.3032104293734177,{'model__alpha': 0.01}
2021-05-18 07:00:00,Random Forest,7,1.9726854743693143,1.9650712816257863,2019-05-18 07:00:00,2021-05-18 07:00:00,2021-05-18 07:00:00,731,1,-0.28640559026943707,0.28640559026943707,"{'max_depth': 10, 'max_features': 0.5, 'min_samples_leaf': 2, 'n_estimators': 100}"
2021-05-18 07:00:00,Neural Network,7,1.9726854743693143,1.9707114271009831,2019-05-18 07:00:00,2021-05-18 07:00:00,2021-05-18 07:00:00,731,1,-0.35941423956503044,0.35941423956503044,"{'regressor__model__alpha': 0.0001, 'regressor__model__hidden_layer_sizes': (64, 32), 'regressor__model__learning_rate_init': 0.0001}"
2021-05-18 07:00:00,Naive,7,1.9726854743693143,2.0888968954469593,2019-05-18 07:00:00,2021-05-18 07:00:00,2021-05-18 07:00:00,731,1,,,not_applicable
2021-05-19 07:00:00,Decision Tree,7,2.1733156460908254,2.080930400314026,2019-05-19 07:00:00,2021-05-19 07:00:00,2021-05-19 07:00:00,731,1,-0.42290985504429074,0.42290985504429074,"{'max_depth': None, 'min_samples_leaf': 1, 'min_samples_split': 20}"
2021-05-19 07:00:00,ARX,7,2.1733156460908254,1.9645934754618268,2019-05-19 07:00:00,2021-05-19 07:00:00,2021-05-19 07:00:00,731,1,-0.3032104293734177,0.3032104293734177,{'model__alpha': 0.01}
2021-05-19 07:00:00,Random Forest,7,2.1733156460908254,2.0158879917036643,2019-05-19 07:00:00,2021-05-19 07:00:00,2021-05-19 07:00:00,731,1,-0.28640559026943707,0.28640559026943707,"{'max_depth': 10, 'max_features': 0.5, 'min_samples_leaf': 2, 'n_estimators': 100}"
2021-05-19 07:00:00,Neural Network,7,2.1733156460908254,1.8160998662954324,2019-05-19 07:00:00,2021-05-19 07:00:00,2021-05-19 07:00:00,731,1,-0.35941423956503044,0.35941423956503044,"{'regressor__model__alpha': 0.0001, 'regressor__model__hidden_layer_sizes': (64, 32), 'regressor__model__learning_rate_init': 0.0001}"
2021-05-19 07:00:00,Naive,7,2.1733156460908254,1.9726854743693143,2019-05-19 07:00:00,2021-05-19 07:00:00,2021-05-19 07:00:00,731,1,,,not_applicable
2021-05-20 07:00:00,Decision Tree,7,2.008178242722834,2.0875293464409403,2019-05-20 07:00:00,2021-05-20 07:00:00,2021-05-20 07:00:00,731,1,-0.42290985504429074,0.42290985504429074,"{'max_depth': None, 'min_samples_leaf': 1, 'min_samples_split': 20}"
2021-05-20 07:00:00,ARX,7,2.008178242722834,1.9671347852224503,2019-05-20 07:00:00,2021-05-20 07:00:00,2021-05-20 07:00:00,731,1,-0.3032104293734177,0.3032104293734177,{'model__alpha': 0.01}
2021-05-20 07:00:00,Random Forest,7,2.008178242722834,1.982312073600245,2019-05-20 07:00:00,2021-05-20 07:00:00,2021-05-20 07:00:00,731,1,-0.28640559026943707,0.28640559026943707,"{'max_depth': 10, 'max_features': 0.5, 'min_samples_leaf': 2, 'n_estimators': 100}"
2021-05-20 07:00:00,Neural Network,7,2.008178242722834,2.192558431559486,2019-05-20 07:00:00,2021-05-20 07:00:00,2021-05-20 07:00:00,731,1,-0.35941423956503044,0.35941423956503044,"{'regressor__model__alpha': 0.0001, 'regressor__model__hidden_layer_sizes': (64, 32), 'regressor__model__learning_rate_init': 0.0001}"
2021-05-20 07:00:00,Naive,7,2.008178242722834,2.1733156460908254,2019-05-20 07:00:00,2021-05-20 07:00:00,2021-05-20 07:00:00,731,1,,,not_applicable
2021-05-21 07:00:00,Decision Tree,7,1.4188346201989184,0.803518204710391,2019-05-21 07:00:00,2021-05-21 07:00:00,2021-05-21 07:00:00,731,1,-0.42290985504429074,0.42290985504429074,"{'max_depth': None, 'min_samples_leaf': 1, 'min_samples_split': 20}"
2021-05-21 07:00:00,ARX,7,1.4188346201989184,1.218375629372779,2019-05-21 07:00:00,2021-05-21 07:00:00,2021-05-21 07:00:00,731,1,-0.3032104293734177,0.3032104293734177,{'model__alpha': 0.01}
2021-05-21 07:00:00,Random Forest,7,1.4188346201989184,1.5615202568319,2019-05-21 07:00:00,2021-05-21 07:00:00,2021-05-21 07:00:00,731,1,-0.28640559026943707,0.28640559026943707,"{'max_depth': 10, 'max_features': 0.5, 'min_samples_leaf': 2, 'n_estimators': 100}"
2021-05-21 07:00:00,Neural Network,7,1.4188346201989184,1.5912247549559897,2019-05-21 07:00:00,2021-05-21 07:00:00,2021-05-21 07:00:00,731,1,-0.35941423956503044,0.35941423956503044,"{'regressor__model__alpha': 0.0001, 'regressor__model__hidden_layer_sizes': (64, 32), 'regressor__model__learning_rate_init': 0.0001}"
2021-05-21 07:00:00,Naive,7,1.4188346201989184,2.008178242722834,2019-05-21 07:00:00,2021-05-21 07:00:00,2021-05-21 07:00:00,731,1,,,not_applicable
2021-05-22 07:00:00,Decision Tree,7,-1.6255361208071455,-1.1296246288722727,2019-05-22 07:00:00,2021-05-22 07:00:00,2021-05-22 07:00:00,731,1,-0.42290985504429074,0.42290985504429074,"{'max_depth': None, 'min_samples_leaf': 1, 'min_samples_split': 20}"
2021-05-22 07:00:00,ARX,7,-1.6255361208071455,0.12185214312583767,2019-05-22 07:00:00,2021-05-22 07:00:00,2021-05-22 07:00:00,731,1,-0.3032104293734177,0.3032104293734177,{'model__alpha': 0.01}
2021-05-22 07:00:00,Random Forest,7,-1.6255361208071455,-0.005637034129915015,2019-05-22 07:00:00,2021-05-22 07:00:00,2021-05-22 07:00:00,731,1,-0.28640559026943707,0.28640559026943707,"{'max_depth': 10, 'max_features': 0.5, 'min_samples_leaf': 2, 'n_estimators': 100}"
2021-05-22 07:00:00,Neural Network,7,-1.6255361208071455,-0.4103723949203848,2019-05-22 07:00:00,2021-05-22 07:00:00,2021-05-22 07:00:00,731,1,-0.35941423956503044,0.35941423956503044,"{'regressor__model__alpha': 0.0001, 'regressor__model__hidden_layer_sizes': (64, 32), 'regressor__model__learning_rate_init': 0.0001}"
2021-05-22 07:00:00,Naive,7,-1.6255361208071455,1.4188346201989184,2019-05-22 07:00:00,2021-05-22 07:00:00,2021-05-22 07:00:00,731,1,,,not_applicable
2021-05-23 07:00:00,Decision Tree,7,-1.1525822280170572,-1.5268931491773792,2019-05-23 07:00:00,2021-05-23 07:00:00,2021-05-23 07:00:00,731,1,-0.42290985504429074,0.42290985504429074,"{'max_depth': None, 'min_samples_leaf': 1, 'min_samples_split': 20}"
2021-05-23 07:00:00,ARX,7,-1.1525822280170572,-0.6509868746874092,2019-05-23 07:00:00,2021-05-23 07:00:00,2021-05-23 07:00:00,731,1,-0.3032104293734177,0.3032104293734177,{'model__alpha': 0.01}
2021-05-23 07:00:00,Random Forest,7,-1.1525822280170572,-0.6696993581729579,2019-05-23 07:00:00,2021-05-23 07:00:00,2021-05-23 07:00:00,731,1,-0.28640559026943707,0.28640559026943707,"{'max_depth': 10, 'max_features': 0.5, 'min_samples_leaf': 2, 'n_estimators': 100}"
2021-05-23 07:00:00,Neural Network,7,-1.1525822280170572,-0.016828734479172047,2019-05-23 07:00:00,2021-05-23 07:00:00,2021-05-23 07:00:00,731,1,-0.35941423956503044,0.35941423956503044,"{'regressor__model__alpha': 0.0001, 'regressor__model__hidden_layer_sizes': (64, 32), 'regressor__model__learning_rate_init': 0.0001}"
2021-05-23 07:00:00,Naive,7,-1.1525822280170572,-1.6255361208071455,2019-05-23 07:00:00,2021-05-23 07:00:00,2021-05-23 07:00:00,731,1,,,not_applicable
2021-05-24 07:00:00,Decision Tree,7,-0.5820366578126595,0.7845556814958714,2019-05-24 07:00:00,2021-05-24 07:00:00,2021-05-24 07:00:00,731,1,-0.42290985504429074,0.42290985504429074,"{'max_depth': None, 'min_samples_leaf': 1, 'min_samples_split': 20}"
2021-05-24 07:00:00,ARX,7,-0.5820366578126595,0.17832007651681317,2019-05-24 07:00:00,2021-05-24 07:00:00,2021-05-24 07:00:00,731,1,-0.3032104293734177,0.3032104293734177,{'model__alpha': 0.01}
2021-05-24 07:00:00,Random Forest,7,-0.5820366578126595,0.7999619178465943,2019-05-24 07:00:00,2021-05-24 07:00:00,2021-05-24 07:00:00,731,1,-0.28640559026943707,0.28640559026943707,"{'max_depth': 10, 'max_features': 0.5, 'min_samples_leaf': 2, 'n_estimators': 100}"
2021-05-24 07:00:00,Neural Network,7,-0.5820366578126595,1.2685901515235614,2019-05-24 07:00:00,2021-05-24 07:00:00,2021-05-24 07:00:00,731,1,-0.35941423956503044,0.35941423956503044,"{'regressor__model__alpha': 0.0001, 'regressor__model__hidden_layer_sizes': (64, 32), 'regressor__model__learning_rate_init': 0.0001}"
2021-05-24 07:00:00,Naive,7,-0.5820366578126595,-1.1525822280170572,2019-05-24 07:00:00,2021-05-24 07:00:00,2021-05-24 07:00:00,731,1,,,not_applicable
2021-05-25 07:00:00,Decision Tree,7,1.840468533708503,1.2709481485517913,2019-05-25 07:00:00,2021-05-25 07:00:00,2021-05-25 07:00:00,731,1,-0.42290985504429074,0.42290985504429074,"{'max_depth': None, 'min_samples_leaf': 1, 'min_samples_split': 20}"
2021-05-25 07:00:00,ARX,7,1.840468533708503,1.276646347421721,2019-05-25 07:00:00,2021-05-25 07:00:00,2021-05-25 07:00:00,731,1,-0.3032104293734177,0.3032104293734177,{'model__alpha': 0.01}
2021-05-25 07:00:00,Random Forest,7,1.840468533708503,1.4826659779602713,2019-05-25 07:00:00,2021-05-25 07:00:00,2021-05-25 07:00:00,731,1,-0.28640559026943707,0.28640559026943707,"{'max_depth': 10, 'max_features': 0.5, 'min_samples_leaf': 2, 'n_estimators': 100}"
2021-05-25 07:00:00,Neural Network,7,1.840468533708503,1.9610155606341302,2019-05-25 07:00:00,2021-05-25 07:00:00,2021-05-25 07:00:00,731,1,-0.35941423956503044,0.35941423956503044,"{'regressor__model__alpha': 0.0001, 'regressor__model__hidden_layer_sizes': (64, 32), 'regressor__model__learning_rate_init': 0.0001}"
2021-05-25 07:00:00,Naive,7,1.840468533708503,-0.5820366578126595,2019-05-25 07:00:00,2021-05-25 07:00:00,2021-05-25 07:00:00,731,1,,,not_applicable
2021-05-26 07:00:00,Decision Tree,7,1.8903745292971603,1.8836682308269925,2019-05-26 07:00:00,2021-05-26 07:00:00,2021-05-26 07:00:00,731,1,-0.42290985504429074,0.42290985504429074,"{'max_depth': None, 'min_samples_leaf': 1, 'min_samples_split': 20}"
2021-05-26 07:00:00,ARX,7,1.8903745292971603,1.635109772618868,2019-05-26 07:00:00,2021-05-26 07:00:00,2021-05-26 07:00:00,731,1,-0.3032104293734177,0.3032104293734177,{'model__alpha': 0.01}
2021-05-26 07:00:00,Random Forest,7,1.8903745292971603,1.7605103714495738,2019-05-26 07:00:00,2021-05-26 07:00:00,2021-05-26 07:00:00,731,1,-0.28640559026943707,0.28640559026943707,"{'max_depth': 10, 'max_features': 0.5, 'min_samples_leaf': 2, 'n_estimators': 100}"
2021-05-26 07:00:00,Neural Network,7,1.8903745292971603,0.8273929083915257,2019-05-26 07:00:00,2021-05-26 07:00:00,2021-05-26 07:00:00,731,1,-0.35941423956503044,0.35941423956503044,"{'regressor__model__alpha': 0.0001, 'regressor__model__hidden_layer_sizes': (64, 32), 'regressor__model__learning_rate_init': 0.0001}"
2021-05-26 07:00:00,Naive,7,1.8903745292971603,1.840468533708503,2019-05-26 07:00:00,2021-05-26 07:00:00,2021-05-26 07:00:00,731,1,,,not_applicable
2021-05-27 07:00:00,Decision Tree,7,1.8861117516824142,1.6058011412096649,2019-05-27 07:00:00,2021-05-27 07:00:00,2021-05-27 07:00:00,731,1,-0.42290985504429074,0.42290985504429074,"{'max_depth': None, 'min_samples_leaf': 1, 'min_samples_split': 20}"
2021-05-27 07:00:00,ARX,7,1.8861117516824142,1.507469489732363,2019-05-27 07:00:00,2021-05-27 07:00:00,2021-05-27 07:00:00,731,1,-0.3032104293734177,0.3032104293734177,{'model__alpha': 0.01}
2021-05-27 07:00:00,Random Forest,7,1.8861117516824142,1.7043041800984517,2019-05-27 07:00:00,2021-05-27 07:00:00,2021-05-27 07:00:00,731,1,-0.28640559026943707,0.28640559026943707,"{'max_depth': 10, 'max_features': 0.5, 'min_samples_leaf': 2, 'n_estimators': 100}"
2021-05-27 07:00:00,Neural Network,7,1.8861117516824142,1.8084578833260425,2019-05-27 07:00:00,2021-05-27 07:00:00,2021-05-27 07:00:00,731,1,-0.35941423956503044,0.35941423956503044,"{'regressor__model__alpha': 0.0001, 'regressor__model__hidden_layer_sizes': (64, 32), 'regressor__model__learning_rate_init': 0.0001}"
2021-05-27 07:00:00,Naive,7,1.8861117516824142,1.8903745292971603,2019-05-27 07:00:00,2021-05-27 07:00:00,2021-05-27 07:00:00,731,1,,,not_applicable
2021-05-28 07:00:00,Decision Tree,7,2.0396387061623753,1.363250680511522,2019-05-28 07:00:00,2021-05-28 07:00:00,2021-05-28 07:00:00,731,1,-0.42290985504429074,0.42290985504429074,"{'max_depth': None, 'min_samples_leaf': 1, 'min_samples_split': 20}"
2021-05-28 07:00:00,ARX,7,2.0396387061623753,1.9192221988555407,2019-05-28 07:00:00,2021-05-28 07:00:00,2021-05-28 07:00:00,731,1,-0.3032104293734177,0.3032104293734177,{'model__alpha': 0.01}
2021-05-28 07:00:00,Random Forest,7,2.0396387061623753,1.793115795018443,2019-05-28 07:00:00,2021-05-28 07:00:00,2021-05-28 07:00:00,731,1,-0.28640559026943707,0.28640559026943707,"{'max_depth': 10, 'max_features': 0.5, 'min_samples_leaf': 2, 'n_estimators': 100}"
2021-05-28 07:00:00,Neural Network,7,2.0396387061623753,2.079011311914171,2019-05-28 07:00:00,2021-05-28 07:00:00,2021-05-28 07:00:00,731,1,-0.35941423956503044,0.35941423956503044,"{'regressor__model__alpha': 0.0001, 'regressor__model__hidden_layer_sizes': (64, 32), 'regressor__model__learning_rate_init': 0.0001}"
2021-05-28 07:00:00,Naive,7,2.0396387061623753,1.8861117516824142,2019-05-28 07:00:00,2021-05-28 07:00:00,2021-05-28 07:00:00,731,1,,,not_applicable
2021-05-29 07:00:00,Decision Tree,7,1.4007474092847867,0.15970090528704992,2019-05-29 07:00:00,2021-05-29 07:00:00,2021-05-29 07:00:00,731,1,-0.42290985504429074,0.42290985504429074,"{'max_depth': None, 'min_samples_leaf': 1, 'min_samples_split': 20}"
2021-05-29 07:00:00,ARX,7,1.4007474092847867,0.7321963319654097,2019-05-29 07:00:00,2021-05-29 07:00:00,2021-05-29 07:00:00,731,1,-0.3032104293734177,0.3032104293734177,{'model__alpha': 0.01}
2021-05-29 07:00:00,Random Forest,7,1.4007474092847867,0.40982419326532155,2019-05-29 07:00:00,2021-05-29 07:00:00,2021-05-29 07:00:00,731,1,-0.28640559026943707,0.28640559026943707,"{'max_depth': 10, 'max_features': 0.5, 'min_samples_leaf': 2, 'n_estimators': 100}"
2021-05-29 07:00:00,Neural Network,7,1.4007474092847867,1.918535970107251,2019-05-29 07:00:00,2021-05-29 07:00:00,2021-05-29 07:00:00,731,1,-0.35941423956503044,0.35941423956503044,"{'regressor__model__alpha': 0.0001, 'regressor__model__hidden_layer_sizes': (64, 32), 'regressor__model__learning_rate_init': 0.0001}"
2021-05-29 07:00:00,Naive,7,1.4007474092847867,2.0396387061623753,2019-05-29 07:00:00,2021-05-29 07:00:00,2021-05-29 07:00:00,731,1,,,not_applicable
2021-05-30 07:00:00,Decision Tree,7,0.5512975209946775,1.060433014117558,2019-05-30 07:00:00,2021-05-30 07:00:00,2021-05-30 07:00:00,731,1,-0.42290985504429074,0.42290985504429074,"{'max_depth': None, 'min_samples_leaf': 1, 'min_samples_split': 20}"
2021-05-30 07:00:00,ARX,7,0.5512975209946775,0.2813272491481063,2019-05-30 07:00:00,2021-05-30 07:00:00,2021-05-30 07:00:00,731,1,-0.3032104293734177,0.3032104293734177,{'model__alpha': 0.01}
2021-05-30 07:00:00,Random Forest,7,0.5512975209946775,0.27661473344553245,2019-05-30 07:00:00,2021-05-30 07:00:00,2021-05-30 07:00:00,731,1,-0.28640559026943707,0.28640559026943707,"{'max_depth': 10, 'max_features': 0.5, 'min_samples_leaf': 2, 'n_estimators': 100}"
2021-05-30 07:00:00,Neural Network,7,0.5512975209946775,0.2965779852705885,2019-05-30 07:00:00,2021-05-30 07:00:00,2021-05-30 07:00:00,731,1,-0.35941423956503044,0.35941423956503044,"{'regressor__model__alpha': 0.0001, 'regressor__model__hidden_layer_sizes': (64, 32), 'regressor__model__learning_rate_init': 0.0001}"
2021-05-30 07:00:00,Naive,7,0.5512975209946775,1.4007474092847867,2019-05-30 07:00:00,2021-05-30 07:00:00,2021-05-30 07:00:00,731,1,,,not_applicable
2021-05-31 07:00:00,Decision Tree,7,1.9064793691986708,1.3147574089484615,2019-05-31 07:00:00,2021-05-31 07:00:00,2021-05-31 07:00:00,731,1,-0.42290985504429074,0.42290985504429074,"{'max_depth': None, 'min_samples_leaf': 1, 'min_samples_split': 20}"
2021-05-31 07:00:00,ARX,7,1.9064793691986708,1.4433379649264415,2019-05-31 07:00:00,2021-05-31 07:00:00,2021-05-31 07:00:00,731,1,-0.3032104293734177,0.3032104293734177,{'model__alpha': 0.01}
2021-05-31 07:00:00,Random Forest,7,1.9064793691986708,1.2260993136852556,2019-05-31 07:00:00,2021-05-31 07:00:00,2021-05-31 07:00:00,731,1,-0.28640559026943707,0.28640559026943707,"{'max_depth': 10, 'max_features': 0.5, 'min_samples_leaf': 2, 'n_estimators': 100}"
2021-05-31 07:00:00,Neural Network,7,1.9064793691986708,1.1924406046199778,2019-05-31 07:00:00,2021-05-31 07:00:00,2021-05-31 07:00:00,731,1,-0.35941423956503044,0.35941423956503044,"{'regressor__model__alpha': 0.0001, 'regressor__model__hidden_layer_sizes': (64, 32), 'regressor__model__learning_rate_init': 0.0001}"
2021-05-31 07:00:00,Naive,7,1.9064793691986708,0.5512975209946775,2019-05-31 07:00:00,2021-05-31 07:00:00,2021-05-31 07:00:00,731,1,,,not_applicable
2021-06-01 07:00:00,Decision Tree,7,1.8988607603989511,1.9268064096822601,2019-06-01 07:00:00,2021-06-01 07:00:00,2021-06-01 07:00:00,731,1,-0.42290985504429074,0.42290985504429074,"{'max_depth': None, 'min_samples_leaf': 1, 'min_samples_split': 20}"
2021-06-01 07:00:00,ARX,7,1.8988607603989511,1.7054009085774315,2019-06-01 07:00:00,2021-06-01 07:00:00,2021-06-01 07:00:00,731,1,-0.3032104293734177,0.3032104293734177,{'model__alpha': 0.01}
2021-06-01 07:00:00,Random Forest,7,1.8988607603989511,1.9264753214664874,2019-06-01 07:00:00,2021-06-01 07:00:00,2021-06-01 07:00:00,731,1,-0.28640559026943707,0.28640559026943707,"{'max_depth': 10, 'max_features': 0.5, 'min_samples_leaf': 2, 'n_estimators': 100}"
2021-06-01 07:00:00,Neural Network,7,1.8988607603989511,2.0130449456358366,2019-06-01 07:00:00,2021-06-01 07:00:00,2021-06-01 07:00:00,731,1,-0.35941423956503044,0.35941423956503044,"{'regressor__model__alpha': 0.0001, 'regressor__model__hidden_layer_sizes': (64, 32), 'regressor__model__learning_rate_init': 0.0001}"
2021-06-01 07:00:00,Naive,7,1.8988607603989511,1.9064793691986708,2019-06-01 07:00:00,2021-06-01 07:00:00,2021-06-01 07:00:00,731,1,,,not_applicable
2021-06-02 07:00:00,Decision Tree,7,1.8104242358557674,1.854296159471037,2019-06-02 07:00:00,2021-06-02 07:00:00,2021-06-02 07:00:00,731,1,-0.42290985504429074,0.42290985504429074,"{'max_depth': None, 'min_samples_leaf': 1, 'min_samples_split': 20}"
2021-06-02 07:00:00,ARX,7,1.8104242358557674,1.5863067173336722,2019-06-02 07:00:00,2021-06-02 07:00:00,2021-06-02 07:00:00,731,1,-0.3032104293734177,0.3032104293734177,{'model__alpha': 0.01}
2021-06-02 07:00:00,Random Forest,7,1.8104242358557674,1.8654834057574559,2019-06-02 07:00:00,2021-06-02 07:00:00,2021-06-02 07:00:00,731,1,-0.28640559026943707,0.28640559026943707,"{'max_depth': 10, 'max_features': 0.5, 'min_samples_leaf': 2, 'n_estimators': 100}"
2021-06-02 07:00:00,Neural Network,7,1.8104242358557674,1.9311691450874529,2019-06-02 07:00:00,2021-06-02 07:00:00,2021-06-02 07:00:00,731,1,-0.35941423956503044,0.35941423956503044,"{'regressor__model__alpha': 0.0001, 'regressor__model__hidden_layer_sizes': (64, 32), 'regressor__model__learning_rate_init': 0.0001}"
2021-06-02 07:00:00,Naive,7,1.8104242358557674,1.8988607603989511,2019-06-02 07:00:00,2021-06-02 07:00:00,2021-06-02 07:00:00,731,1,,,not_applicable
2021-06-03 07:00:00,Decision Tree,7,1.3046320466678587,1.2183350060938156,2019-06-03 07:00:00,2021-06-03 07:00:00,2021-06-03 07:00:00,731,1,-0.42290985504429074,0.42290985504429074,"{'max_depth': None, 'min_samples_leaf': 1, 'min_samples_split': 20}"
2021-06-03 07:00:00,ARX,7,1.3046320466678587,1.1004724161082855,2019-06-03 07:00:00,2021-06-03 07:00:00,2021-06-03 07:00:00,731,1,-0.3032104293734177,0.3032104293734177,{'model__alpha': 0.01}
2021-06-03 07:00:00,Random Forest,7,1.3046320466678587,1.5178791970308316,2019-06-03 07:00:00,2021-06-03 07:00:00,2021-06-03 07:00:00,731,1,-0.28640559026943707,0.28640559026943707,"{'max_depth': 10, 'max_features': 0.5, 'min_samples_leaf': 2, 'n_estimators': 100}"
2021-06-03 07:00:00,Neural Network,7,1.3046320466678587,1.7372704640875913,2019-06-03 07:00:00,2021-06-03 07:00:00,2021-06-03 07:00:00,731,1,-0.35941423956503044,0.35941423956503044,"{'regressor__model__alpha': 0.0001, 'regressor__model__hidden_layer_sizes': (64, 32), 'regressor__model__learning_rate_init': 0.0001}"
2021-06-03 07:00:00,Naive,7,1.3046320466678587,1.8104242358557674,2019-06-03 07:00:00,2021-06-03 07:00:00,2021-06-03 07:00:00,731,1,,,not_applicable
2021-06-04 07:00:00,Decision Tree,7,1.8310532081485429,1.9389099312999665,2019-06-04 07:00:00,2021-06-04 07:00:00,2021-06-04 07:00:00,731,1,-0.42290985504429074,0.42290985504429074,"{'max_depth': None, 'min_samples_leaf': 1, 'min_samples_split': 20}"
2021-06-04 07:00:00,ARX,7,1.8310532081485429,1.714982545238799,2019-06-04 07:00:00,2021-06-04 07:00:00,2021-06-04 07:00:00,731,1,-0.3032104293734177,0.3032104293734177,{'model__alpha': 0.01}
2021-06-04 07:00:00,Random Forest,7,1.8310532081485429,1.7400258010705791,2019-06-04 07:00:00,2021-06-04 07:00:00,2021-06-04 07:00:00,731,1,-0.28640559026943707,0.28640559026943707,"{'max_depth': 10, 'max_features': 0.5, 'min_samples_leaf': 2, 'n_estimators': 100}"
2021-06-04 07:00:00,Neural Network,7,1.8310532081485429,2.0025475097149124,2019-06-04 07:00:00,2021-06-04 07:00:00,2021-06-04 07:00:00,731,1,-0.35941423956503044,0.35941423956503044,"{'regressor__model__alpha': 0.0001, 'regressor__model__hidden_layer_sizes': (64, 32), 'regressor__model__learning_rate_init': 0.0001}"
2021-06-04 07:00:00,Naive,7,1.8310532081485429,1.3046320466678587,2019-06-04 07:00:00,2021-06-04 07:00:00,2021-06-04 07:00:00,731,1,,,not_applicable
2021-06-05 07:00:00,Decision Tree,7,1.1795135153366751,1.1260030022520522,2019-06-05 07:00:00,2021-06-05 07:00:00,2021-06-05 07:00:00,731,1,-0.42290985504429074,0.42290985504429074,"{'max_depth': None, 'min_samples_leaf': 1, 'min_samples_split': 20}"
2021-06-05 07:00:00,ARX,7,1.1795135153366751,0.9003042983745706,2019-06-05 07:00:00,2021-06-05 07:00:00,2021-06-05 07:00:00,731,1,-0.3032104293734177,0.3032104293734177,{'model__alpha': 0.01}
2021-06-05 07:00:00,Random Forest,7,1.1795135153366751,1.1234294948473063,2019-06-05 07:00:00,2021-06-05 07:00:00,2021-06-05 07:00:00,731,1,-0.28640559026943707,0.28640559026943707,"{'max_depth': 10, 'max_features': 0.5, 'min_samples_leaf': 2, 'n_estimators': 100}"
2021-06-05 07:00:00,Neural Network,7,1.1795135153366751,1.1379169143243122,2019-06-05 07:00:00,2021-06-05 07:00:00,2021-06-05 07:00:00,731,1,-0.35941423956503044,0.35941423956503044,"{'regressor__model__alpha': 0.0001, 'regressor__model__hidden_layer_sizes': (64, 32), 'regressor__model__learning_rate_init': 0.0001}"
2021-06-05 07:00:00,Naive,7,1.1795135153366751,1.8310532081485429,2019-06-05 07:00:00,2021-06-05 07:00:00,2021-06-05 07:00:00,731,1,,,not_applicable
2021-06-06 07:00:00,Decision Tree,7,0.9178825396108153,0.44873148851250666,2019-06-06 07:00:00,2021-06-06 07:00:00,2021-06-06 07:00:00,731,1,-0.42290985504429074,0.42290985504429074,"{'max_depth': None, 'min_samples_leaf': 1, 'min_samples_split': 20}"
2021-06-06 07:00:00,ARX,7,0.9178825396108153,0.4363126619885536,2019-06-06 07:00:00,2021-06-06 07:00:00,2021-06-06 07:00:00,731,1,-0.3032104293734177,0.3032104293734177,{'model__alpha': 0.01}
2021-06-06 07:00:00,Random Forest,7,0.9178825396108153,0.4530766272784985,2019-06-06 07:00:00,2021-06-06 07:00:00,2021-06-06 07:00:00,731,1,-0.28640559026943707,0.28640559026943707,"{'max_depth': 10, 'max_features': 0.5, 'min_samples_leaf': 2, 'n_estimators': 100}"
2021-06-06 07:00:00,Neural Network,7,0.9178825396108153,0.5375532321600398,2019-06-06 07:00:00,2021-06-06 07:00:00,2021-06-06 07:00:00,731,1,-0.35941423956503044,0.35941423956503044,"{'regressor__model__alpha': 0.0001, 'regressor__model__hidden_layer_sizes': (64, 32), 'regressor__model__learning_rate_init': 0.0001}"
2021-06-06 07:00:00,Naive,7,0.9178825396108153,1.1795135153366751,2019-06-06 07:00:00,2021-06-06 07:00:00,2021-06-06 07:00:00,731,1,,,not_applicable
2021-06-07 07:00:00,Decision Tree,7,1.8797513170902669,1.8624384737306003,2019-06-07 07:00:00,2021-06-07 07:00:00,2021-06-07 07:00:00,731,1,-0.42290985504429074,0.42290985504429074,"{'max_depth': None, 'min_samples_leaf': 1, 'min_samples_split': 20}"
2021-06-07 07:00:00,ARX,7,1.8797513170902669,1.9914726494656108,2019-06-07 07:00:00,2021-06-07 07:00:00,2021-06-07 07:00:00,731,1,-0.3032104293734177,0.3032104293734177,{'model__alpha': 0.01}
2021-06-07 07:00:00,Random Forest,7,1.8797513170902669,1.826009243593177,2019-06-07 07:00:00,2021-06-07 07:00:00,2021-06-07 07:00:00,731,1,-0.28640559026943707,0.28640559026943707,"{'max_depth': 10, 'max_features': 0.5, 'min_samples_leaf': 2, 'n_estimators': 100}"
2021-06-07 07:00:00,Neural Network,7,1.8797513170902669,2.165981557488848,2019-06-07 07:00:00,2021-06-07 07:00:00,2021-06-07 07:00:00,731,1,-0.35941423956503044,0.35941423956503044,"{'regressor__model__alpha': 0.0001, 'regressor__model__hidden_layer_sizes': (64, 32), 'regressor__model__learning_rate_init': 0.0001}"
2021-06-07 07:00:00,Naive,7,1.8797513170902669,0.9178825396108153,2019-06-07 07:00:00,2021-06-07 07:00:00,2021-06-07 07:00:00,731,1,,,not_applicable
2021-06-08 07:00:00,Decision Tree,7,1.9543475591738073,2.068946385850431,2019-06-08 07:00:00,2021-06-08 07:00:00,2021-06-08 07:00:00,731,1,-0.42290985504429074,0.42290985504429074,"{'max_depth': None, 'min_samples_leaf': 1, 'min_samples_split': 20}"
2021-06-08 07:00:00,ARX,7,1.9543475591738073,2.0087765719403405,2019-06-08 07:00:00,2021-06-08 07:00:00,2021-06-08 07:00:00,731,1,-0.3032104293734177,0.3032104293734177,{'model__alpha': 0.01}
2021-06-08 07:00:00,Random Forest,7,1.9543475591738073,1.9614376602935026,2019-06-08 07:00:00,2021-06-08 07:00:00,2021-06-08 07:00:00,731,1,-0.28640559026943707,0.28640559026943707,"{'max_depth': 10, 'max_features': 0.5, 'min_samples_leaf': 2, 'n_estimators': 100}"
2021-06-08 07:00:00,Neural Network,7,1.9543475591738073,2.217923313872787,2019-06-08 07:00:00,2021-06-08 07:00:00,2021-06-08 07:00:00,731,1,-0.35941423956503044,0.35941423956503044,"{'regressor__model__alpha': 0.0001, 'regressor__model__hidden_layer_sizes': (64, 32), 'regressor__model__learning_rate_init': 0.0001}"
2021-06-08 07:00:00,Naive,7,1.9543475591738073,1.8797513170902669,2019-06-08 07:00:00,2021-06-08 07:00:00,2021-06-08 07:00:00,731,1,,,not_applicable
2021-06-09 07:00:00,Decision Tree,7,1.887638454480472,2.0625797843683964,2019-06-09 07:00:00,2021-06-09 07:00:00,2021-06-09 07:00:00,731,1,-0.42290985504429074,0.42290985504429074,"{'max_depth': None, 'min_samples_leaf': 1, 'min_samples_split': 20}"
2021-06-09 07:00:00,ARX,7,1.887638454480472,1.9076854180104958,2019-06-09 07:00:00,2021-06-09 07:00:00,2021-06-09 07:00:00,731,1,-0.3032104293734177,0.3032104293734177,{'model__alpha': 0.01}
2021-06-09 07:00:00,Random Forest,7,1.887638454480472,2.009162220102077,2019-06-09 07:00:00,2021-06-09 07:00:00,2021-06-09 07:00:00,731,1,-0.28640559026943707,0.28640559026943707,"{'max_depth': 10, 'max_features': 0.5, 'min_samples_leaf': 2, 'n_estimators': 100}"
2021-06-09 07:00:00,Neural Network,7,1.887638454480472,1.9571255004490902,2019-06-09 07:00:00,2021-06-09 07:00:00,2021-06-09 07:00:00,731,1,-0.35941423956503044,0.35941423956503044,"{'regressor__model__alpha': 0.0001, 'regressor__model__hidden_layer_sizes': (64, 32), 'regressor__model__learning_rate_init': 0.0001}"
2021-06-09 07:00:00,Naive,7,1.887638454480472,1.9543475591738073,2019-06-09 07:00:00,2021-06-09 07:00:00,2021-06-09 07:00:00,731,1,,,not_applicable
2021-06-10 07:00:00,Decision Tree,7,1.9358388033685834,2.0533723459532425,2019-06-10 07:00:00,2021-06-10 07:00:00,2021-06-10 07:00:00,731,1,-0.42290985504429074,0.42290985504429074,"{'max_depth': None, 'min_samples_leaf': 1, 'min_samples_split': 20}"
2021-06-10 07:00:00,ARX,7,1.9358388033685834,1.8347501882433708,2019-06-10 07:00:00,2021-06-10 07:00:00,2021-06-10 07:00:00,731,1,-0.3032104293734177,0.3032104293734177,{'model__alpha': 0.01}
2021-06-10 07:00:00,Random Forest,7,1.9358388033685834,1.9415130620792098,2019-06-10 07:00:00,2021-06-10 07:00:00,2021-06-10 07:00:00,731,1,-0.28640559026943707,0.28640559026943707,"{'max_depth': 10, 'max_features': 0.5, 'min_samples_leaf': 2, 'n_estimators': 100}"
2021-06-10 07:00:00,Neural Network,7,1.9358388033685834,1.9095710316038184,2019-06-10 07:00:00,2021-06-10 07:00:00,2021-06-10 07:00:00,731,1,-0.35941423956503044,0.35941423956503044,"{'regressor__model__alpha': 0.0001, 'regressor__model__hidden_layer_sizes': (64, 32), 'regressor__model__learning_rate_init': 0.0001}"
2021-06-10 07:00:00,Naive,7,1.9358388033685834,1.887638454480472,2019-06-10 07:00:00,2021-06-10 07:00:00,2021-06-10 07:00:00,731,1,,,not_applicable
2021-06-11 07:00:00,Decision Tree,7,2.07643520310388,1.9916130791843927,2019-06-11 07:00:00,2021-06-11 07:00:00,2021-06-11 07:00:00,731,1,-0.42290985504429074,0.42290985504429074,"{'max_depth': None, 'min_samples_leaf': 1, 'min_samples_split': 20}"
2021-06-11 07:00:00,ARX,7,2.07643520310388,1.7656449018522402,2019-06-11 07:00:00,2021-06-11 07:00:00,2021-06-11 07:00:00,731,1,-0.3032104293734177,0.3032104293734177,{'model__alpha': 0.01}
2021-06-11 07:00:00,Random Forest,7,2.07643520310388,1.9218528682053353,2019-06-11 07:00:00,2021-06-11 07:00:00,2021-06-11 07:00:00,731,1,-0.28640559026943707,0.28640559026943707,"{'max_depth': 10, 'max_features': 0.5, 'min_samples_leaf': 2, 'n_estimators': 100}"
2021-06-11 07:00:00,Neural Network,7,2.07643520310388,2.127906863246981,2019-06-11 07:00:00,2021-06-11 07:00:00,2021-06-11 07:00:00,731,1,-0.35941423956503044,0.35941423956503044,"{'regressor__model__alpha': 0.0001, 'regressor__model__hidden_layer_sizes': (64, 32), 'regressor__model__learning_rate_init': 0.0001}"
2021-06-11 07:00:00,Naive,7,2.07643520310388,1.9358388033685834,2019-06-11 07:00:00,2021-06-11 07:00:00,2021-06-11 07:00:00,731,1,,,not_applicable
2021-06-12 07:00:00,Decision Tree,7,1.345872600721933,1.042136483697203,2019-06-12 07:00:00,2021-06-12 07:00:00,2021-06-12 07:00:00,731,1,-0.42290985504429074,0.42290985504429074,"{'max_depth': None, 'min_samples_leaf': 1, 'min_samples_split': 20}"
2021-06-12 07:00:00,ARX,7,1.345872600721933,0.8208816923150861,2019-06-12 07:00:00,2021-06-12 07:00:00,2021-06-12 07:00:00,731,1,-0.3032104293734177,0.3032104293734177,{'model__alpha': 0.01}
2021-06-12 07:00:00,Random Forest,7,1.345872600721933,0.9875734235438057,2019-06-12 07:00:00,2021-06-12 07:00:00,2021-06-12 07:00:00,731,1,-0.28640559026943707,0.28640559026943707,"{'max_depth': 10, 'max_features': 0.5, 'min_samples_leaf': 2, 'n_estimators': 100}"
2021-06-12 07:00:00,Neural Network,7,1.345872600721933,1.0750722076398014,2019-06-12 07:00:00,2021-06-12 07:00:00,2021-06-12 07:00:00,731,1,-0.35941423956503044,0.35941423956503044,"{'regressor__model__alpha': 0.0001, 'regressor__model__hidden_layer_sizes': (64, 32), 'regressor__model__learning_rate_init': 0.0001}"
2021-06-12 07:00:00,Naive,7,1.345872600721933,2.07643520310388,2019-06-12 07:00:00,2021-06-12 07:00:00,2021-06-12 07:00:00,731,1,,,not_applicable
2021-06-13 07:00:00,Decision Tree,7,-1.3618103106329746,0.8778636030804234,2019-06-13 07:00:00,2021-06-13 07:00:00,2021-06-13 07:00:00,731,1,-0.42290985504429074,0.42290985504429074,"{'max_depth': None, 'min_samples_leaf': 1, 'min_samples_split': 20}"
2021-06-13 07:00:00,ARX,7,-1.3618103106329746,-0.12797446329140233,2019-06-13 07:00:00,2021-06-13 07:00:00,2021-06-13 07:00:00,731,1,-0.3032104293734177,0.3032104293734177,{'model__alpha': 0.01}
2021-06-13 07:00:00,Random Forest,7,-1.3618103106329746,-0.5526427682912142,2019-06-13 07:00:00,2021-06-13 07:00:00,2021-06-13 07:00:00,731,1,-0.28640559026943707,0.28640559026943707,"{'max_depth': 10, 'max_features': 0.5, 'min_samples_leaf': 2, 'n_estimators': 100}"
2021-06-13 07:00:00,Neural Network,7,-1.3618103106329746,-0.24222230764118863,2019-06-13 07:00:00,2021-06-13 07:00:00,2021-06-13 07:00:00,731,1,-0.35941423956503044,0.35941423956503044,"{'regressor__model__alpha': 0.0001, 'regressor__model__hidden_layer_sizes': (64, 32), 'regressor__model__learning_rate_init': 0.0001}"
2021-06-13 07:00:00,Naive,7,-1.3618103106329746,1.345872600721933,2019-06-13 07:00:00,2021-06-13 07:00:00,2021-06-13 07:00:00,731,1,,,not_applicable
2021-06-14 07:00:00,Decision Tree,7,2.045993706319384,1.6230952154034783,2019-06-14 07:00:00,2021-06-14 07:00:00,2021-06-14 07:00:00,731,1,-0.42290985504429074,0.42290985504429074,"{'max_depth': None, 'min_samples_leaf': 1, 'min_samples_split': 20}"
2021-06-14 07:00:00,ARX,7,2.045993706319384,1.6881902786282994,2019-06-14 07:00:00,2021-06-14 07:00:00,2021-06-14 07:00:00,731,1,-0.3032104293734177,0.3032104293734177,{'model__alpha': 0.01}
2021-06-14 07:00:00,Random Forest,7,2.045993706319384,1.619226044305336,2019-06-14 07:00:00,2021-06-14 07:00:00,2021-06-14 07:00:00,731,1,-0.28640559026943707,0.28640559026943707,"{'max_depth': 10, 'max_features': 0.5, 'min_samples_leaf': 2, 'n_estimators': 100}"
2021-06-14 07:00:00,Neural Network,7,2.045993706319384,1.6740422030738848,2019-06-14 07:00:00,2021-06-14 07:00:00,2021-06-14 07:00:00,731,1,-0.35941423956503044,0.35941423956503044,"{'regressor__model__alpha': 0.0001, 'regressor__model__hidden_layer_sizes': (64, 32), 'regressor__model__learning_rate_init': 0.0001}"
2021-06-14 07:00:00,Naive,7,2.045993706319384,-1.3618103106329746,2019-06-14 07:00:00,2021-06-14 07:00:00,2021-06-14 07:00:00,731,1,,,not_applicable
2021-06-15 07:00:00,Decision Tree,7,1.996643331187254,1.9828024156740838,2019-06-15 07:00:00,2021-06-15 07:00:00,2021-06-15 07:00:00,731,1,-0.42290985504429074,0.42290985504429074,"{'max_depth': None, 'min_samples_leaf': 1, 'min_samples_split': 20}"
2021-06-15 07:00:00,ARX,7,1.996643331187254,1.9597650145917405,2019-06-15 07:00:00,2021-06-15 07:00:00,2021-06-15 07:00:00,731,1,-0.3032104293734177,0.3032104293734177,{'model__alpha': 0.01}
2021-06-15 07:00:00,Random Forest,7,1.996643331187254,1.953634016666257,2019-06-15 07:00:00,2021-06-15 07:00:00,2021-06-15 07:00:00,731,1,-0.28640559026943707,0.28640559026943707,"{'max_depth': 10, 'max_features': 0.5, 'min_samples_leaf': 2, 'n_estimators': 100}"
2021-06-15 07:00:00,Neural Network,7,1.996643331187254,2.2634098207816136,2019-06-15 07:00:00,2021-06-15 07:00:00,2021-06-15 07:00:00,731,1,-0.35941423956503044,0.35941423956503044,"{'regressor__model__alpha': 0.0001, 'regressor__model__hidden_layer_sizes': (64, 32), 'regressor__model__learning_rate_init': 0.0001}"
2021-06-15 07:00:00,Naive,7,1.996643331187254,2.045993706319384,2019-06-15 07:00:00,2021-06-15 07:00:00,2021-06-15 07:00:00,731,1,,,not_applicable
2021-06-16 07:00:00,Decision Tree,7,2.0872789392553224,1.983616587174859,2019-06-16 07:00:00,2021-06-16 07:00:00,2021-06-16 07:00:00,731,1,-0.42290985504429074,0.42290985504429074,"{'max_depth': None, 'min_samples_leaf': 1, 'min_samples_split': 20}"
2021-06-16 07:00:00,ARX,7,2.0872789392553224,2.0991305236324083,2019-06-16 07:00:00,2021-06-16 07:00:00,2021-06-16 07:00:00,731,1,-0.3032104293734177,0.3032104293734177,{'model__alpha': 0.01}
2021-06-16 07:00:00,Random Forest,7,2.0872789392553224,1.989828226150421,2019-06-16 07:00:00,2021-06-16 07:00:00,2021-06-16 07:00:00,731,1,-0.28640559026943707,0.28640559026943707,"{'max_depth': 10, 'max_features': 0.5, 'min_samples_leaf': 2, 'n_estimators': 100}"
2021-06-16 07:00:00,Neural Network,7,2.0872789392553224,2.045675174469078,2019-06-16 07:00:00,2021-06-16 07:00:00,2021-06-16 07:00:00,731,1,-0.35941423956503044,0.35941423956503044,"{'regressor__model__alpha': 0.0001, 'regressor__model__hidden_layer_sizes': (64, 32), 'regressor__model__learning_rate_init': 0.0001}"
2021-06-16 07:00:00,Naive,7,2.0872789392553224,1.996643331187254,2019-06-16 07:00:00,2021-06-16 07:00:00,2021-06-16 07:00:00,731,1,,,not_applicable
2021-06-17 07:00:00,Decision Tree,7,1.999145736184609,1.9893756067348844,2019-06-17 07:00:00,2021-06-17 07:00:00,2021-06-17 07:00:00,731,1,-0.42290985504429074,0.42290985504429074,"{'max_depth': None, 'min_samples_leaf': 1, 'min_samples_split': 20}"
2021-06-17 07:00:00,ARX,7,1.999145736184609,1.855089526679851,2019-06-17 07:00:00,2021-06-17 07:00:00,2021-06-17 07:00:00,731,1,-0.3032104293734177,0.3032104293734177,{'model__alpha': 0.01}
2021-06-17 07:00:00,Random Forest,7,1.999145736184609,2.0327508152479234,2019-06-17 07:00:00,2021-06-17 07:00:00,2021-06-17 07:00:00,731,1,-0.28640559026943707,0.28640559026943707,"{'max_depth': 10, 'max_features': 0.5, 'min_samples_leaf': 2, 'n_estimators': 100}"
2021-06-17 07:00:00,Neural Network,7,1.999145736184609,1.8938741630096025,2019-06-17 07:00:00,2021-06-17 07:00:00,2021-06-17 07:00:00,731,1,-0.35941423956503044,0.35941423956503044,"{'regressor__model__alpha': 0.0001, 'regressor__model__hidden_layer_sizes': (64, 32), 'regressor__model__learning_rate_init': 0.0001}"
2021-06-17 07:00:00,Naive,7,1.999145736184609,2.0872789392553224,2019-06-17 07:00:00,2021-06-17 07:00:00,2021-06-17 07:00:00,731,1,,,not_applicable
2021-06-18 07:00:00,Decision Tree,7,2.0438642213697427,1.9898898240743437,2019-06-18 07:00:00,2021-06-18 07:00:00,2021-06-18 07:00:00,731,1,-0.42290985504429074,0.42290985504429074,"{'max_depth': None, 'min_samples_leaf': 1, 'min_samples_split': 20}"
2021-06-18 07:00:00,ARX,7,2.0438642213697427,2.008779265665141,2019-06-18 07:00:00,2021-06-18 07:00:00,2021-06-18 07:00:00,731,1,-0.3032104293734177,0.3032104293734177,{'model__alpha': 0.01}
2021-06-18 07:00:00,Random Forest,7,2.0438642213697427,1.9491704431912211,2019-06-18 07:00:00,2021-06-18 07:00:00,2021-06-18 07:00:00,731,1,-0.28640559026943707,0.28640559026943707,"{'max_depth': 10, 'max_features': 0.5, 'min_samples_leaf': 2, 'n_estimators': 100}"
2021-06-18 07:00:00,Neural Network,7,2.0438642213697427,2.2316704988750207,2019-06-18 07:00:00,2021-06-18 07:00:00,2021-06-18 07:00:00,731,1,-0.35941423956503044,0.35941423956503044,"{'regressor__model__alpha': 0.0001, 'regressor__model__hidden_layer_sizes': (64, 32), 'regressor__model__learning_rate_init': 0.0001}"
2021-06-18 07:00:00,Naive,7,2.0438642213697427,1.999145736184609,2019-06-18 07:00:00,2021-06-18 07:00:00,2021-06-18 07:00:00,731,1,,,not_applicable
2021-06-19 07:00:00,Decision Tree,7,1.571804241101615,1.1290706086964812,2019-06-19 07:00:00,2021-06-19 07:00:00,2021-06-19 07:00:00,731,1,-0.42290985504429074,0.42290985504429074,"{'max_depth': None, 'min_samples_leaf': 1, 'min_samples_split': 20}"
2021-06-19 07:00:00,ARX,7,1.571804241101615,0.8328980515360764,2019-06-19 07:00:00,2021-06-19 07:00:00,2021-06-19 07:00:00,731,1,-0.3032104293734177,0.3032104293734177,{'model__alpha': 0.01}
2021-06-19 07:00:00,Random Forest,7,1.571804241101615,1.103143101941229,2019-06-19 07:00:00,2021-06-19 07:00:00,2021-06-19 07:00:00,731,1,-0.28640559026943707,0.28640559026943707,"{'max_depth': 10, 'max_features': 0.5, 'min_samples_leaf': 2, 'n_estimators': 100}"
2021-06-19 07:00:00,Neural Network,7,1.571804241101615,0.7977224296935991,2019-06-19 07:00:00,2021-06-19 07:00:00,2021-06-19 07:00:00,731,1,-0.35941423956503044,0.35941423956503044,"{'regressor__model__alpha': 0.0001, 'regressor__model__hidden_layer_sizes': (64, 32), 'regressor__model__learning_rate_init': 0.0001}"
2021-06-19 07:00:00,Naive,7,1.571804241101615,2.0438642213697427,2019-06-19 07:00:00,2021-06-19 07:00:00,2021-06-19 07:00:00,731,1,,,not_applicable
2021-06-20 07:00:00,Decision Tree,7,0.8774889081839471,0.8778636030804234,2019-06-20 07:00:00,2021-06-20 07:00:00,2021-06-20 07:00:00,731,1,-0.42290985504429074,0.42290985504429074,"{'max_depth': None, 'min_samples_leaf': 1, 'min_samples_split': 20}"
2021-06-20 07:00:00,ARX,7,0.8774889081839471,0.23347424732313568,2019-06-20 07:00:00,2021-06-20 07:00:00,2021-06-20 07:00:00,731,1,-0.3032104293734177,0.3032104293734177,{'model__alpha': 0.01}
2021-06-20 07:00:00,Random Forest,7,0.8774889081839471,0.3312415483335198,2019-06-20 07:00:00,2021-06-20 07:00:00,2021-06-20 07:00:00,731,1,-0.28640559026943707,0.28640559026943707,"{'max_depth': 10, 'max_features': 0.5, 'min_samples_leaf': 2, 'n_estimators': 100}"
2021-06-20 07:00:00,Neural Network,7,0.8774889081839471,0.12215141695456827,2019-06-20 07:00:00,2021-06-20 07:00:00,2021-06-20 07:00:00,731,1,-0.35941423956503044,0.35941423956503044,"{'regressor__model__alpha': 0.0001, 'regressor__model__hidden_layer_sizes': (64, 32), 'regressor__model__learning_rate_init': 0.0001}"
2021-06-20 07:00:00,Naive,7,0.8774889081839471,1.571804241101615,2019-06-20 07:00:00,2021-06-20 07:00:00,2021-06-20 07:00:00,731,1,,,not_applicable
2021-06-21 07:00:00,Decision Tree,7,1.8949446426111842,1.9364057831020762,2019-06-21 07:00:00,2021-06-21 07:00:00,2021-06-21 07:00:00,731,1,-0.42290985504429074,0.42290985504429074,"{'max_depth': None, 'min_samples_leaf': 1, 'min_samples_split': 20}"
2021-06-21 07:00:00,ARX,7,1.8949446426111842,1.8794593447473587,2019-06-21 07:00:00,2021-06-21 07:00:00,2021-06-21 07:00:00,731,1,-0.3032104293734177,0.3032104293734177,{'model__alpha': 0.01}
2021-06-21 07:00:00,Random Forest,7,1.8949446426111842,1.947723190685422,2019-06-21 07:00:00,2021-06-21 07:00:00,2021-06-21 07:00:00,731,1,-0.28640559026943707,0.28640559026943707,"{'max_depth': 10, 'max_features': 0.5, 'min_samples_leaf': 2, 'n_estimators': 100}"
2021-06-21 07:00:00,Neural Network,7,1.8949446426111842,1.9730571221264523,2019-06-21 07:00:00,2021-06-21 07:00:00,2021-06-21 07:00:00,731,1,-0.35941423956503044,0.35941423956503044,"{'regressor__model__alpha': 0.0001, 'regressor__model__hidden_layer_sizes': (64, 32), 'regressor__model__learning_rate_init': 0.0001}"
2021-06-21 07:00:00,Naive,7,1.8949446426111842,0.8774889081839471,2019-06-21 07:00:00,2021-06-21 07:00:00,2021-06-21 07:00:00,731,1,,,not_applicable
2021-06-22 07:00:00,Decision Tree,7,1.9764786857715873,2.0194935287446887,2019-06-22 07:00:00,2021-06-22 07:00:00,2021-06-22 07:00:00,731,1,-0.42290985504429074,0.42290985504429074,"{'max_depth': None, 'min_samples_leaf': 1, 'min_samples_split': 20}"
2021-06-22 07:00:00,ARX,7,1.9764786857715873,2.0200886901261903,2019-06-22 07:00:00,2021-06-22 07:00:00,2021-06-22 07:00:00,731,1,-0.3032104293734177,0.3032104293734177,{'model__alpha': 0.01}
2021-06-22 07:00:00,Random Forest,7,1.9764786857715873,2.015477741569559,2019-06-22 07:00:00,2021-06-22 07:00:00,2021-06-22 07:00:00,731,1,-0.28640559026943707,0.28640559026943707,"{'max_depth': 10, 'max_features': 0.5, 'min_samples_leaf': 2, 'n_estimators': 100}"
2021-06-22 07:00:00,Neural Network,7,1.9764786857715873,1.8590978906750042,2019-06-22 07:00:00,2021-06-22 07:00:00,2021-06-22 07:00:00,731,1,-0.35941423956503044,0.35941423956503044,"{'regressor__model__alpha': 0.0001, 'regressor__model__hidden_layer_sizes': (64, 32), 'regressor__model__learning_rate_init': 0.0001}"
2021-06-22 07:00:00,Naive,7,1.9764786857715873,1.8949446426111842,2019-06-22 07:00:00,2021-06-22 07:00:00,2021-06-22 07:00:00,731,1,,,not_applicable
2021-06-23 07:00:00,Decision Tree,7,2.2161336368461835,2.0172295896408414,2019-06-23 07:00:00,2021-06-23 07:00:00,2021-06-23 07:00:00,731,1,-0.42290985504429074,0.42290985504429074,"{'max_depth': None, 'min_samples_leaf': 1, 'min_samples_split': 20}"
2021-06-23 07:00:00,ARX,7,2.2161336368461835,1.7909883368640924,2019-06-23 07:00:00,2021-06-23 07:00:00,2021-06-23 07:00:00,731,1,-0.3032104293734177,0.3032104293734177,{'model__alpha': 0.01}
2021-06-23 07:00:00,Random Forest,7,2.2161336368461835,2.025379399624042,2019-06-23 07:00:00,2021-06-23 07:00:00,2021-06-23 07:00:00,731,1,-0.28640559026943707,0.28640559026943707,"{'max_depth': 10, 'max_features': 0.5, 'min_samples_leaf': 2, 'n_estimators': 100}"
2021-06-23 07:00:00,Neural Network,7,2.2161336368461835,1.7758841088250148,2019-06-23 07:00:00,2021-06-23 07:00:00,2021-06-23 07:00:00,731,1,-0.35941423956503044,0.35941423956503044,"{'regressor__model__alpha': 0.0001, 'regressor__model__hidden_layer_sizes': (64, 32), 'regressor__model__learning_rate_init': 0.0001}"
2021-06-23 07:00:00,Naive,7,2.2161336368461835,1.9764786857715873,2019-06-23 07:00:00,2021-06-23 07:00:00,2021-06-23 07:00:00,731,1,,,not_applicable
2021-06-24 07:00:00,Decision Tree,7,2.1349232793927766,2.1947246414685044,2019-06-24 07:00:00,2021-06-24 07:00:00,2021-06-24 07:00:00,731,1,-0.42290985504429074,0.42290985504429074,"{'max_depth': None, 'min_samples_leaf': 1, 'min_samples_split': 20}"
2021-06-24 07:00:00,ARX,7,2.1349232793927766,2.208948029724289,2019-06-24 07:00:00,2021-06-24 07:00:00,2021-06-24 07:00:00,731,1,-0.3032104293734177,0.3032104293734177,{'model__alpha': 0.01}
2021-06-24 07:00:00,Random Forest,7,2.1349232793927766,2.0757346780373047,2019-06-24 07:00:00,2021-06-24 07:00:00,2021-06-24 07:00:00,731,1,-0.28640559026943707,0.28640559026943707,"{'max_depth': 10, 'max_features': 0.5, 'min_samples_leaf': 2, 'n_estimators': 100}"
2021-06-24 07:00:00,Neural Network,7,2.1349232793927766,2.2106539098015174,2019-06-24 07:00:00,2021-06-24 07:00:00,2021-06-24 07:00:00,731,1,-0.35941423956503044,0.35941423956503044,"{'regressor__model__alpha': 0.0001, 'regressor__model__hidden_layer_sizes': (64, 32), 'regressor__model__learning_rate_init': 0.0001}"
2021-06-24 07:00:00,Naive,7,2.1349232793927766,2.2161336368461835,2019-06-24 07:00:00,2021-06-24 07:00:00,2021-06-24 07:00:00,731,1,,,not_applicable
2021-06-25 07:00:00,Decision Tree,7,2.078049333545633,2.174790854109929,2019-06-25 07:00:00,2021-06-25 07:00:00,2021-06-25 07:00:00,731,1,-0.42290985504429074,0.42290985504429074,"{'max_depth': None, 'min_samples_leaf': 1, 'min_samples_split': 20}"
2021-06-25 07:00:00,ARX,7,2.078049333545633,2.171556814752012,2019-06-25 07:00:00,2021-06-25 07:00:00,2021-06-25 07:00:00,731,1,-0.3032104293734177,0.3032104293734177,{'model__alpha': 0.01}
2021-06-25 07:00:00,Random Forest,7,2.078049333545633,2.0357381212880257,2019-06-25 07:00:00,2021-06-25 07:00:00,2021-06-25 07:00:00,731,1,-0.28640559026943707,0.28640559026943707,"{'max_depth': 10, 'max_features': 0.5, 'min_samples_leaf': 2, 'n_estimators': 100}"
2021-06-25 07:00:00,Neural Network,7,2.078049333545633,2.126615767110021,2019-06-25 07:00:00,2021-06-25 07:00:00,2021-06-25 07:00:00,731,1,-0.35941423956503044,0.35941423956503044,"{'regressor__model__alpha': 0.0001, 'regressor__model__hidden_layer_sizes': (64, 32), 'regressor__model__learning_rate_init': 0.0001}"
2021-06-25 07:00:00,Naive,7,2.078049333545633,2.1349232793927766,2019-06-25 07:00:00,2021-06-25 07:00:00,2021-06-25 07:00:00,731,1,,,not_applicable
2021-06-26 07:00:00,Decision Tree,7,1.7375084782192516,1.2613885637471443,2019-06-26 07:00:00,2021-06-26 07:00:00,2021-06-26 07:00:00,731,1,-0.42290985504429074,0.42290985504429074,"{'max_depth': None, 'min_samples_leaf': 1, 'min_samples_split': 20}"
2021-06-26 07:00:00,ARX,7,1.7375084782192516,1.294609771411186,2019-06-26 07:00:00,2021-06-26 07:00:00,2021-06-26 07:00:00,731,1,-0.3032104293734177,0.3032104293734177,{'model__alpha': 0.01}
2021-06-26 07:00:00,Random Forest,7,1.7375084782192516,1.289093006467219,2019-06-26 07:00:00,2021-06-26 07:00:00,2021-06-26 07:00:00,731,1,-0.28640559026943707,0.28640559026943707,"{'max_depth': 10, 'max_features': 0.5, 'min_samples_leaf': 2, 'n_estimators': 100}"
2021-06-26 07:00:00,Neural Network,7,1.7375084782192516,1.541488758800792,2019-06-26 07:00:00,2021-06-26 07:00:00,2021-06-26 07:00:00,731,1,-0.35941423956503044,0.35941423956503044,"{'regressor__model__alpha': 0.0001, 'regressor__model__hidden_layer_sizes': (64, 32), 'regressor__model__learning_rate_init': 0.0001}"
2021-06-26 07:00:00,Naive,7,1.7375084782192516,2.078049333545633,2019-06-26 07:00:00,2021-06-26 07:00:00,2021-06-26 07:00:00,731,1,,,not_applicable
2021-06-27 07:00:00,Decision Tree,7,1.3162817036516916,0.877738704781598,2019-06-27 07:00:00,2021-06-27 07:00:00,2021-06-27 07:00:00,731,1,-0.42290985504429074,0.42290985504429074,"{'max_depth': None, 'min_samples_leaf': 1, 'min_samples_split': 20}"
2021-06-27 07:00:00,ARX,7,1.3162817036516916,0.8063072957612252,2019-06-27 07:00:00,2021-06-27 07:00:00,2021-06-27 07:00:00,731,1,-0.3032104293734177,0.3032104293734177,{'model__alpha': 0.01}
2021-06-27 07:00:00,Random Forest,7,1.3162817036516916,1.0626731964953522,2019-06-27 07:00:00,2021-06-27 07:00:00,2021-06-27 07:00:00,731,1,-0.28640559026943707,0.28640559026943707,"{'max_depth': 10, 'max_features': 0.5, 'min_samples_leaf': 2, 'n_estimators': 100}"
2021-06-27 07:00:00,Neural Network,7,1.3162817036516916,1.3354214753201763,2019-06-27 07:00:00,2021-06-27 07:00:00,2021-06-27 07:00:00,731,1,-0.35941423956503044,0.35941423956503044,"{'regressor__model__alpha': 0.0001, 'regressor__model__hidden_layer_sizes': (64, 32), 'regressor__model__learning_rate_init': 0.0001}"
2021-06-27 07:00:00,Naive,7,1.3162817036516916,1.7375084782192516,2019-06-27 07:00:00,2021-06-27 07:00:00,2021-06-27 07:00:00,731,1,,,not_applicable
2021-06-28 07:00:00,Decision Tree,7,2.1141419532268966,2.1488016502542955,2019-06-28 07:00:00,2021-06-28 07:00:00,2021-06-28 07:00:00,731,1,-0.42290985504429074,0.42290985504429074,"{'max_depth': None, 'min_samples_leaf': 1, 'min_samples_split': 20}"
2021-06-28 07:00:00,ARX,7,2.1141419532268966,2.0545238051485684,2019-06-28 07:00:00,2021-06-28 07:00:00,2021-06-28 07:00:00,731,1,-0.3032104293734177,0.3032104293734177,{'model__alpha': 0.01}
2021-06-28 07:00:00,Random Forest,7,2.1141419532268966,1.9496901298661797,2019-06-28 07:00:00,2021-06-28 07:00:00,2021-06-28 07:00:00,731,1,-0.28640559026943707,0.28640559026943707,"{'max_depth': 10, 'max_features': 0.5, 'min_samples_leaf': 2, 'n_estimators': 100}"
2021-06-28 07:00:00,Neural Network,7,2.1141419532268966,2.185236522854024,2019-06-28 07:00:00,2021-06-28 07:00:00,2021-06-28 07:00:00,731,1,-0.35941423956503044,0.35941423956503044,"{'regressor__model__alpha': 0.0001, 'regressor__model__hidden_layer_sizes': (64, 32), 'regressor__model__learning_rate_init': 0.0001}"
2021-06-28 07:00:00,Naive,7,2.1141419532268966,1.3162817036516916,2019-06-28 07:00:00,2021-06-28 07:00:00,2021-06-28 07:00:00,731,1,,,not_applicable
2021-06-29 07:00:00,Decision Tree,7,2.117136975183071,1.9746542910025147,2019-06-29 07:00:00,2021-06-29 07:00:00,2021-06-29 07:00:00,731,1,-0.42290985504429074,0.42290985504429074,"{'max_depth': None, 'min_samples_leaf': 1, 'min_samples_split': 20}"
2021-06-29 07:00:00,ARX,7,2.117136975183071,2.1436545740027193,2019-06-29 07:00:00,2021-06-29 07:00:00,2021-06-29 07:00:00,731,1,-0.3032104293734177,0.3032104293734177,{'model__alpha': 0.01}
2021-06-29 07:00:00,Random Forest,7,2.117136975183071,2.015289907585418,2019-06-29 07:00:00,2021-06-29 07:00:00,2021-06-29 07:00:00,731,1,-0.28640559026943707,0.28640559026943707,"{'max_depth': 10, 'max_features': 0.5, 'min_samples_leaf': 2, 'n_estimators': 100}"
2021-06-29 07:00:00,Neural Network,7,2.117136975183071,2.0740471702492673,2019-06-29 07:00:00,2021-06-29 07:00:00,2021-06-29 07:00:00,731,1,-0.35941423956503044,0.35941423956503044,"{'regressor__model__alpha': 0.0001, 'regressor__model__hidden_layer_sizes': (64, 32), 'regressor__model__learning_rate_init': 0.0001}"
2021-06-29 07:00:00,Naive,7,2.117136975183071,2.1141419532268966,2019-06-29 07:00:00,2021-06-29 07:00:00,2021-06-29 07:00:00,731,1,,,not_applicable
2021-06-30 07:00:00,Decision Tree,7,2.097421853210263,2.1004738945552033,2019-06-30 07:00:00,2021-06-30 07:00:00,2021-06-30 07:00:00,731,1,-0.42290985504429074,0.42290985504429074,"{'max_depth': None, 'min_samples_leaf': 1, 'min_samples_split': 20}"
2021-06-30 07:00:00,ARX,7,2.097421853210263,2.1001834618079847,2019-06-30 07:00:00,2021-06-30 07:00:00,2021-06-30 07:00:00,731,1,-0.3032104293734177,0.3032104293734177,{'model__alpha': 0.01}
2021-06-30 07:00:00,Random Forest,7,2.097421853210263,2.084305823621695,2019-06-30 07:00:00,2021-06-30 07:00:00,2021-06-30 07:00:00,731,1,-0.28640559026943707,0.28640559026943707,"{'max_depth': 10, 'max_features': 0.5, 'min_samples_leaf': 2, 'n_estimators': 100}"
2021-06-30 07:00:00,Neural Network,7,2.097421853210263,2.1137527142888297,2019-06-30 07:00:00,2021-06-30 07:00:00,2021-06-30 07:00:00,731,1,-0.35941423956503044,0.35941423956503044,"{'regressor__model__alpha': 0.0001, 'regressor__model__hidden_layer_sizes': (64, 32), 'regressor__model__learning_rate_init': 0.0001}"
2021-06-30 07:00:00,Naive,7,2.097421853210263,2.117136975183071,2019-06-30 07:00:00,2021-06-30 07:00:00,2021-06-30 07:00:00,731,1,,,not_applicable
2021-07-01 07:00:00,Decision Tree,7,1.996927898861826,2.100196436251118,2019-07-01 07:00:00,2021-07-01 07:00:00,2021-07-01 07:00:00,731,1,-0.42290985504429074,0.42290985504429074,"{'max_depth': None, 'min_samples_leaf': 1, 'min_samples_split': 20}"
2021-07-01 07:00:00,ARX,7,1.996927898861826,1.9532488738216185,2019-07-01 07:00:00,2021-07-01 07:00:00,2021-07-01 07:00:00,731,1,-0.3032104293734177,0.3032104293734177,{'model__alpha': 0.01}
2021-07-01 07:00:00,Random Forest,7,1.996927898861826,2.0864909422526994,2019-07-01 07:00:00,2021-07-01 07:00:00,2021-07-01 07:00:00,731,1,-0.28640559026943707,0.28640559026943707,"{'max_depth': 10, 'max_features': 0.5, 'min_samples_leaf': 2, 'n_estimators': 100}"
2021-07-01 07:00:00,Neural Network,7,1.996927898861826,1.652005164842044,2019-07-01 07:00:00,2021-07-01 07:00:00,2021-07-01 07:00:00,731,1,-0.35941423956503044,0.35941423956503044,"{'regressor__model__alpha': 0.0001, 'regressor__model__hidden_layer_sizes': (64, 32), 'regressor__model__learning_rate_init': 0.0001}"
2021-07-01 07:00:00,Naive,7,1.996927898861826,2.097421853210263,2019-07-01 07:00:00,2021-07-01 07:00:00,2021-07-01 07:00:00,731,1,,,not_applicable
2021-07-02 07:00:00,Decision Tree,7,2.227193075135281,2.084292087154206,2019-07-02 07:00:00,2021-07-02 07:00:00,2021-07-02 07:00:00,731,1,-0.42290985504429074,0.42290985504429074,"{'max_depth': None, 'min_samples_leaf': 1, 'min_samples_split': 20}"
2021-07-02 07:00:00,ARX,7,2.227193075135281,2.0830413465919864,2019-07-02 07:00:00,2021-07-02 07:00:00,2021-07-02 07:00:00,731,1,-0.3032104293734177,0.3032104293734177,{'model__alpha': 0.01}
2021-07-02 07:00:00,Random Forest,7,2.227193075135281,2.0497376730457875,2019-07-02 07:00:00,2021-07-02 07:00:00,2021-07-02 07:00:00,731,1,-0.28640559026943707,0.28640559026943707,"{'max_depth': 10, 'max_features': 0.5, 'min_samples_leaf': 2, 'n_estimators': 100}"
2021-07-02 07:00:00,Neural Network,7,2.227193075135281,2.1597063656054414,2019-07-02 07:00:00,2021-07-02 07:00:00,2021-07-02 07:00:00,731,1,-0.35941423956503044,0.35941423956503044,"{'regressor__model__alpha': 0.0001, 'regressor__model__hidden_layer_sizes': (64, 32), 'regressor__model__learning_rate_init': 0.0001}"
2021-07-02 07:00:00,Naive,7,2.227193075135281,1.996927898861826,2019-07-02 07:00:00,2021-07-02 07:00:00,2021-07-02 07:00:00,731,1,,,not_applicable
2021-07-03 07:00:00,Decision Tree,7,1.7177081129883762,1.1506725364153823,2019-07-03 07:00:00,2021-07-03 07:00:00,2021-07-03 07:00:00,731,1,-0.42290985504429074,0.42290985504429074,"{'max_depth': None, 'min_samples_leaf': 1, 'min_samples_split': 20}"
2021-07-03 07:00:00,ARX,7,1.7177081129883762,1.2680814026491753,2019-07-03 07:00:00,2021-07-03 07:00:00,2021-07-03 07:00:00,731,1,-0.3032104293734177,0.3032104293734177,{'model__alpha': 0.01}
2021-07-03 07:00:00,Random Forest,7,1.7177081129883762,1.480051801889561,2019-07-03 07:00:00,2021-07-03 07:00:00,2021-07-03 07:00:00,731,1,-0.28640559026943707,0.28640559026943707,"{'max_depth': 10, 'max_features': 0.5, 'min_samples_leaf': 2, 'n_estimators': 100}"
2021-07-03 07:00:00,Neural Network,7,1.7177081129883762,1.5247815598461183,2019-07-03 07:00:00,2021-07-03 07:00:00,2021-07-03 07:00:00,731,1,-0.35941423956503044,0.35941423956503044,"{'regressor__model__alpha': 0.0001, 'regressor__model__hidden_layer_sizes': (64, 32), 'regressor__model__learning_rate_init': 0.0001}"
2021-07-03 07:00:00,Naive,7,1.7177081129883762,2.227193075135281,2019-07-03 07:00:00,2021-07-03 07:00:00,2021-07-03 07:00:00,731,1,,,not_applicable
2021-07-04 07:00:00,Decision Tree,7,1.5775568641785773,1.6607768114923436,2019-07-04 07:00:00,2021-07-04 07:00:00,2021-07-04 07:00:00,731,1,-0.42290985504429074,0.42290985504429074,"{'max_depth': None, 'min_samples_leaf': 1, 'min_samples_split': 20}"
2021-07-04 07:00:00,ARX,7,1.5775568641785773,1.0024063689431448,2019-07-04 07:00:00,2021-07-04 07:00:00,2021-07-04 07:00:00,731,1,-0.3032104293734177,0.3032104293734177,{'model__alpha': 0.01}
2021-07-04 07:00:00,Random Forest,7,1.5775568641785773,1.262046414534056,2019-07-04 07:00:00,2021-07-04 07:00:00,2021-07-04 07:00:00,731,1,-0.28640559026943707,0.28640559026943707,"{'max_depth': 10, 'max_features': 0.5, 'min_samples_leaf': 2, 'n_estimators': 100}"
2021-07-04 07:00:00,Neural Network,7,1.5775568641785773,1.530137871104333,2019-07-04 07:00:00,2021-07-04 07:00:00,2021-07-04 07:00:00,731,1,-0.35941423956503044,0.35941423956503044,"{'regressor__model__alpha': 0.0001, 'regressor__model__hidden_layer_sizes': (64, 32), 'regressor__model__learning_rate_init': 0.0001}"
2021-07-04 07:00:00,Naive,7,1.5775568641785773,1.7177081129883762,2019-07-04 07:00:00,2021-07-04 07:00:00,2021-07-04 07:00:00,731,1,,,not_applicable
2021-07-05 07:00:00,Decision Tree,7,2.073126952060492,2.1020216748276463,2019-07-05 07:00:00,2021-07-05 07:00:00,2021-07-05 07:00:00,731,1,-0.42290985504429074,0.42290985504429074,"{'max_depth': None, 'min_samples_leaf': 1, 'min_samples_split': 20}"
2021-07-05 07:00:00,ARX,7,2.073126952060492,2.15972957588433,2019-07-05 07:00:00,2021-07-05 07:00:00,2021-07-05 07:00:00,731,1,-0.3032104293734177,0.3032104293734177,{'model__alpha': 0.01}
2021-07-05 07:00:00,Random Forest,7,2.073126952060492,2.0735219571087593,2019-07-05 07:00:00,2021-07-05 07:00:00,2021-07-05 07:00:00,731,1,-0.28640559026943707,0.28640559026943707,"{'max_depth': 10, 'max_features': 0.5, 'min_samples_leaf': 2, 'n_estimators': 100}"
2021-07-05 07:00:00,Neural Network,7,2.073126952060492,2.0950786318026915,2019-07-05 07:00:00,2021-07-05 07:00:00,2021-07-05 07:00:00,731,1,-0.35941423956503044,0.35941423956503044,"{'regressor__model__alpha': 0.0001, 'regressor__model__hidden_layer_sizes': (64, 32), 'regressor__model__learning_rate_init': 0.0001}"
2021-07-05 07:00:00,Naive,7,2.073126952060492,1.5775568641785773,2019-07-05 07:00:00,2021-07-05 07:00:00,2021-07-05 07:00:00,731,1,,,not_applicable
2021-07-06 07:00:00,Decision Tree,7,1.9826111230269945,1.6543752770835924,2019-07-06 07:00:00,2021-07-06 07:00:00,2021-07-06 07:00:00,731,1,-0.42290985504429074,0.42290985504429074,"{'max_depth': None, 'min_samples_leaf': 1, 'min_samples_split': 20}"
2021-07-06 07:00:00,ARX,7,1.9826111230269945,1.7661818894480077,2019-07-06 07:00:00,2021-07-06 07:00:00,2021-07-06 07:00:00,731,1,-0.3032104293734177,0.3032104293734177,{'model__alpha': 0.01}
2021-07-06 07:00:00,Random Forest,7,1.9826111230269945,1.8799195450511172,2019-07-06 07:00:00,2021-07-06 07:00:00,2021-07-06 07:00:00,731,1,-0.28640559026943707,0.28640559026943707,"{'max_depth': 10, 'max_features': 0.5, 'min_samples_leaf': 2, 'n_estimators': 100}"
2021-07-06 07:00:00,Neural Network,7,1.9826111230269945,1.8967382973580293,2019-07-06 07:00:00,2021-07-06 07:00:00,2021-07-06 07:00:00,731,1,-0.35941423956503044,0.35941423956503044,"{'regressor__model__alpha': 0.0001, 'regressor__model__hidden_layer_sizes': (64, 32), 'regressor__model__learning_rate_init': 0.0001}"
2021-07-06 07:00:00,Naive,7,1.9826111230269945,2.073126952060492,2019-07-06 07:00:00,2021-07-06 07:00:00,2021-07-06 07:00:00,731,1,,,not_applicable
2021-07-07 07:00:00,Decision Tree,7,2.1051710034484548,2.1408590742770315,2019-07-07 07:00:00,2021-07-07 07:00:00,2021-07-07 07:00:00,731,1,-0.42290985504429074,0.42290985504429074,"{'max_depth': None, 'min_samples_leaf': 1, 'min_samples_split': 20}"
2021-07-07 07:00:00,ARX,7,2.1051710034484548,2.077479479856997,2019-07-07 07:00:00,2021-07-07 07:00:00,2021-07-07 07:00:00,731,1,-0.3032104293734177,0.3032104293734177,{'model__alpha': 0.01}
2021-07-07 07:00:00,Random Forest,7,2.1051710034484548,2.06809577303621,2019-07-07 07:00:00,2021-07-07 07:00:00,2021-07-07 07:00:00,731,1,-0.28640559026943707,0.28640559026943707,"{'max_depth': 10, 'max_features': 0.5, 'min_samples_leaf': 2, 'n_estimators': 100}"
2021-07-07 07:00:00,Neural Network,7,2.1051710034484548,1.9730514326826374,2019-07-07 07:00:00,2021-07-07 07:00:00,2021-07-07 07:00:00,731,1,-0.35941423956503044,0.35941423956503044,"{'regressor__model__alpha': 0.0001, 'regressor__model__hidden_layer_sizes': (64, 32), 'regressor__model__learning_rate_init': 0.0001}"
2021-07-07 07:00:00,Naive,7,2.1051710034484548,1.9826111230269945,2019-07-07 07:00:00,2021-07-07 07:00:00,2021-07-07 07:00:00,731,1,,,not_applicable
2021-07-08 07:00:00,Decision Tree,7,2.3036983861496267,2.1357607784443773,2019-07-08 07:00:00,2021-07-08 07:00:00,2021-07-08 07:00:00,731,1,-0.42290985504429074,0.42290985504429074,"{'max_depth': None, 'min_samples_leaf': 1, 'min_samples_split': 20}"
2021-07-08 07:00:00,ARX,7,2.3036983861496267,2.265434831544085,2019-07-08 07:00:00,2021-07-08 07:00:00,2021-07-08 07:00:00,731,1,-0.3032104293734177,0.3032104293734177,{'model__alpha': 0.01}
2021-07-08 07:00:00,Random Forest,7,2.3036983861496267,2.0733886838720106,2019-07-08 07:00:00,2021-07-08 07:00:00,2021-07-08 07:00:00,731,1,-0.28640559026943707,0.28640559026943707,"{'max_depth': 10, 'max_features': 0.5, 'min_samples_leaf': 2, 'n_estimators': 100}"
2021-07-08 07:00:00,Neural Network,7,2.3036983861496267,2.2643348573456668,2019-07-08 07:00:00,2021-07-08 07:00:00,2021-07-08 07:00:00,731,1,-0.35941423956503044,0.35941423956503044,"{'regressor__model__alpha': 0.0001, 'regressor__model__hidden_layer_sizes': (64, 32), 'regressor__model__learning_rate_init': 0.0001}"
2021-07-08 07:00:00,Naive,7,2.3036983861496267,2.1051710034484548,2019-07-08 07:00:00,2021-07-08 07:00:00,2021-07-08 07:00:00,731,1,,,not_applicable
2021-07-09 07:00:00,Decision Tree,7,2.0905099065032617,2.265445730642454,2019-07-09 07:00:00,2021-07-09 07:00:00,2021-07-09 07:00:00,731,1,-0.42290985504429074,0.42290985504429074,"{'max_depth': None, 'min_samples_leaf': 1, 'min_samples_split': 20}"
2021-07-09 07:00:00,ARX,7,2.0905099065032617,2.1678316443188033,2019-07-09 07:00:00,2021-07-09 07:00:00,2021-07-09 07:00:00,731,1,-0.3032104293734177,0.3032104293734177,{'model__alpha': 0.01}
2021-07-09 07:00:00,Random Forest,7,2.0905099065032617,2.1287879165285406,2019-07-09 07:00:00,2021-07-09 07:00:00,2021-07-09 07:00:00,731,1,-0.28640559026943707,0.28640559026943707,"{'max_depth': 10, 'max_features': 0.5, 'min_samples_leaf': 2, 'n_estimators': 100}"
2021-07-09 07:00:00,Neural Network,7,2.0905099065032617,2.2063004512991564,2019-07-09 07:00:00,2021-07-09 07:00:00,2021-07-09 07:00:00,731,1,-0.35941423956503044,0.35941423956503044,"{'regressor__model__alpha': 0.0001, 'regressor__model__hidden_layer_sizes': (64, 32), 'regressor__model__learning_rate_init': 0.0001}"
2021-07-09 07:00:00,Naive,7,2.0905099065032617,2.3036983861496267,2019-07-09 07:00:00,2021-07-09 07:00:00,2021-07-09 07:00:00,731,1,,,not_applicable
2021-07-10 07:00:00,Decision Tree,7,1.6546323991049463,1.4002447739745605,2019-07-10 07:00:00,2021-07-10 07:00:00,2021-07-10 07:00:00,731,1,-0.42290985504429074,0.42290985504429074,"{'max_depth': None, 'min_samples_leaf': 1, 'min_samples_split': 20}"
2021-07-10 07:00:00,ARX,7,1.6546323991049463,1.2256503915447277,2019-07-10 07:00:00,2021-07-10 07:00:00,2021-07-10 07:00:00,731,1,-0.3032104293734177,0.3032104293734177,{'model__alpha': 0.01}
2021-07-10 07:00:00,Random Forest,7,1.6546323991049463,1.5328507323479161,2019-07-10 07:00:00,2021-07-10 07:00:00,2021-07-10 07:00:00,731,1,-0.28640559026943707,0.28640559026943707,"{'max_depth': 10, 'max_features': 0.5, 'min_samples_leaf': 2, 'n_estimators': 100}"
2021-07-10 07:00:00,Neural Network,7,1.6546323991049463,1.4739662315363176,2019-07-10 07:00:00,2021-07-10 07:00:00,2021-07-10 07:00:00,731,1,-0.35941423956503044,0.35941423956503044,"{'regressor__model__alpha': 0.0001, 'regressor__model__hidden_layer_sizes': (64, 32), 'regressor__model__learning_rate_init': 0.0001}"
2021-07-10 07:00:00,Naive,7,1.6546323991049463,2.0905099065032617,2019-07-10 07:00:00,2021-07-10 07:00:00,2021-07-10 07:00:00,731,1,,,not_applicable
2021-07-11 07:00:00,Decision Tree,7,1.4093480235072475,1.3847447961065438,2019-07-11 07:00:00,2021-07-11 07:00:00,2021-07-11 07:00:00,731,1,-0.42290985504429074,0.42290985504429074,"{'max_depth': None, 'min_samples_leaf': 1, 'min_samples_split': 20}"
2021-07-11 07:00:00,ARX,7,1.4093480235072475,1.0951374075649576,2019-07-11 07:00:00,2021-07-11 07:00:00,2021-07-11 07:00:00,731,1,-0.3032104293734177,0.3032104293734177,{'model__alpha': 0.01}
2021-07-11 07:00:00,Random Forest,7,1.4093480235072475,1.5921270677137511,2019-07-11 07:00:00,2021-07-11 07:00:00,2021-07-11 07:00:00,731,1,-0.28640559026943707,0.28640559026943707,"{'max_depth': 10, 'max_features': 0.5, 'min_samples_leaf': 2, 'n_estimators': 100}"
2021-07-11 07:00:00,Neural Network,7,1.4093480235072475,1.635807161165651,2019-07-11 07:00:00,2021-07-11 07:00:00,2021-07-11 07:00:00,731,1,-0.35941423956503044,0.35941423956503044,"{'regressor__model__alpha': 0.0001, 'regressor__model__hidden_layer_sizes': (64, 32), 'regressor__model__learning_rate_init': 0.0001}"
2021-07-11 07:00:00,Naive,7,1.4093480235072475,1.6546323991049463,2019-07-11 07:00:00,2021-07-11 07:00:00,2021-07-11 07:00:00,731,1,,,not_applicable
2021-07-12 07:00:00,Decision Tree,7,2.1013414675865367,2.0602971908142735,2019-07-12 07:00:00,2021-07-12 07:00:00,2021-07-12 07:00:00,731,1,-0.42290985504429074,0.42290985504429074,"{'max_depth': None, 'min_samples_leaf': 1, 'min_samples_split': 20}"
2021-07-12 07:00:00,ARX,7,2.1013414675865367,2.13582625739595,2019-07-12 07:00:00,2021-07-12 07:00:00,2021-07-12 07:00:00,731,1,-0.3032104293734177,0.3032104293734177,{'model__alpha': 0.01}
2021-07-12 07:00:00,Random Forest,7,2.1013414675865367,2.0825526020675666,2019-07-12 07:00:00,2021-07-12 07:00:00,2021-07-12 07:00:00,731,1,-0.28640559026943707,0.28640559026943707,"{'max_depth': 10, 'max_features': 0.5, 'min_samples_leaf': 2, 'n_estimators': 100}"
2021-07-12 07:00:00,Neural Network,7,2.1013414675865367,2.3225877694024444,2019-07-12 07:00:00,2021-07-12 07:00:00,2021-07-12 07:00:00,731,1,-0.35941423956503044,0.35941423956503044,"{'regressor__model__alpha': 0.0001, 'regressor__model__hidden_layer_sizes': (64, 32), 'regressor__model__learning_rate_init': 0.0001}"
2021-07-12 07:00:00,Naive,7,2.1013414675865367,1.4093480235072475,2019-07-12 07:00:00,2021-07-12 07:00:00,2021-07-12 07:00:00,731,1,,,not_applicable
2021-07-13 07:00:00,Decision Tree,7,2.076633878956247,2.1018001088683897,2019-07-13 07:00:00,2021-07-13 07:00:00,2021-07-13 07:00:00,731,1,-0.42290985504429074,0.42290985504429074,"{'max_depth': None, 'min_samples_leaf': 1, 'min_samples_split': 20}"
2021-07-13 07:00:00,ARX,7,2.076633878956247,2.2144722301835005,2019-07-13 07:00:00,2021-07-13 07:00:00,2021-07-13 07:00:00,731,1,-0.3032104293734177,0.3032104293734177,{'model__alpha': 0.01}
2021-07-13 07:00:00,Random Forest,7,2.076633878956247,2.0928786932056362,2019-07-13 07:00:00,2021-07-13 07:00:00,2021-07-13 07:00:00,731,1,-0.28640559026943707,0.28640559026943707,"{'max_depth': 10, 'max_features': 0.5, 'min_samples_leaf': 2, 'n_estimators': 100}"
2021-07-13 07:00:00,Neural Network,7,2.076633878956247,2.25354987231458,2019-07-13 07:00:00,2021-07-13 07:00:00,2021-07-13 07:00:00,731,1,-0.35941423956503044,0.35941423956503044,"{'regressor__model__alpha': 0.0001, 'regressor__model__hidden_layer_sizes': (64, 32), 'regressor__model__learning_rate_init': 0.0001}"
2021-07-13 07:00:00,Naive,7,2.076633878956247,2.1013414675865367,2019-07-13 07:00:00,2021-07-13 07:00:00,2021-07-13 07:00:00,731,1,,,not_applicable
2021-07-14 07:00:00,Decision Tree,7,2.0876274306161995,2.036048935175884,2019-07-14 07:00:00,2021-07-14 07:00:00,2021-07-14 07:00:00,731,1,-0.42290985504429074,0.42290985504429074,"{'max_depth': None, 'min_samples_leaf': 1, 'min_samples_split': 20}"
2021-07-14 07:00:00,ARX,7,2.0876274306161995,2.1123188277172584,2019-07-14 07:00:00,2021-07-14 07:00:00,2021-07-14 07:00:00,731,1,-0.3032104293734177,0.3032104293734177,{'model__alpha': 0.01}
2021-07-14 07:00:00,Random Forest,7,2.0876274306161995,2.0934932312117955,2019-07-14 07:00:00,2021-07-14 07:00:00,2021-07-14 07:00:00,731,1,-0.28640559026943707,0.28640559026943707,"{'max_depth': 10, 'max_features': 0.5, 'min_samples_leaf': 2, 'n_estimators': 100}"
2021-07-14 07:00:00,Neural Network,7,2.0876274306161995,2.070837091196796,2019-07-14 07:00:00,2021-07-14 07:00:00,2021-07-14 07:00:00,731,1,-0.35941423956503044,0.35941423956503044,"{'regressor__model__alpha': 0.0001, 'regressor__model__hidden_layer_sizes': (64, 32), 'regressor__model__learning_rate_init': 0.0001}"
2021-07-14 07:00:00,Naive,7,2.0876274306161995,2.076633878956247,2019-07-14 07:00:00,2021-07-14 07:00:00,2021-07-14 07:00:00,731,1,,,not_applicable
2021-07-15 07:00:00,Decision Tree,7,2.083748913804161,2.0892531439882287,2019-07-15 07:00:00,2021-07-15 07:00:00,2021-07-15 07:00:00,731,1,-0.42290985504429074,0.42290985504429074,"{'max_depth': None, 'min_samples_leaf': 1, 'min_samples_split': 20}"
2021-07-15 07:00:00,ARX,7,2.083748913804161,1.8806223487163447,2019-07-15 07:00:00,2021-07-15 07:00:00,2021-07-15 07:00:00,731,1,-0.3032104293734177,0.3032104293734177,{'model__alpha': 0.01}
2021-07-15 07:00:00,Random Forest,7,2.083748913804161,1.995447757082577,2019-07-15 07:00:00,2021-07-15 07:00:00,2021-07-15 07:00:00,731,1,-0.28640559026943707,0.28640559026943707,"{'max_depth': 10, 'max_features': 0.5, 'min_samples_leaf': 2, 'n_estimators': 100}"
2021-07-15 07:00:00,Neural Network,7,2.083748913804161,1.942519283626008,2019-07-15 07:00:00,2021-07-15 07:00:00,2021-07-15 07:00:00,731,1,-0.35941423956503044,0.35941423956503044,"{'regressor__model__alpha': 0.0001, 'regressor__model__hidden_layer_sizes': (64, 32), 'regressor__model__learning_rate_init': 0.0001}"
2021-07-15 07:00:00,Naive,7,2.083748913804161,2.0876274306161995,2019-07-15 07:00:00,2021-07-15 07:00:00,2021-07-15 07:00:00,731,1,,,not_applicable
2021-07-16 07:00:00,Decision Tree,7,2.035424875397955,2.265445730642454,2019-07-16 07:00:00,2021-07-16 07:00:00,2021-07-16 07:00:00,731,1,-0.42290985504429074,0.42290985504429074,"{'max_depth': None, 'min_samples_leaf': 1, 'min_samples_split': 20}"
2021-07-16 07:00:00,ARX,7,2.035424875397955,1.8440510223567266,2019-07-16 07:00:00,2021-07-16 07:00:00,2021-07-16 07:00:00,731,1,-0.3032104293734177,0.3032104293734177,{'model__alpha': 0.01}
2021-07-16 07:00:00,Random Forest,7,2.035424875397955,2.1036364699187895,2019-07-16 07:00:00,2021-07-16 07:00:00,2021-07-16 07:00:00,731,1,-0.28640559026943707,0.28640559026943707,"{'max_depth': 10, 'max_features': 0.5, 'min_samples_leaf': 2, 'n_estimators': 100}"
2021-07-16 07:00:00,Neural Network,7,2.035424875397955,2.0351094726692707,2019-07-16 07:00:00,2021-07-16 07:00:00,2021-07-16 07:00:00,731,1,-0.35941423956503044,0.35941423956503044,"{'regressor__model__alpha': 0.0001, 'regressor__model__hidden_layer_sizes': (64, 32), 'regressor__model__learning_rate_init': 0.0001}"
2021-07-16 07:00:00,Naive,7,2.035424875397955,2.083748913804161,2019-07-16 07:00:00,2021-07-16 07:00:00,2021-07-16 07:00:00,731,1,,,not_applicable
2021-07-17 07:00:00,Decision Tree,7,1.3961081700701934,0.6893951545418914,2019-07-17 07:00:00,2021-07-17 07:00:00,2021-07-17 07:00:00,731,1,-0.42290985504429074,0.42290985504429074,"{'max_depth': None, 'min_samples_leaf': 1, 'min_samples_split': 20}"
2021-07-17 07:00:00,ARX,7,1.3961081700701934,0.9275634384858376,2019-07-17 07:00:00,2021-07-17 07:00:00,2021-07-17 07:00:00,731,1,-0.3032104293734177,0.3032104293734177,{'model__alpha': 0.01}
2021-07-17 07:00:00,Random Forest,7,1.3961081700701934,1.3260449017672908,2019-07-17 07:00:00,2021-07-17 07:00:00,2021-07-17 07:00:00,731,1,-0.28640559026943707,0.28640559026943707,"{'max_depth': 10, 'max_features': 0.5, 'min_samples_leaf': 2, 'n_estimators': 100}"
2021-07-17 07:00:00,Neural Network,7,1.3961081700701934,1.1047922040326856,2019-07-17 07:00:00,2021-07-17 07:00:00,2021-07-17 07:00:00,731,1,-0.35941423956503044,0.35941423956503044,"{'regressor__model__alpha': 0.0001, 'regressor__model__hidden_layer_sizes': (64, 32), 'regressor__model__learning_rate_init': 0.0001}"
2021-07-17 07:00:00,Naive,7,1.3961081700701934,2.035424875397955,2019-07-17 07:00:00,2021-07-17 07:00:00,2021-07-17 07:00:00,731,1,,,not_applicable
2021-07-18 07:00:00,Decision Tree,7,0.909602963859546,0.7482879058359164,2019-07-18 07:00:00,2021-07-18 07:00:00,2021-07-18 07:00:00,731,1,-0.42290985504429074,0.42290985504429074,"{'max_depth': None, 'min_samples_leaf': 1, 'min_samples_split': 20}"
2021-07-18 07:00:00,ARX,7,0.909602963859546,0.5083735088241332,2019-07-18 07:00:00,2021-07-18 07:00:00,2021-07-18 07:00:00,731,1,-0.3032104293734177,0.3032104293734177,{'model__alpha': 0.01}
2021-07-18 07:00:00,Random Forest,7,0.909602963859546,0.6320433304998612,2019-07-18 07:00:00,2021-07-18 07:00:00,2021-07-18 07:00:00,731,1,-0.28640559026943707,0.28640559026943707,"{'max_depth': 10, 'max_features': 0.5, 'min_samples_leaf': 2, 'n_estimators': 100}"
2021-07-18 07:00:00,Neural Network,7,0.909602963859546,0.5926063044840434,2019-07-18 07:00:00,2021-07-18 07:00:00,2021-07-18 07:00:00,731,1,-0.35941423956503044,0.35941423956503044,"{'regressor__model__alpha': 0.0001, 'regressor__model__hidden_layer_sizes': (64, 32), 'regressor__model__learning_rate_init': 0.0001}"
2021-07-18 07:00:00,Naive,7,0.909602963859546,1.3961081700701934,2019-07-18 07:00:00,2021-07-18 07:00:00,2021-07-18 07:00:00,731,1,,,not_applicable
2021-07-19 07:00:00,Decision Tree,7,2.0024445152627863,1.897842491368177,2019-07-19 07:00:00,2021-07-19 07:00:00,2021-07-19 07:00:00,731,1,-0.42290985504429074,0.42290985504429074,"{'max_depth': None, 'min_samples_leaf': 1, 'min_samples_split': 20}"
2021-07-19 07:00:00,ARX,7,2.0024445152627863,1.924420173711229,2019-07-19 07:00:00,2021-07-19 07:00:00,2021-07-19 07:00:00,731,1,-0.3032104293734177,0.3032104293734177,{'model__alpha': 0.01}
2021-07-19 07:00:00,Random Forest,7,2.0024445152627863,1.8037303369935693,2019-07-19 07:00:00,2021-07-19 07:00:00,2021-07-19 07:00:00,731,1,-0.28640559026943707,0.28640559026943707,"{'max_depth': 10, 'max_features': 0.5, 'min_samples_leaf': 2, 'n_estimators': 100}"
2021-07-19 07:00:00,Neural Network,7,2.0024445152627863,1.9473798536520308,2019-07-19 07:00:00,2021-07-19 07:00:00,2021-07-19 07:00:00,731,1,-0.35941423956503044,0.35941423956503044,"{'regressor__model__alpha': 0.0001, 'regressor__model__hidden_layer_sizes': (64, 32), 'regressor__model__learning_rate_init': 0.0001}"
2021-07-19 07:00:00,Naive,7,2.0024445152627863,0.909602963859546,2019-07-19 07:00:00,2021-07-19 07:00:00,2021-07-19 07:00:00,731,1,,,not_applicable
2021-07-20 07:00:00,Decision Tree,7,2.2037733704957336,2.0085232949356016,2019-07-20 07:00:00,2021-07-20 07:00:00,2021-07-20 07:00:00,731,1,-0.42290985504429074,0.42290985504429074,"{'max_depth': None, 'min_samples_leaf': 1, 'min_samples_split': 20}"
2021-07-20 07:00:00,ARX,7,2.2037733704957336,2.0979219811359386,2019-07-20 07:00:00,2021-07-20 07:00:00,2021-07-20 07:00:00,731,1,-0.3032104293734177,0.3032104293734177,{'model__alpha': 0.01}
2021-07-20 07:00:00,Random Forest,7,2.2037733704957336,2.0388851501306213,2019-07-20 07:00:00,2021-07-20 07:00:00,2021-07-20 07:00:00,731,1,-0.28640559026943707,0.28640559026943707,"{'max_depth': 10, 'max_features': 0.5, 'min_samples_leaf': 2, 'n_estimators': 100}"
2021-07-20 07:00:00,Neural Network,7,2.2037733704957336,1.9810677526727836,2019-07-20 07:00:00,2021-07-20 07:00:00,2021-07-20 07:00:00,731,1,-0.35941423956503044,0.35941423956503044,"{'regressor__model__alpha': 0.0001, 'regressor__model__hidden_layer_sizes': (64, 32), 'regressor__model__learning_rate_init': 0.0001}"
2021-07-20 07:00:00,Naive,7,2.2037733704957336,2.0024445152627863,2019-07-20 07:00:00,2021-07-20 07:00:00,2021-07-20 07:00:00,731,1,,,not_applicable
2021-07-21 07:00:00,Decision Tree,7,2.0881499747831014,2.095310266966018,2019-07-21 07:00:00,2021-07-21 07:00:00,2021-07-21 07:00:00,731,1,-0.42290985504429074,0.42290985504429074,"{'max_depth': None, 'min_samples_leaf': 1, 'min_samples_split': 20}"
2021-07-21 07:00:00,ARX,7,2.0881499747831014,2.1040728335255428,2019-07-21 07:00:00,2021-07-21 07:00:00,2021-07-21 07:00:00,731,1,-0.3032104293734177,0.3032104293734177,{'model__alpha': 0.01}
2021-07-21 07:00:00,Random Forest,7,2.0881499747831014,2.1000950785700128,2019-07-21 07:00:00,2021-07-21 07:00:00,2021-07-21 07:00:00,731,1,-0.28640559026943707,0.28640559026943707,"{'max_depth': 10, 'max_features': 0.5, 'min_samples_leaf': 2, 'n_estimators': 100}"
2021-07-21 07:00:00,Neural Network,7,2.0881499747831014,2.0880325080030477,2019-07-21 07:00:00,2021-07-21 07:00:00,2021-07-21 07:00:00,731,1,-0.35941423956503044,0.35941423956503044,"{'regressor__model__alpha': 0.0001, 'regressor__model__hidden_layer_sizes': (64, 32), 'regressor__model__learning_rate_init': 0.0001}"
2021-07-21 07:00:00,Naive,7,2.0881499747831014,2.2037733704957336,2019-07-21 07:00:00,2021-07-21 07:00:00,2021-07-21 07:00:00,731,1,,,not_applicable
2021-07-22 07:00:00,Decision Tree,7,2.0446022996203785,2.094912472955856,2019-07-22 07:00:00,2021-07-22 07:00:00,2021-07-22 07:00:00,731,1,-0.42290985504429074,0.42290985504429074,"{'max_depth': None, 'min_samples_leaf': 1, 'min_samples_split': 20}"
2021-07-22 07:00:00,ARX,7,2.0446022996203785,2.2104657707459334,2019-07-22 07:00:00,2021-07-22 07:00:00,2021-07-22 07:00:00,731,1,-0.3032104293734177,0.3032104293734177,{'model__alpha': 0.01}
2021-07-22 07:00:00,Random Forest,7,2.0446022996203785,2.049974289321695,2019-07-22 07:00:00,2021-07-22 07:00:00,2021-07-22 07:00:00,731,1,-0.28640559026943707,0.28640559026943707,"{'max_depth': 10, 'max_features': 0.5, 'min_samples_leaf': 2, 'n_estimators': 100}"
2021-07-22 07:00:00,Neural Network,7,2.0446022996203785,2.1010515359564925,2019-07-22 07:00:00,2021-07-22 07:00:00,2021-07-22 07:00:00,731,1,-0.35941423956503044,0.35941423956503044,"{'regressor__model__alpha': 0.0001, 'regressor__model__hidden_layer_sizes': (64, 32), 'regressor__model__learning_rate_init': 0.0001}"
2021-07-22 07:00:00,Naive,7,2.0446022996203785,2.0881499747831014,2019-07-22 07:00:00,2021-07-22 07:00:00,2021-07-22 07:00:00,731,1,,,not_applicable
2021-07-23 07:00:00,Decision Tree,7,2.0705333331611318,2.092264569096094,2019-07-23 07:00:00,2021-07-23 07:00:00,2021-07-23 07:00:00,731,1,-0.42290985504429074,0.42290985504429074,"{'max_depth': None, 'min_samples_leaf': 1, 'min_samples_split': 20}"
2021-07-23 07:00:00,ARX,7,2.0705333331611318,2.0382330504413306,2019-07-23 07:00:00,2021-07-23 07:00:00,2021-07-23 07:00:00,731,1,-0.3032104293734177,0.3032104293734177,{'model__alpha': 0.01}
2021-07-23 07:00:00,Random Forest,7,2.0705333331611318,2.038238445100152,2019-07-23 07:00:00,2021-07-23 07:00:00,2021-07-23 07:00:00,731,1,-0.28640559026943707,0.28640559026943707,"{'max_depth': 10, 'max_features': 0.5, 'min_samples_leaf': 2, 'n_estimators': 100}"
2021-07-23 07:00:00,Neural Network,7,2.0705333331611318,1.9774334659091353,2019-07-23 07:00:00,2021-07-23 07:00:00,2021-07-23 07:00:00,731,1,-0.35941423956503044,0.35941423956503044,"{'regressor__model__alpha': 0.0001, 'regressor__model__hidden_layer_sizes': (64, 32), 'regressor__model__learning_rate_init': 0.0001}"
2021-07-23 07:00:00,Naive,7,2.0705333331611318,2.0446022996203785,2019-07-23 07:00:00,2021-07-23 07:00:00,2021-07-23 07:00:00,731,1,,,not_applicable
2021-07-24 07:00:00,Decision Tree,7,1.5245946633113028,0.7606967564531188,2019-07-24 07:00:00,2021-07-24 07:00:00,2021-07-24 07:00:00,731,1,-0.42290985504429074,0.42290985504429074,"{'max_depth': None, 'min_samples_leaf': 1, 'min_samples_split': 20}"
2021-07-24 07:00:00,ARX,7,1.5245946633113028,1.1302376969706116,2019-07-24 07:00:00,2021-07-24 07:00:00,2021-07-24 07:00:00,731,1,-0.3032104293734177,0.3032104293734177,{'model__alpha': 0.01}
2021-07-24 07:00:00,Random Forest,7,1.5245946633113028,1.4414747578728413,2019-07-24 07:00:00,2021-07-24 07:00:00,2021-07-24 07:00:00,731,1,-0.28640559026943707,0.28640559026943707,"{'max_depth': 10, 'max_features': 0.5, 'min_samples_leaf': 2, 'n_estimators': 100}"
2021-07-24 07:00:00,Neural Network,7,1.5245946633113028,1.5873715217121287,2019-07-24 07:00:00,2021-07-24 07:00:00,2021-07-24 07:00:00,731,1,-0.35941423956503044,0.35941423956503044,"{'regressor__model__alpha': 0.0001, 'regressor__model__hidden_layer_sizes': (64, 32), 'regressor__model__learning_rate_init': 0.0001}"
2021-07-24 07:00:00,Naive,7,1.5245946633113028,2.0705333331611318,2019-07-24 07:00:00,2021-07-24 07:00:00,2021-07-24 07:00:00,731,1,,,not_applicable
2021-07-25 07:00:00,Decision Tree,7,0.6130029999095362,0.8152608926572747,2019-07-25 07:00:00,2021-07-25 07:00:00,2021-07-25 07:00:00,731,1,-0.42290985504429074,0.42290985504429074,"{'max_depth': None, 'min_samples_leaf': 1, 'min_samples_split': 20}"
2021-07-25 07:00:00,ARX,7,0.6130029999095362,0.5075305139413527,2019-07-25 07:00:00,2021-07-25 07:00:00,2021-07-25 07:00:00,731,1,-0.3032104293734177,0.3032104293734177,{'model__alpha': 0.01}
2021-07-25 07:00:00,Random Forest,7,0.6130029999095362,0.9190555176887988,2019-07-25 07:00:00,2021-07-25 07:00:00,2021-07-25 07:00:00,731,1,-0.28640559026943707,0.28640559026943707,"{'max_depth': 10, 'max_features': 0.5, 'min_samples_leaf': 2, 'n_estimators': 100}"
2021-07-25 07:00:00,Neural Network,7,0.6130029999095362,1.0105226279678388,2019-07-25 07:00:00,2021-07-25 07:00:00,2021-07-25 07:00:00,731,1,-0.35941423956503044,0.35941423956503044,"{'regressor__model__alpha': 0.0001, 'regressor__model__hidden_layer_sizes': (64, 32), 'regressor__model__learning_rate_init': 0.0001}"
2021-07-25 07:00:00,Naive,7,0.6130029999095362,1.5245946633113028,2019-07-25 07:00:00,2021-07-25 07:00:00,2021-07-25 07:00:00,731,1,,,not_applicable
2021-07-26 07:00:00,Decision Tree,7,1.9832934257016048,1.8828048304563476,2019-07-26 07:00:00,2021-07-26 07:00:00,2021-07-26 07:00:00,731,1,-0.42290985504429074,0.42290985504429074,"{'max_depth': None, 'min_samples_leaf': 1, 'min_samples_split': 20}"
2021-07-26 07:00:00,ARX,7,1.9832934257016048,2.130546050049842,2019-07-26 07:00:00,2021-07-26 07:00:00,2021-07-26 07:00:00,731,1,-0.3032104293734177,0.3032104293734177,{'model__alpha': 0.01}
2021-07-26 07:00:00,Random Forest,7,1.9832934257016048,1.9519215527495786,2019-07-26 07:00:00,2021-07-26 07:00:00,2021-07-26 07:00:00,731,1,-0.28640559026943707,0.28640559026943707,"{'max_depth': 10, 'max_features': 0.5, 'min_samples_leaf': 2, 'n_estimators': 100}"
2021-07-26 07:00:00,Neural Network,7,1.9832934257016048,2.2409696601976328,2019-07-26 07:00:00,2021-07-26 07:00:00,2021-07-26 07:00:00,731,1,-0.35941423956503044,0.35941423956503044,"{'regressor__model__alpha': 0.0001, 'regressor__model__hidden_layer_sizes': (64, 32), 'regressor__model__learning_rate_init': 0.0001}"
2021-07-26 07:00:00,Naive,7,1.9832934257016048,0.6130029999095362,2019-07-26 07:00:00,2021-07-26 07:00:00,2021-07-26 07:00:00,731,1,,,not_applicable
2021-07-27 07:00:00,Decision Tree,7,1.9776418863212741,2.0812330705601103,2019-07-27 07:00:00,2021-07-27 07:00:00,2021-07-27 07:00:00,731,1,-0.42290985504429074,0.42290985504429074,"{'max_depth': None, 'min_samples_leaf': 1, 'min_samples_split': 20}"
2021-07-27 07:00:00,ARX,7,1.9776418863212741,2.0349082613129617,2019-07-27 07:00:00,2021-07-27 07:00:00,2021-07-27 07:00:00,731,1,-0.3032104293734177,0.3032104293734177,{'model__alpha': 0.01}
2021-07-27 07:00:00,Random Forest,7,1.9776418863212741,2.0960976413061867,2019-07-27 07:00:00,2021-07-27 07:00:00,2021-07-27 07:00:00,731,1,-0.28640559026943707,0.28640559026943707,"{'max_depth': 10, 'max_features': 0.5, 'min_samples_leaf': 2, 'n_estimators': 100}"
2021-07-27 07:00:00,Neural Network,7,1.9776418863212741,2.122587496286354,2019-07-27 07:00:00,2021-07-27 07:00:00,2021-07-27 07:00:00,731,1,-0.35941423956503044,0.35941423956503044,"{'regressor__model__alpha': 0.0001, 'regressor__model__hidden_layer_sizes': (64, 32), 'regressor__model__learning_rate_init': 0.0001}"
2021-07-27 07:00:00,Naive,7,1.9776418863212741,1.9832934257016048,2019-07-27 07:00:00,2021-07-27 07:00:00,2021-07-27 07:00:00,731,1,,,not_applicable
2021-07-28 07:00:00,Decision Tree,7,2.1092355026104785,1.9846083481775285,2019-07-28 07:00:00,2021-07-28 07:00:00,2021-07-28 07:00:00,731,1,-0.42290985504429074,0.42290985504429074,"{'max_depth': None, 'min_samples_leaf': 1, 'min_samples_split': 20}"
2021-07-28 07:00:00,ARX,7,2.1092355026104785,1.8829559780336453,2019-07-28 07:00:00,2021-07-28 07:00:00,2021-07-28 07:00:00,731,1,-0.3032104293734177,0.3032104293734177,{'model__alpha': 0.01}
2021-07-28 07:00:00,Random Forest,7,2.1092355026104785,2.067170483890944,2019-07-28 07:00:00,2021-07-28 07:00:00,2021-07-28 07:00:00,731,1,-0.28640559026943707,0.28640559026943707,"{'max_depth': 10, 'max_features': 0.5, 'min_samples_leaf': 2, 'n_estimators': 100}"
2021-07-28 07:00:00,Neural Network,7,2.1092355026104785,1.7145930615839768,2019-07-28 07:00:00,2021-07-28 07:00:00,2021-07-28 07:00:00,731,1,-0.35941423956503044,0.35941423956503044,"{'regressor__model__alpha': 0.0001, 'regressor__model__hidden_layer_sizes': (64, 32), 'regressor__model__learning_rate_init': 0.0001}"
2021-07-28 07:00:00,Naive,7,2.1092355026104785,1.9776418863212741,2019-07-28 07:00:00,2021-07-28 07:00:00,2021-07-28 07:00:00,731,1,,,not_applicable
2021-07-29 07:00:00,Decision Tree,7,1.3390353017667322,1.5538329443977854,2019-07-29 07:00:00,2021-07-29 07:00:00,2021-07-29 07:00:00,731,1,-0.42290985504429074,0.42290985504429074,"{'max_depth': None, 'min_samples_leaf': 1, 'min_samples_split': 20}"
2021-07-29 07:00:00,ARX,7,1.3390353017667322,1.3049693165670633,2019-07-29 07:00:00,2021-07-29 07:00:00,2021-07-29 07:00:00,731,1,-0.3032104293734177,0.3032104293734177,{'model__alpha': 0.01}
2021-07-29 07:00:00,Random Forest,7,1.3390353017667322,1.6258277974050404,2019-07-29 07:00:00,2021-07-29 07:00:00,2021-07-29 07:00:00,731,1,-0.28640559026943707,0.28640559026943707,"{'max_depth': 10, 'max_features': 0.5, 'min_samples_leaf': 2, 'n_estimators': 100}"
2021-07-29 07:00:00,Neural Network,7,1.3390353017667322,1.413232817805283,2019-07-29 07:00:00,2021-07-29 07:00:00,2021-07-29 07:00:00,731,1,-0.35941423956503044,0.35941423956503044,"{'regressor__model__alpha': 0.0001, 'regressor__model__hidden_layer_sizes': (64, 32), 'regressor__model__learning_rate_init': 0.0001}"
2021-07-29 07:00:00,Naive,7,1.3390353017667322,2.1092355026104785,2019-07-29 07:00:00,2021-07-29 07:00:00,2021-07-29 07:00:00,731,1,,,not_applicable
2021-07-30 07:00:00,Decision Tree,7,1.5765673001469647,1.3789349609828254,2019-07-30 07:00:00,2021-07-30 07:00:00,2021-07-30 07:00:00,731,1,-0.42290985504429074,0.42290985504429074,"{'max_depth': None, 'min_samples_leaf': 1, 'min_samples_split': 20}"
2021-07-30 07:00:00,ARX,7,1.5765673001469647,1.4410432221593215,2019-07-30 07:00:00,2021-07-30 07:00:00,2021-07-30 07:00:00,731,1,-0.3032104293734177,0.3032104293734177,{'model__alpha': 0.01}
2021-07-30 07:00:00,Random Forest,7,1.5765673001469647,1.68281660960698,2019-07-30 07:00:00,2021-07-30 07:00:00,2021-07-30 07:00:00,731,1,-0.28640559026943707,0.28640559026943707,"{'max_depth': 10, 'max_features': 0.5, 'min_samples_leaf': 2, 'n_estimators': 100}"
2021-07-30 07:00:00,Neural Network,7,1.5765673001469647,1.879576306577626,2019-07-30 07:00:00,2021-07-30 07:00:00,2021-07-30 07:00:00,731,1,-0.35941423956503044,0.35941423956503044,"{'regressor__model__alpha': 0.0001, 'regressor__model__hidden_layer_sizes': (64, 32), 'regressor__model__learning_rate_init': 0.0001}"
2021-07-30 07:00:00,Naive,7,1.5765673001469647,1.3390353017667322,2019-07-30 07:00:00,2021-07-30 07:00:00,2021-07-30 07:00:00,731,1,,,not_applicable
2021-07-31 07:00:00,Decision Tree,7,0.15163137757167353,1.499957823198437,2019-07-31 07:00:00,2021-07-31 07:00:00,2021-07-31 07:00:00,731,1,-0.42290985504429074,0.42290985504429074,"{'max_depth': None, 'min_samples_leaf': 1, 'min_samples_split': 20}"
2021-07-31 07:00:00,ARX,7,0.15163137757167353,0.5774184683350166,2019-07-31 07:00:00,2021-07-31 07:00:00,2021-07-31 07:00:00,731,1,-0.3032104293734177,0.3032104293734177,{'model__alpha': 0.01}
2021-07-31 07:00:00,Random Forest,7,0.15163137757167353,1.2127741713765698,2019-07-31 07:00:00,2021-07-31 07:00:00,2021-07-31 07:00:00,731,1,-0.28640559026943707,0.28640559026943707,"{'max_depth': 10, 'max_features': 0.5, 'min_samples_leaf': 2, 'n_estimators': 100}"
2021-07-31 07:00:00,Neural Network,7,0.15163137757167353,0.7243205343711322,2019-07-31 07:00:00,2021-07-31 07:00:00,2021-07-31 07:00:00,731,1,-0.35941423956503044,0.35941423956503044,"{'regressor__model__alpha': 0.0001, 'regressor__model__hidden_layer_sizes': (64, 32), 'regressor__model__learning_rate_init': 0.0001}"
2021-07-31 07:00:00,Naive,7,0.15163137757167353,1.5765673001469647,2019-07-31 07:00:00,2021-07-31 07:00:00,2021-07-31 07:00:00,731,1,,,not_applicable
2021-08-01 07:00:00,Decision Tree,7,0.9344267966724149,-0.7451339737705331,2019-08-01 07:00:00,2021-08-01 07:00:00,2021-08-01 07:00:00,731,1,-0.42290985504429074,0.42290985504429074,"{'max_depth': None, 'min_samples_leaf': 1, 'min_samples_split': 20}"
2021-08-01 07:00:00,ARX,7,0.9344267966724149,0.4604507352813091,2019-08-01 07:00:00,2021-08-01 07:00:00,2021-08-01 07:00:00,731,1,-0.3032104293734177,0.3032104293734177,{'model__alpha': 0.01}
2021-08-01 07:00:00,Random Forest,7,0.9344267966724149,-0.15725390012536247,2019-08-01 07:00:00,2021-08-01 07:00:00,2021-08-01 07:00:00,731,1,-0.28640559026943707,0.28640559026943707,"{'max_depth': 10, 'max_features': 0.5, 'min_samples_leaf': 2, 'n_estimators': 100}"
2021-08-01 07:00:00,Neural Network,7,0.9344267966724149,0.4632330467209694,2019-08-01 07:00:00,2021-08-01 07:00:00,2021-08-01 07:00:00,731,1,-0.35941423956503044,0.35941423956503044,"{'regressor__model__alpha': 0.0001, 'regressor__model__hidden_layer_sizes': (64, 32), 'regressor__model__learning_rate_init': 0.0001}"
2021-08-01 07:00:00,Naive,7,0.9344267966724149,0.15163137757167353,2019-08-01 07:00:00,2021-08-01 07:00:00,2021-08-01 07:00:00,731,1,,,not_applicable
2021-08-02 07:00:00,Decision Tree,7,1.7989694822773459,1.8236681320589945,2019-08-02 07:00:00,2021-08-02 07:00:00,2021-08-02 07:00:00,731,1,-0.42290985504429074,0.42290985504429074,"{'max_depth': None, 'min_samples_leaf': 1, 'min_samples_split': 20}"
2021-08-02 07:00:00,ARX,7,1.7989694822773459,1.5943978636516434,2019-08-02 07:00:00,2021-08-02 07:00:00,2021-08-02 07:00:00,731,1,-0.3032104293734177,0.3032104293734177,{'model__alpha': 0.01}
2021-08-02 07:00:00,Random Forest,7,1.7989694822773459,1.2945034008619378,2019-08-02 07:00:00,2021-08-02 07:00:00,2021-08-02 07:00:00,731,1,-0.28640559026943707,0.28640559026943707,"{'max_depth': 10, 'max_features': 0.5, 'min_samples_leaf': 2, 'n_estimators': 100}"
2021-08-02 07:00:00,Neural Network,7,1.7989694822773459,1.6211216349113078,2019-08-02 07:00:00,2021-08-02 07:00:00,2021-08-02 07:00:00,731,1,-0.35941423956503044,0.35941423956503044,"{'regressor__model__alpha': 0.0001, 'regressor__model__hidden_layer_sizes': (64, 32), 'regressor__model__learning_rate_init': 0.0001}"
2021-08-02 07:00:00,Naive,7,1.7989694822773459,0.9344267966724149,2019-08-02 07:00:00,2021-08-02 07:00:00,2021-08-02 07:00:00,731,1,,,not_applicable
2021-08-03 07:00:00,Decision Tree,7,2.346110171232504,2.030712423857579,2019-08-03 07:00:00,2021-08-03 07:00:00,2021-08-03 07:00:00,731,1,-0.42290985504429074,0.42290985504429074,"{'max_depth': None, 'min_samples_leaf': 1, 'min_samples_split': 20}"
2021-08-03 07:00:00,ARX,7,2.346110171232504,2.209432246216721,2019-08-03 07:00:00,2021-08-03 07:00:00,2021-08-03 07:00:00,731,1,-0.3032104293734177,0.3032104293734177,{'model__alpha': 0.01}
2021-08-03 07:00:00,Random Forest,7,2.346110171232504,1.9769897904447367,2019-08-03 07:00:00,2021-08-03 07:00:00,2021-08-03 07:00:00,731,1,-0.28640559026943707,0.28640559026943707,"{'max_depth': 10, 'max_features': 0.5, 'min_samples_leaf': 2, 'n_estimators': 100}"
2021-08-03 07:00:00,Neural Network,7,2.346110171232504,1.934448490147606,2019-08-03 07:00:00,2021-08-03 07:00:00,2021-08-03 07:00:00,731,1,-0.35941423956503044,0.35941423956503044,"{'regressor__model__alpha': 0.0001, 'regressor__model__hidden_layer_sizes': (64, 32), 'regressor__model__learning_rate_init': 0.0001}"
2021-08-03 07:00:00,Naive,7,2.346110171232504,1.7989694822773459,2019-08-03 07:00:00,2021-08-03 07:00:00,2021-08-03 07:00:00,731,1,,,not_applicable
2021-08-04 07:00:00,Decision Tree,7,2.0804349966713627,2.146314511680274,2019-08-04 07:00:00,2021-08-04 07:00:00,2021-08-04 07:00:00,731,1,-0.42290985504429074,0.42290985504429074,"{'max_depth': None, 'min_samples_leaf': 1, 'min_samples_split': 20}"
2021-08-04 07:00:00,ARX,7,2.0804349966713627,2.2578451754900875,2019-08-04 07:00:00,2021-08-04 07:00:00,2021-08-04 07:00:00,731,1,-0.3032104293734177,0.3032104293734177,{'model__alpha': 0.01}
2021-08-04 07:00:00,Random Forest,7,2.0804349966713627,2.101910224567725,2019-08-04 07:00:00,2021-08-04 07:00:00,2021-08-04 07:00:00,731,1,-0.28640559026943707,0.28640559026943707,"{'max_depth': 10, 'max_features': 0.5, 'min_samples_leaf': 2, 'n_estimators': 100}"
2021-08-04 07:00:00,Neural Network,7,2.0804349966713627,1.7234818883455203,2019-08-04 07:00:00,2021-08-04 07:00:00,2021-08-04 07:00:00,731,1,-0.35941423956503044,0.35941423956503044,"{'regressor__model__alpha': 0.0001, 'regressor__model__hidden_layer_sizes': (64, 32), 'regressor__model__learning_rate_init': 0.0001}"
2021-08-04 07:00:00,Naive,7,2.0804349966713627,2.346110171232504,2019-08-04 07:00:00,2021-08-04 07:00:00,2021-08-04 07:00:00,731,1,,,not_applicable
2021-08-05 07:00:00,Decision Tree,7,2.2887789260418097,2.0345865923166673,2019-08-05 07:00:00,2021-08-05 07:00:00,2021-08-05 07:00:00,731,1,-0.42290985504429074,0.42290985504429074,"{'max_depth': None, 'min_samples_leaf': 1, 'min_samples_split': 20}"
2021-08-05 07:00:00,ARX,7,2.2887789260418097,2.0401772037779917,2019-08-05 07:00:00,2021-08-05 07:00:00,2021-08-05 07:00:00,731,1,-0.3032104293734177,0.3032104293734177,{'model__alpha': 0.01}
2021-08-05 07:00:00,Random Forest,7,2.2887789260418097,1.8839272768143212,2019-08-05 07:00:00,2021-08-05 07:00:00,2021-08-05 07:00:00,731,1,-0.28640559026943707,0.28640559026943707,"{'max_depth': 10, 'max_features': 0.5, 'min_samples_leaf': 2, 'n_estimators': 100}"
2021-08-05 07:00:00,Neural Network,7,2.2887789260418097,1.545352259745635,2019-08-05 07:00:00,2021-08-05 07:00:00,2021-08-05 07:00:00,731,1,-0.35941423956503044,0.35941423956503044,"{'regressor__model__alpha': 0.0001, 'regressor__model__hidden_layer_sizes': (64, 32), 'regressor__model__learning_rate_init': 0.0001}"
2021-08-05 07:00:00,Naive,7,2.2887789260418097,2.0804349966713627,2019-08-05 07:00:00,2021-08-05 07:00:00,2021-08-05 07:00:00,731,1,,,not_applicable
2021-08-06 07:00:00,Decision Tree,7,1.7907203321828427,1.5163375968633304,2019-08-06 07:00:00,2021-08-06 07:00:00,2021-08-06 07:00:00,731,1,-0.42290985504429074,0.42290985504429074,"{'max_depth': None, 'min_samples_leaf': 1, 'min_samples_split': 20}"
2021-08-06 07:00:00,ARX,7,1.7907203321828427,1.4860095559799844,2019-08-06 07:00:00,2021-08-06 07:00:00,2021-08-06 07:00:00,731,1,-0.3032104293734177,0.3032104293734177,{'model__alpha': 0.01}
2021-08-06 07:00:00,Random Forest,7,1.7907203321828427,1.6715083934136985,2019-08-06 07:00:00,2021-08-06 07:00:00,2021-08-06 07:00:00,731,1,-0.28640559026943707,0.28640559026943707,"{'max_depth': 10, 'max_features': 0.5, 'min_samples_leaf': 2, 'n_estimators': 100}"
2021-08-06 07:00:00,Neural Network,7,1.7907203321828427,1.6548414656316173,2019-08-06 07:00:00,2021-08-06 07:00:00,2021-08-06 07:00:00,731,1,-0.35941423956503044,0.35941423956503044,"{'regressor__model__alpha': 0.0001, 'regressor__model__hidden_layer_sizes': (64, 32), 'regressor__model__learning_rate_init': 0.0001}"
2021-08-06 07:00:00,Naive,7,1.7907203321828427,2.2887789260418097,2019-08-06 07:00:00,2021-08-06 07:00:00,2021-08-06 07:00:00,731,1,,,not_applicable
2021-08-07 07:00:00,Decision Tree,7,1.132350863965905,1.0296252976969251,2019-08-07 07:00:00,2021-08-07 07:00:00,2021-08-07 07:00:00,731,1,-0.42290985504429074,0.42290985504429074,"{'max_depth': None, 'min_samples_leaf': 1, 'min_samples_split': 20}"
2021-08-07 07:00:00,ARX,7,1.132350863965905,0.6996387615002828,2019-08-07 07:00:00,2021-08-07 07:00:00,2021-08-07 07:00:00,731,1,-0.3032104293734177,0.3032104293734177,{'model__alpha': 0.01}
2021-08-07 07:00:00,Random Forest,7,1.132350863965905,0.8288288019319484,2019-08-07 07:00:00,2021-08-07 07:00:00,2021-08-07 07:00:00,731,1,-0.28640559026943707,0.28640559026943707,"{'max_depth': 10, 'max_features': 0.5, 'min_samples_leaf': 2, 'n_estimators': 100}"
2021-08-07 07:00:00,Neural Network,7,1.132350863965905,0.8607865452132248,2019-08-07 07:00:00,2021-08-07 07:00:00,2021-08-07 07:00:00,731,1,-0.35941423956503044,0.35941423956503044,"{'regressor__model__alpha': 0.0001, 'regressor__model__hidden_layer_sizes': (64, 32), 'regressor__model__learning_rate_init': 0.0001}"
2021-08-07 07:00:00,Naive,7,1.132350863965905,1.7907203321828427,2019-08-07 07:00:00,2021-08-07 07:00:00,2021-08-07 07:00:00,731,1,,,not_applicable
2021-08-08 07:00:00,Decision Tree,7,-1.5024505568792756,-0.5073292010589492,2019-08-08 07:00:00,2021-08-08 07:00:00,2021-08-08 07:00:00,731,1,-0.42290985504429074,0.42290985504429074,"{'max_depth': None, 'min_samples_leaf': 1, 'min_samples_split': 20}"
2021-08-08 07:00:00,ARX,7,-1.5024505568792756,0.21528440133127308,2019-08-08 07:00:00,2021-08-08 07:00:00,2021-08-08 07:00:00,731,1,-0.3032104293734177,0.3032104293734177,{'model__alpha': 0.01}
2021-08-08 07:00:00,Random Forest,7,-1.5024505568792756,0.17399480115001173,2019-08-08 07:00:00,2021-08-08 07:00:00,2021-08-08 07:00:00,731,1,-0.28640559026943707,0.28640559026943707,"{'max_depth': 10, 'max_features': 0.5, 'min_samples_leaf': 2, 'n_estimators': 100}"
2021-08-08 07:00:00,Neural Network,7,-1.5024505568792756,0.46412853245803004,2019-08-08 07:00:00,2021-08-08 07:00:00,2021-08-08 07:00:00,731,1,-0.35941423956503044,0.35941423956503044,"{'regressor__model__alpha': 0.0001, 'regressor__model__hidden_layer_sizes': (64, 32), 'regressor__model__learning_rate_init': 0.0001}"
2021-08-08 07:00:00,Naive,7,-1.5024505568792756,1.132350863965905,2019-08-08 07:00:00,2021-08-08 07:00:00,2021-08-08 07:00:00,731,1,,,not_applicable
2021-08-09 07:00:00,Decision Tree,7,1.6360246079003877,1.8218431634056123,2019-08-09 07:00:00,2021-08-09 07:00:00,2021-08-09 07:00:00,731,1,-0.42290985504429074,0.42290985504429074,"{'max_depth': None, 'min_samples_leaf': 1, 'min_samples_split': 20}"
2021-08-09 07:00:00,ARX,7,1.6360246079003877,1.2325355905002047,2019-08-09 07:00:00,2021-08-09 07:00:00,2021-08-09 07:00:00,731,1,-0.3032104293734177,0.3032104293734177,{'model__alpha': 0.01}
2021-08-09 07:00:00,Random Forest,7,1.6360246079003877,0.8395760672165818,2019-08-09 07:00:00,2021-08-09 07:00:00,2021-08-09 07:00:00,731,1,-0.28640559026943707,0.28640559026943707,"{'max_depth': 10, 'max_features': 0.5, 'min_samples_leaf': 2, 'n_estimators': 100}"
2021-08-09 07:00:00,Neural Network,7,1.6360246079003877,1.129352475338171,2019-08-09 07:00:00,2021-08-09 07:00:00,2021-08-09 07:00:00,731,1,-0.35941423956503044,0.35941423956503044,"{'regressor__model__alpha': 0.0001, 'regressor__model__hidden_layer_sizes': (64, 32), 'regressor__model__learning_rate_init': 0.0001}"
2021-08-09 07:00:00,Naive,7,1.6360246079003877,-1.5024505568792756,2019-08-09 07:00:00,2021-08-09 07:00:00,2021-08-09 07:00:00,731,1,,,not_applicable
2021-08-10 07:00:00,Decision Tree,7,2.0292148316445964,2.247650476164178,2019-08-10 07:00:00,2021-08-10 07:00:00,2021-08-10 07:00:00,731,1,-0.42290985504429074,0.42290985504429074,"{'max_depth': None, 'min_samples_leaf': 1, 'min_samples_split': 20}"
2021-08-10 07:00:00,ARX,7,2.0292148316445964,1.7825134906575502,2019-08-10 07:00:00,2021-08-10 07:00:00,2021-08-10 07:00:00,731,1,-0.3032104293734177,0.3032104293734177,{'model__alpha': 0.01}
2021-08-10 07:00:00,Random Forest,7,2.0292148316445964,1.9123896412160437,2019-08-10 07:00:00,2021-08-10 07:00:00,2021-08-10 07:00:00,731,1,-0.28640559026943707,0.28640559026943707,"{'max_depth': 10, 'max_features': 0.5, 'min_samples_leaf': 2, 'n_estimators': 100}"
2021-08-10 07:00:00,Neural Network,7,2.0292148316445964,1.559500327533902,2019-08-10 07:00:00,2021-08-10 07:00:00,2021-08-10 07:00:00,731,1,-0.35941423956503044,0.35941423956503044,"{'regressor__model__alpha': 0.0001, 'regressor__model__hidden_layer_sizes': (64, 32), 'regressor__model__learning_rate_init': 0.0001}"
2021-08-10 07:00:00,Naive,7,2.0292148316445964,1.6360246079003877,2019-08-10 07:00:00,2021-08-10 07:00:00,2021-08-10 07:00:00,731,1,,,not_applicable
2021-08-11 07:00:00,Decision Tree,7,2.3747040485868043,2.346110171232504,2019-08-11 07:00:00,2021-08-11 07:00:00,2021-08-11 07:00:00,731,1,-0.42290985504429074,0.42290985504429074,"{'max_depth': None, 'min_samples_leaf': 1, 'min_samples_split': 20}"
2021-08-11 07:00:00,ARX,7,2.3747040485868043,1.996386354710432,2019-08-11 07:00:00,2021-08-11 07:00:00,2021-08-11 07:00:00,731,1,-0.3032104293734177,0.3032104293734177,{'model__alpha': 0.01}
2021-08-11 07:00:00,Random Forest,7,2.3747040485868043,2.11754457212832,2019-08-11 07:00:00,2021-08-11 07:00:00,2021-08-11 07:00:00,731,1,-0.28640559026943707,0.28640559026943707,"{'max_depth': 10, 'max_features': 0.5, 'min_samples_leaf': 2, 'n_estimators': 100}"
2021-08-11 07:00:00,Neural Network,7,2.3747040485868043,2.0867346806055713,2019-08-11 07:00:00,2021-08-11 07:00:00,2021-08-11 07:00:00,731,1,-0.35941423956503044,0.35941423956503044,"{'regressor__model__alpha': 0.0001, 'regressor__model__hidden_layer_sizes': (64, 32), 'regressor__model__learning_rate_init': 0.0001}"
2021-08-11 07:00:00,Naive,7,2.3747040485868043,2.0292148316445964,2019-08-11 07:00:00,2021-08-11 07:00:00,2021-08-11 07:00:00,731,1,,,not_applicable
2021-08-12 07:00:00,Decision Tree,7,2.2154066565172137,1.5857266375079657,2019-08-12 07:00:00,2021-08-12 07:00:00,2021-08-12 07:00:00,731,1,-0.42290985504429074,0.42290985504429074,"{'max_depth': None, 'min_samples_leaf': 1, 'min_samples_split': 20}"
2021-08-12 07:00:00,ARX,7,2.2154066565172137,2.06074507830099,2019-08-12 07:00:00,2021-08-12 07:00:00,2021-08-12 07:00:00,731,1,-0.3032104293734177,0.3032104293734177,{'model__alpha': 0.01}
2021-08-12 07:00:00,Random Forest,7,2.2154066565172137,2.0955787454027197,2019-08-12 07:00:00,2021-08-12 07:00:00,2021-08-12 07:00:00,731,1,-0.28640559026943707,0.28640559026943707,"{'max_depth': 10, 'max_features': 0.5, 'min_samples_leaf': 2, 'n_estimators': 100}"
2021-08-12 07:00:00,Neural Network,7,2.2154066565172137,1.861371982395202,2019-08-12 07:00:00,2021-08-12 07:00:00,2021-08-12 07:00:00,731,1,-0.35941423956503044,0.35941423956503044,"{'regressor__model__alpha': 0.0001, 'regressor__model__hidden_layer_sizes': (64, 32), 'regressor__model__learning_rate_init': 0.0001}"
2021-08-12 07:00:00,Naive,7,2.2154066565172137,2.3747040485868043,2019-08-12 07:00:00,2021-08-12 07:00:00,2021-08-12 07:00:00,731,1,,,not_applicable
2021-08-13 07:00:00,Decision Tree,7,2.258114513487086,1.5857266375079657,2019-08-13 07:00:00,2021-08-13 07:00:00,2021-08-13 07:00:00,731,1,-0.42290985504429074,0.42290985504429074,"{'max_depth': None, 'min_samples_leaf': 1, 'min_samples_split': 20}"
2021-08-13 07:00:00,ARX,7,2.258114513487086,2.0027939434890056,2019-08-13 07:00:00,2021-08-13 07:00:00,2021-08-13 07:00:00,731,1,-0.3032104293734177,0.3032104293734177,{'model__alpha': 0.01}
2021-08-13 07:00:00,Random Forest,7,2.258114513487086,1.9933263794749043,2019-08-13 07:00:00,2021-08-13 07:00:00,2021-08-13 07:00:00,731,1,-0.28640559026943707,0.28640559026943707,"{'max_depth': 10, 'max_features': 0.5, 'min_samples_leaf': 2, 'n_estimators': 100}"
2021-08-13 07:00:00,Neural Network,7,2.258114513487086,2.615647256824804,2019-08-13 07:00:00,2021-08-13 07:00:00,2021-08-13 07:00:00,731,1,-0.35941423956503044,0.35941423956503044,"{'regressor__model__alpha': 0.0001, 'regressor__model__hidden_layer_sizes': (64, 32), 'regressor__model__learning_rate_init': 0.0001}"
2021-08-13 07:00:00,Naive,7,2.258114513487086,2.2154066565172137,2019-08-13 07:00:00,2021-08-13 07:00:00,2021-08-13 07:00:00,731,1,,,not_applicable
2021-08-14 07:00:00,Decision Tree,7,1.4153065381608283,1.5857266375079657,2019-08-14 07:00:00,2021-08-14 07:00:00,2021-08-14 07:00:00,731,1,-0.42290985504429074,0.42290985504429074,"{'max_depth': None, 'min_samples_leaf': 1, 'min_samples_split': 20}"
2021-08-14 07:00:00,ARX,7,1.4153065381608283,1.0768683262640315,2019-08-14 07:00:00,2021-08-14 07:00:00,2021-08-14 07:00:00,731,1,-0.3032104293734177,0.3032104293734177,{'model__alpha': 0.01}
2021-08-14 07:00:00,Random Forest,7,1.4153065381608283,1.4028747676683804,2019-08-14 07:00:00,2021-08-14 07:00:00,2021-08-14 07:00:00,731,1,-0.28640559026943707,0.28640559026943707,"{'max_depth': 10, 'max_features': 0.5, 'min_samples_leaf': 2, 'n_estimators': 100}"
2021-08-14 07:00:00,Neural Network,7,1.4153065381608283,1.17013120693614,2019-08-14 07:00:00,2021-08-14 07:00:00,2021-08-14 07:00:00,731,1,-0.35941423956503044,0.35941423956503044,"{'regressor__model__alpha': 0.0001, 'regressor__model__hidden_layer_sizes': (64, 32), 'regressor__model__learning_rate_init': 0.0001}"
2021-08-14 07:00:00,Naive,7,1.4153065381608283,2.258114513487086,2019-08-14 07:00:00,2021-08-14 07:00:00,2021-08-14 07:00:00,731,1,,,not_applicable
2021-08-15 07:00:00,Decision Tree,7,0.949339667309582,1.3447202688606745,2019-08-15 07:00:00,2021-08-15 07:00:00,2021-08-15 07:00:00,731,1,-0.42290985504429074,0.42290985504429074,"{'max_depth': None, 'min_samples_leaf': 1, 'min_samples_split': 20}"
2021-08-15 07:00:00,ARX,7,0.949339667309582,0.02110409775917571,2019-08-15 07:00:00,2021-08-15 07:00:00,2021-08-15 07:00:00,731,1,-0.3032104293734177,0.3032104293734177,{'model__alpha': 0.01}
2021-08-15 07:00:00,Random Forest,7,0.949339667309582,0.18496528593847544,2019-08-15 07:00:00,2021-08-15 07:00:00,2021-08-15 07:00:00,731,1,-0.28640559026943707,0.28640559026943707,"{'max_depth': 10, 'max_features': 0.5, 'min_samples_leaf': 2, 'n_estimators': 100}"
2021-08-15 07:00:00,Neural Network,7,0.949339667309582,0.527221534618157,2019-08-15 07:00:00,2021-08-15 07:00:00,2021-08-15 07:00:00,731,1,-0.35941423956503044,0.35941423956503044,"{'regressor__model__alpha': 0.0001, 'regressor__model__hidden_layer_sizes': (64, 32), 'regressor__model__learning_rate_init': 0.0001}"
2021-08-15 07:00:00,Naive,7,0.949339667309582,1.4153065381608283,2019-08-15 07:00:00,2021-08-15 07:00:00,2021-08-15 07:00:00,731,1,,,not_applicable
2021-08-16 07:00:00,Decision Tree,7,1.933628113365902,1.5765673001469647,2019-08-16 07:00:00,2021-08-16 07:00:00,2021-08-16 07:00:00,731,1,-0.42290985504429074,0.42290985504429074,"{'max_depth': None, 'min_samples_leaf': 1, 'min_samples_split': 20}"
2021-08-16 07:00:00,ARX,7,1.933628113365902,1.5823906181816774,2019-08-16 07:00:00,2021-08-16 07:00:00,2021-08-16 07:00:00,731,1,-0.3032104293734177,0.3032104293734177,{'model__alpha': 0.01}
2021-08-16 07:00:00,Random Forest,7,1.933628113365902,1.5005487210680084,2019-08-16 07:00:00,2021-08-16 07:00:00,2021-08-16 07:00:00,731,1,-0.28640559026943707,0.28640559026943707,"{'max_depth': 10, 'max_features': 0.5, 'min_samples_leaf': 2, 'n_estimators': 100}"
2021-08-16 07:00:00,Neural Network,7,1.933628113365902,1.1155900613263625,2019-08-16 07:00:00,2021-08-16 07:00:00,2021-08-16 07:00:00,731,1,-0.35941423956503044,0.35941423956503044,"{'regressor__model__alpha': 0.0001, 'regressor__model__hidden_layer_sizes': (64, 32), 'regressor__model__learning_rate_init': 0.0001}"
2021-08-16 07:00:00,Naive,7,1.933628113365902,0.949339667309582,2019-08-16 07:00:00,2021-08-16 07:00:00,2021-08-16 07:00:00,731,1,,,not_applicable
2021-08-17 07:00:00,Decision Tree,7,1.4029057577805681,1.018905685065321,2019-08-17 07:00:00,2021-08-17 07:00:00,2021-08-17 07:00:00,731,1,-0.42290985504429074,0.42290985504429074,"{'max_depth': None, 'min_samples_leaf': 1, 'min_samples_split': 20}"
2021-08-17 07:00:00,ARX,7,1.4029057577805681,1.1313345834113475,2019-08-17 07:00:00,2021-08-17 07:00:00,2021-08-17 07:00:00,731,1,-0.3032104293734177,0.3032104293734177,{'model__alpha': 0.01}
2021-08-17 07:00:00,Random Forest,7,1.4029057577805681,1.2815159720808185,2019-08-17 07:00:00,2021-08-17 07:00:00,2021-08-17 07:00:00,731,1,-0.28640559026943707,0.28640559026943707,"{'max_depth': 10, 'max_features': 0.5, 'min_samples_leaf': 2, 'n_estimators': 100}"
2021-08-17 07:00:00,Neural Network,7,1.4029057577805681,1.1150024114897161,2019-08-17 07:00:00,2021-08-17 07:00:00,2021-08-17 07:00:00,731,1,-0.35941423956503044,0.35941423956503044,"{'regressor__model__alpha': 0.0001, 'regressor__model__hidden_layer_sizes': (64, 32), 'regressor__model__learning_rate_init': 0.0001}"
2021-08-17 07:00:00,Naive,7,1.4029057577805681,1.933628113365902,2019-08-17 07:00:00,2021-08-17 07:00:00,2021-08-17 07:00:00,731,1,,,not_applicable
2021-08-18 07:00:00,Decision Tree,7,1.8551559164380296,1.5058171226773172,2019-08-18 07:00:00,2021-08-18 07:00:00,2021-08-18 07:00:00,731,1,-0.42290985504429074,0.42290985504429074,"{'max_depth': None, 'min_samples_leaf': 1, 'min_samples_split': 20}"
2021-08-18 07:00:00,ARX,7,1.8551559164380296,1.5729214189502976,2019-08-18 07:00:00,2021-08-18 07:00:00,2021-08-18 07:00:00,731,1,-0.3032104293734177,0.3032104293734177,{'model__alpha': 0.01}
2021-08-18 07:00:00,Random Forest,7,1.8551559164380296,1.5209592522702524,2019-08-18 07:00:00,2021-08-18 07:00:00,2021-08-18 07:00:00,731,1,-0.28640559026943707,0.28640559026943707,"{'max_depth': 10, 'max_features': 0.5, 'min_samples_leaf': 2, 'n_estimators': 100}"
2021-08-18 07:00:00,Neural Network,7,1.8551559164380296,1.5714991447400108,2019-08-18 07:00:00,2021-08-18 07:00:00,2021-08-18 07:00:00,731,1,-0.35941423956503044,0.35941423956503044,"{'regressor__model__alpha': 0.0001, 'regressor__model__hidden_layer_sizes': (64, 32), 'regressor__model__learning_rate_init': 0.0001}"
2021-08-18 07:00:00,Naive,7,1.8551559164380296,1.4029057577805681,2019-08-18 07:00:00,2021-08-18 07:00:00,2021-08-18 07:00:00,731,1,,,not_applicable
2021-08-19 07:00:00,Decision Tree,7,1.9009905588782334,1.9133142845625863,2019-08-19 07:00:00,2021-08-19 07:00:00,2021-08-19 07:00:00,731,1,-0.42290985504429074,0.42290985504429074,"{'max_depth': None, 'min_samples_leaf': 1, 'min_samples_split': 20}"
2021-08-19 07:00:00,ARX,7,1.9009905588782334,1.6877002688609217,2019-08-19 07:00:00,2021-08-19 07:00:00,2021-08-19 07:00:00,731,1,-0.3032104293734177,0.3032104293734177,{'model__alpha': 0.01}
2021-08-19 07:00:00,Random Forest,7,1.9009905588782334,1.716789729518153,2019-08-19 07:00:00,2021-08-19 07:00:00,2021-08-19 07:00:00,731,1,-0.28640559026943707,0.28640559026943707,"{'max_depth': 10, 'max_features': 0.5, 'min_samples_leaf': 2, 'n_estimators': 100}"
2021-08-19 07:00:00,Neural Network,7,1.9009905588782334,1.4677334682330252,2019-08-19 07:00:00,2021-08-19 07:00:00,2021-08-19 07:00:00,731,1,-0.35941423956503044,0.35941423956503044,"{'regressor__model__alpha': 0.0001, 'regressor__model__hidden_layer_sizes': (64, 32), 'regressor__model__learning_rate_init': 0.0001}"
2021-08-19 07:00:00,Naive,7,1.9009905588782334,1.8551559164380296,2019-08-19 07:00:00,2021-08-19 07:00:00,2021-08-19 07:00:00,731,1,,,not_applicable
2021-08-20 07:00:00,Decision Tree,7,2.1735045835393936,2.000445801957618,2019-08-20 07:00:00,2021-08-20 07:00:00,2021-08-20 07:00:00,731,1,-0.42290985504429074,0.42290985504429074,"{'max_depth': None, 'min_samples_leaf': 1, 'min_samples_split': 20}"
2021-08-20 07:00:00,ARX,7,2.1735045835393936,2.1755263047352096,2019-08-20 07:00:00,2021-08-20 07:00:00,2021-08-20 07:00:00,731,1,-0.3032104293734177,0.3032104293734177,{'model__alpha': 0.01}
2021-08-20 07:00:00,Random Forest,7,2.1735045835393936,2.1039367977433487,2019-08-20 07:00:00,2021-08-20 07:00:00,2021-08-20 07:00:00,731,1,-0.28640559026943707,0.28640559026943707,"{'max_depth': 10, 'max_features': 0.5, 'min_samples_leaf': 2, 'n_estimators': 100}"
2021-08-20 07:00:00,Neural Network,7,2.1735045835393936,1.7948797132192802,2019-08-20 07:00:00,2021-08-20 07:00:00,2021-08-20 07:00:00,731,1,-0.35941423956503044,0.35941423956503044,"{'regressor__model__alpha': 0.0001, 'regressor__model__hidden_layer_sizes': (64, 32), 'regressor__model__learning_rate_init': 0.0001}"
2021-08-20 07:00:00,Naive,7,2.1735045835393936,1.9009905588782334,2019-08-20 07:00:00,2021-08-20 07:00:00,2021-08-20 07:00:00,731,1,,,not_applicable
2021-08-21 07:00:00,Decision Tree,7,1.7974467164389463,1.532084919429403,2019-08-21 07:00:00,2021-08-21 07:00:00,2021-08-21 07:00:00,731,1,-0.42290985504429074,0.42290985504429074,"{'max_depth': None, 'min_samples_leaf': 1, 'min_samples_split': 20}"
2021-08-21 07:00:00,ARX,7,1.7974467164389463,1.4527090291333629,2019-08-21 07:00:00,2021-08-21 07:00:00,2021-08-21 07:00:00,731,1,-0.3032104293734177,0.3032104293734177,{'model__alpha': 0.01}
2021-08-21 07:00:00,Random Forest,7,1.7974467164389463,1.5184333980792761,2019-08-21 07:00:00,2021-08-21 07:00:00,2021-08-21 07:00:00,731,1,-0.28640559026943707,0.28640559026943707,"{'max_depth': 10, 'max_features': 0.5, 'min_samples_leaf': 2, 'n_estimators': 100}"
2021-08-21 07:00:00,Neural Network,7,1.7974467164389463,1.588648386701487,2019-08-21 07:00:00,2021-08-21 07:00:00,2021-08-21 07:00:00,731,1,-0.35941423956503044,0.35941423956503044,"{'regressor__model__alpha': 0.0001, 'regressor__model__hidden_layer_sizes': (64, 32), 'regressor__model__learning_rate_init': 0.0001}"
2021-08-21 07:00:00,Naive,7,1.7974467164389463,2.1735045835393936,2019-08-21 07:00:00,2021-08-21 07:00:00,2021-08-21 07:00:00,731,1,,,not_applicable
2021-08-22 07:00:00,Decision Tree,7,1.3025854412233844,1.590315524128393,2019-08-22 07:00:00,2021-08-22 07:00:00,2021-08-22 07:00:00,731,1,-0.42290985504429074,0.42290985504429074,"{'max_depth': None, 'min_samples_leaf': 1, 'min_samples_split': 20}"
2021-08-22 07:00:00,ARX,7,1.3025854412233844,0.9689943619850301,2019-08-22 07:00:00,2021-08-22 07:00:00,2021-08-22 07:00:00,731,1,-0.3032104293734177,0.3032104293734177,{'model__alpha': 0.01}
2021-08-22 07:00:00,Random Forest,7,1.3025854412233844,1.3822063398739148,2019-08-22 07:00:00,2021-08-22 07:00:00,2021-08-22 07:00:00,731,1,-0.28640559026943707,0.28640559026943707,"{'max_depth': 10, 'max_features': 0.5, 'min_samples_leaf': 2, 'n_estimators': 100}"
2021-08-22 07:00:00,Neural Network,7,1.3025854412233844,1.0793264637261628,2019-08-22 07:00:00,2021-08-22 07:00:00,2021-08-22 07:00:00,731,1,-0.35941423956503044,0.35941423956503044,"{'regressor__model__alpha': 0.0001, 'regressor__model__hidden_layer_sizes': (64, 32), 'regressor__model__learning_rate_init': 0.0001}"
2021-08-22 07:00:00,Naive,7,1.3025854412233844,1.7974467164389463,2019-08-22 07:00:00,2021-08-22 07:00:00,2021-08-22 07:00:00,731,1,,,not_applicable
2021-08-23 07:00:00,Decision Tree,7,2.064138292780299,1.3789349609828254,2019-08-23 07:00:00,2021-08-23 07:00:00,2021-08-23 07:00:00,731,1,-0.42290985504429074,0.42290985504429074,"{'max_depth': None, 'min_samples_leaf': 1, 'min_samples_split': 20}"
2021-08-23 07:00:00,ARX,7,2.064138292780299,1.899856512318516,2019-08-23 07:00:00,2021-08-23 07:00:00,2021-08-23 07:00:00,731,1,-0.3032104293734177,0.3032104293734177,{'model__alpha': 0.01}
2021-08-23 07:00:00,Random Forest,7,2.064138292780299,1.804774484194838,2019-08-23 07:00:00,2021-08-23 07:00:00,2021-08-23 07:00:00,731,1,-0.28640559026943707,0.28640559026943707,"{'max_depth': 10, 'max_features': 0.5, 'min_samples_leaf': 2, 'n_estimators': 100}"
2021-08-23 07:00:00,Neural Network,7,2.064138292780299,1.6824429049982674,2019-08-23 07:00:00,2021-08-23 07:00:00,2021-08-23 07:00:00,731,1,-0.35941423956503044,0.35941423956503044,"{'regressor__model__alpha': 0.0001, 'regressor__model__hidden_layer_sizes': (64, 32), 'regressor__model__learning_rate_init': 0.0001}"
2021-08-23 07:00:00,Naive,7,2.064138292780299,1.3025854412233844,2019-08-23 07:00:00,2021-08-23 07:00:00,2021-08-23 07:00:00,731,1,,,not_applicable
2021-08-24 07:00:00,Decision Tree,7,2.046471762484865,1.9643957399264902,2019-08-24 07:00:00,2021-08-24 07:00:00,2021-08-24 07:00:00,731,1,-0.42290985504429074,0.42290985504429074,"{'max_depth': None, 'min_samples_leaf': 1, 'min_samples_split': 20}"
2021-08-24 07:00:00,ARX,7,2.046471762484865,1.9231619571487526,2019-08-24 07:00:00,2021-08-24 07:00:00,2021-08-24 07:00:00,731,1,-0.3032104293734177,0.3032104293734177,{'model__alpha': 0.01}
2021-08-24 07:00:00,Random Forest,7,2.046471762484865,1.9394832522136405,2019-08-24 07:00:00,2021-08-24 07:00:00,2021-08-24 07:00:00,731,1,-0.28640559026943707,0.28640559026943707,"{'max_depth': 10, 'max_features': 0.5, 'min_samples_leaf': 2, 'n_estimators': 100}"
2021-08-24 07:00:00,Neural Network,7,2.046471762484865,1.7657700031805286,2019-08-24 07:00:00,2021-08-24 07:00:00,2021-08-24 07:00:00,731,1,-0.35941423956503044,0.35941423956503044,"{'regressor__model__alpha': 0.0001, 'regressor__model__hidden_layer_sizes': (64, 32), 'regressor__model__learning_rate_init': 0.0001}"
2021-08-24 07:00:00,Naive,7,2.046471762484865,2.064138292780299,2019-08-24 07:00:00,2021-08-24 07:00:00,2021-08-24 07:00:00,731,1,,,not_applicable
2021-08-25 07:00:00,Decision Tree,7,1.99822068565449,2.2198296240076942,2019-08-25 07:00:00,2021-08-25 07:00:00,2021-08-25 07:00:00,731,1,-0.42290985504429074,0.42290985504429074,"{'max_depth': None, 'min_samples_leaf': 1, 'min_samples_split': 20}"
2021-08-25 07:00:00,ARX,7,1.99822068565449,1.937357494353157,2019-08-25 07:00:00,2021-08-25 07:00:00,2021-08-25 07:00:00,731,1,-0.3032104293734177,0.3032104293734177,{'model__alpha': 0.01}
2021-08-25 07:00:00,Random Forest,7,1.99822068565449,2.0668552920399623,2019-08-25 07:00:00,2021-08-25 07:00:00,2021-08-25 07:00:00,731,1,-0.28640559026943707,0.28640559026943707,"{'max_depth': 10, 'max_features': 0.5, 'min_samples_leaf': 2, 'n_estimators': 100}"
2021-08-25 07:00:00,Neural Network,7,1.99822068565449,1.8345656663598453,2019-08-25 07:00:00,2021-08-25 07:00:00,2021-08-25 07:00:00,731,1,-0.35941423956503044,0.35941423956503044,"{'regressor__model__alpha': 0.0001, 'regressor__model__hidden_layer_sizes': (64, 32), 'regressor__model__learning_rate_init': 0.0001}"
2021-08-25 07:00:00,Naive,7,1.99822068565449,2.046471762484865,2019-08-25 07:00:00,2021-08-25 07:00:00,2021-08-25 07:00:00,731,1,,,not_applicable
2021-08-26 07:00:00,Decision Tree,7,2.059513314818001,2.010822060851376,2019-08-26 07:00:00,2021-08-26 07:00:00,2021-08-26 07:00:00,731,1,-0.42290985504429074,0.42290985504429074,"{'max_depth': None, 'min_samples_leaf': 1, 'min_samples_split': 20}"
2021-08-26 07:00:00,ARX,7,2.059513314818001,1.6979814644988984,2019-08-26 07:00:00,2021-08-26 07:00:00,2021-08-26 07:00:00,731,1,-0.3032104293734177,0.3032104293734177,{'model__alpha': 0.01}
2021-08-26 07:00:00,Random Forest,7,2.059513314818001,1.7819767354149534,2019-08-26 07:00:00,2021-08-26 07:00:00,2021-08-26 07:00:00,731,1,-0.28640559026943707,0.28640559026943707,"{'max_depth': 10, 'max_features': 0.5, 'min_samples_leaf': 2, 'n_estimators': 100}"
2021-08-26 07:00:00,Neural Network,7,2.059513314818001,1.6801917712582857,2019-08-26 07:00:00,2021-08-26 07:00:00,2021-08-26 07:00:00,731,1,-0.35941423956503044,0.35941423956503044,"{'regressor__model__alpha': 0.0001, 'regressor__model__hidden_layer_sizes': (64, 32), 'regressor__model__learning_rate_init': 0.0001}"
2021-08-26 07:00:00,Naive,7,2.059513314818001,1.99822068565449,2019-08-26 07:00:00,2021-08-26 07:00:00,2021-08-26 07:00:00,731,1,,,not_applicable
2021-08-27 07:00:00,Decision Tree,7,2.0696122637622745,1.9726033421823275,2019-08-27 07:00:00,2021-08-27 07:00:00,2021-08-27 07:00:00,731,1,-0.42290985504429074,0.42290985504429074,"{'max_depth': None, 'min_samples_leaf': 1, 'min_samples_split': 20}"
2021-08-27 07:00:00,ARX,7,2.0696122637622745,1.7437466577633778,2019-08-27 07:00:00,2021-08-27 07:00:00,2021-08-27 07:00:00,731,1,-0.3032104293734177,0.3032104293734177,{'model__alpha': 0.01}
2021-08-27 07:00:00,Random Forest,7,2.0696122637622745,1.9933978036458635,2019-08-27 07:00:00,2021-08-27 07:00:00,2021-08-27 07:00:00,731,1,-0.28640559026943707,0.28640559026943707,"{'max_depth': 10, 'max_features': 0.5, 'min_samples_leaf': 2, 'n_estimators': 100}"
2021-08-27 07:00:00,Neural Network,7,2.0696122637622745,1.7463970648387412,2019-08-27 07:00:00,2021-08-27 07:00:00,2021-08-27 07:00:00,731,1,-0.35941423956503044,0.35941423956503044,"{'regressor__model__alpha': 0.0001, 'regressor__model__hidden_layer_sizes': (64, 32), 'regressor__model__learning_rate_init': 0.0001}"
2021-08-27 07:00:00,Naive,7,2.0696122637622745,2.059513314818001,2019-08-27 07:00:00,2021-08-27 07:00:00,2021-08-27 07:00:00,731,1,,,not_applicable
2021-08-28 07:00:00,Decision Tree,7,1.6177389437701943,1.363906542922049,2019-08-28 07:00:00,2021-08-28 07:00:00,2021-08-28 07:00:00,731,1,-0.42290985504429074,0.42290985504429074,"{'max_depth': None, 'min_samples_leaf': 1, 'min_samples_split': 20}"
2021-08-28 07:00:00,ARX,7,1.6177389437701943,1.200507311939789,2019-08-28 07:00:00,2021-08-28 07:00:00,2021-08-28 07:00:00,731,1,-0.3032104293734177,0.3032104293734177,{'model__alpha': 0.01}
2021-08-28 07:00:00,Random Forest,7,1.6177389437701943,1.5250649272357484,2019-08-28 07:00:00,2021-08-28 07:00:00,2021-08-28 07:00:00,731,1,-0.28640559026943707,0.28640559026943707,"{'max_depth': 10, 'max_features': 0.5, 'min_samples_leaf': 2, 'n_estimators': 100}"
2021-08-28 07:00:00,Neural Network,7,1.6177389437701943,1.3736727208935142,2019-08-28 07:00:00,2021-08-28 07:00:00,2021-08-28 07:00:00,731,1,-0.35941423956503044,0.35941423956503044,"{'regressor__model__alpha': 0.0001, 'regressor__model__hidden_layer_sizes': (64, 32), 'regressor__model__learning_rate_init': 0.0001}"
2021-08-28 07:00:00,Naive,7,1.6177389437701943,2.0696122637622745,2019-08-28 07:00:00,2021-08-28 07:00:00,2021-08-28 07:00:00,731,1,,,not_applicable
2021-08-29 07:00:00,Decision Tree,7,1.3521480939881299,1.363906542922049,2019-08-29 07:00:00,2021-08-29 07:00:00,2021-08-29 07:00:00,731,1,-0.42290985504429074,0.42290985504429074,"{'max_depth': None, 'min_samples_leaf': 1, 'min_samples_split': 20}"
2021-08-29 07:00:00,ARX,7,1.3521480939881299,0.9035144125226791,2019-08-29 07:00:00,2021-08-29 07:00:00,2021-08-29 07:00:00,731,1,-0.3032104293734177,0.3032104293734177,{'model__alpha': 0.01}
2021-08-29 07:00:00,Random Forest,7,1.3521480939881299,1.2728794976371467,2019-08-29 07:00:00,2021-08-29 07:00:00,2021-08-29 07:00:00,731,1,-0.28640559026943707,0.28640559026943707,"{'max_depth': 10, 'max_features': 0.5, 'min_samples_leaf': 2, 'n_estimators': 100}"
2021-08-29 07:00:00,Neural Network,7,1.3521480939881299,0.7614754493391769,2019-08-29 07:00:00,2021-08-29 07:00:00,2021-08-29 07:00:00,731,1,-0.35941423956503044,0.35941423956503044,"{'regressor__model__alpha': 0.0001, 'regressor__model__hidden_layer_sizes': (64, 32), 'regressor__model__learning_rate_init': 0.0001}"
2021-08-29 07:00:00,Naive,7,1.3521480939881299,1.6177389437701943,2019-08-29 07:00:00,2021-08-29 07:00:00,2021-08-29 07:00:00,731,1,,,not_applicable
2021-08-30 07:00:00,Decision Tree,7,2.216713450549075,2.00255112105328,2019-08-30 07:00:00,2021-08-30 07:00:00,2021-08-30 07:00:00,731,1,-0.42290985504429074,0.42290985504429074,"{'max_depth': None, 'min_samples_leaf': 1, 'min_samples_split': 20}"
2021-08-30 07:00:00,ARX,7,2.216713450549075,1.9879086247464102,2019-08-30 07:00:00,2021-08-30 07:00:00,2021-08-30 07:00:00,731,1,-0.3032104293734177,0.3032104293734177,{'model__alpha': 0.01}
2021-08-30 07:00:00,Random Forest,7,2.216713450549075,1.9598236030204927,2019-08-30 07:00:00,2021-08-30 07:00:00,2021-08-30 07:00:00,731,1,-0.28640559026943707,0.28640559026943707,"{'max_depth': 10, 'max_features': 0.5, 'min_samples_leaf': 2, 'n_estimators': 100}"
2021-08-30 07:00:00,Neural Network,7,2.216713450549075,1.8780824453104863,2019-08-30 07:00:00,2021-08-30 07:00:00,2021-08-30 07:00:00,731,1,-0.35941423956503044,0.35941423956503044,"{'regressor__model__alpha': 0.0001, 'regressor__model__hidden_layer_sizes': (64, 32), 'regressor__model__learning_rate_init': 0.0001}"
2021-08-30 07:00:00,Naive,7,2.216713450549075,1.3521480939881299,2019-08-30 07:00:00,2021-08-30 07:00:00,2021-08-30 07:00:00,731,1,,,not_applicable
2021-08-31 07:00:00,Decision Tree,7,2.302358489569416,2.112824079001175,2019-08-31 07:00:00,2021-08-31 07:00:00,2021-08-31 07:00:00,731,1,-0.42290985504429074,0.42290985504429074,"{'max_depth': None, 'min_samples_leaf': 1, 'min_samples_split': 20}"
2021-08-31 07:00:00,ARX,7,2.302358489569416,2.139127284715726,2019-08-31 07:00:00,2021-08-31 07:00:00,2021-08-31 07:00:00,731,1,-0.3032104293734177,0.3032104293734177,{'model__alpha': 0.01}
2021-08-31 07:00:00,Random Forest,7,2.302358489569416,2.0648571172108605,2019-08-31 07:00:00,2021-08-31 07:00:00,2021-08-31 07:00:00,731,1,-0.28640559026943707,0.28640559026943707,"{'max_depth': 10, 'max_features': 0.5, 'min_samples_leaf': 2, 'n_estimators': 100}"
2021-08-31 07:00:00,Neural Network,7,2.302358489569416,1.9161201330746218,2019-08-31 07:00:00,2021-08-31 07:00:00,2021-08-31 07:00:00,731,1,-0.35941423956503044,0.35941423956503044,"{'regressor__model__alpha': 0.0001, 'regressor__model__hidden_layer_sizes': (64, 32), 'regressor__model__learning_rate_init': 0.0001}"
2021-08-31 07:00:00,Naive,7,2.302358489569416,2.216713450549075,2019-08-31 07:00:00,2021-08-31 07:00:00,2021-08-31 07:00:00,731,1,,,not_applicable
2021-09-01 07:00:00,Decision Tree,7,2.310453043853704,2.185258321484384,2019-09-01 07:00:00,2021-09-01 07:00:00,2021-09-01 07:00:00,731,1,-0.42290985504429074,0.42290985504429074,"{'max_depth': None, 'min_samples_leaf': 1, 'min_samples_split': 20}"
2021-09-01 07:00:00,ARX,7,2.310453043853704,2.261047454226672,2019-09-01 07:00:00,2021-09-01 07:00:00,2021-09-01 07:00:00,731,1,-0.3032104293734177,0.3032104293734177,{'model__alpha': 0.01}
2021-09-01 07:00:00,Random Forest,7,2.310453043853704,2.0993049293173245,2019-09-01 07:00:00,2021-09-01 07:00:00,2021-09-01 07:00:00,731,1,-0.28640559026943707,0.28640559026943707,"{'max_depth': 10, 'max_features': 0.5, 'min_samples_leaf': 2, 'n_estimators': 100}"
2021-09-01 07:00:00,Neural Network,7,2.310453043853704,2.0822085621320237,2019-09-01 07:00:00,2021-09-01 07:00:00,2021-09-01 07:00:00,731,1,-0.35941423956503044,0.35941423956503044,"{'regressor__model__alpha': 0.0001, 'regressor__model__hidden_layer_sizes': (64, 32), 'regressor__model__learning_rate_init': 0.0001}"
2021-09-01 07:00:00,Naive,7,2.310453043853704,2.302358489569416,2019-09-01 07:00:00,2021-09-01 07:00:00,2021-09-01 07:00:00,731,1,,,not_applicable
2021-09-02 07:00:00,Decision Tree,7,2.4457614316698617,2.098313717082167,2019-09-02 07:00:00,2021-09-02 07:00:00,2021-09-02 07:00:00,731,1,-0.42290985504429074,0.42290985504429074,"{'max_depth': None, 'min_samples_leaf': 1, 'min_samples_split': 20}"
2021-09-02 07:00:00,ARX,7,2.4457614316698617,2.311201672121681,2019-09-02 07:00:00,2021-09-02 07:00:00,2021-09-02 07:00:00,731,1,-0.3032104293734177,0.3032104293734177,{'model__alpha': 0.01}
2021-09-02 07:00:00,Random Forest,7,2.4457614316698617,2.1633698188730026,2019-09-02 07:00:00,2021-09-02 07:00:00,2021-09-02 07:00:00,731,1,-0.28640559026943707,0.28640559026943707,"{'max_depth': 10, 'max_features': 0.5, 'min_samples_leaf': 2, 'n_estimators': 100}"
2021-09-02 07:00:00,Neural Network,7,2.4457614316698617,2.3948713103624737,2019-09-02 07:00:00,2021-09-02 07:00:00,2021-09-02 07:00:00,731,1,-0.35941423956503044,0.35941423956503044,"{'regressor__model__alpha': 0.0001, 'regressor__model__hidden_layer_sizes': (64, 32), 'regressor__model__learning_rate_init': 0.0001}"
2021-09-02 07:00:00,Naive,7,2.4457614316698617,2.310453043853704,2019-09-02 07:00:00,2021-09-02 07:00:00,2021-09-02 07:00:00,731,1,,,not_applicable
2021-09-03 07:00:00,Decision Tree,7,2.32567781217121,2.2795626861169156,2019-09-03 07:00:00,2021-09-03 07:00:00,2021-09-03 07:00:00,731,1,-0.42290985504429074,0.42290985504429074,"{'max_depth': None, 'min_samples_leaf': 1, 'min_samples_split': 20}"
2021-09-03 07:00:00,ARX,7,2.32567781217121,2.160028077750483,2019-09-03 07:00:00,2021-09-03 07:00:00,2021-09-03 07:00:00,731,1,-0.3032104293734177,0.3032104293734177,{'model__alpha': 0.01}
2021-09-03 07:00:00,Random Forest,7,2.32567781217121,2.1999559125048758,2019-09-03 07:00:00,2021-09-03 07:00:00,2021-09-03 07:00:00,731,1,-0.28640559026943707,0.28640559026943707,"{'max_depth': 10, 'max_features': 0.5, 'min_samples_leaf': 2, 'n_estimators': 100}"
2021-09-03 07:00:00,Neural Network,7,2.32567781217121,2.2213179782094263,2019-09-03 07:00:00,2021-09-03 07:00:00,2021-09-03 07:00:00,731,1,-0.35941423956503044,0.35941423956503044,"{'regressor__model__alpha': 0.0001, 'regressor__model__hidden_layer_sizes': (64, 32), 'regressor__model__learning_rate_init': 0.0001}"
2021-09-03 07:00:00,Naive,7,2.32567781217121,2.4457614316698617,2019-09-03 07:00:00,2021-09-03 07:00:00,2021-09-03 07:00:00,731,1,,,not_applicable
2021-09-04 07:00:00,Decision Tree,7,2.1417406598520006,1.5655382020788204,2019-09-04 07:00:00,2021-09-04 07:00:00,2021-09-04 07:00:00,731,1,-0.42290985504429074,0.42290985504429074,"{'max_depth': None, 'min_samples_leaf': 1, 'min_samples_split': 20}"
2021-09-04 07:00:00,ARX,7,2.1417406598520006,1.6646719723938772,2019-09-04 07:00:00,2021-09-04 07:00:00,2021-09-04 07:00:00,731,1,-0.3032104293734177,0.3032104293734177,{'model__alpha': 0.01}
2021-09-04 07:00:00,Random Forest,7,2.1417406598520006,1.6773127051794363,2019-09-04 07:00:00,2021-09-04 07:00:00,2021-09-04 07:00:00,731,1,-0.28640559026943707,0.28640559026943707,"{'max_depth': 10, 'max_features': 0.5, 'min_samples_leaf': 2, 'n_estimators': 100}"
2021-09-04 07:00:00,Neural Network,7,2.1417406598520006,1.7059671095376665,2019-09-04 07:00:00,2021-09-04 07:00:00,2021-09-04 07:00:00,731,1,-0.35941423956503044,0.35941423956503044,"{'regressor__model__alpha': 0.0001, 'regressor__model__hidden_layer_sizes': (64, 32), 'regressor__model__learning_rate_init': 0.0001}"
2021-09-04 07:00:00,Naive,7,2.1417406598520006,2.32567781217121,2019-09-04 07:00:00,2021-09-04 07:00:00,2021-09-04 07:00:00,731,1,,,not_applicable
2021-09-05 07:00:00,Decision Tree,7,1.7347208353607853,1.6066955204911901,2019-09-05 07:00:00,2021-09-05 07:00:00,2021-09-05 07:00:00,731,1,-0.42290985504429074,0.42290985504429074,"{'max_depth': None, 'min_samples_leaf': 1, 'min_samples_split': 20}"
2021-09-05 07:00:00,ARX,7,1.7347208353607853,1.2188530725708442,2019-09-05 07:00:00,2021-09-05 07:00:00,2021-09-05 07:00:00,731,1,-0.3032104293734177,0.3032104293734177,{'model__alpha': 0.01}
2021-09-05 07:00:00,Random Forest,7,1.7347208353607853,1.654171743613644,2019-09-05 07:00:00,2021-09-05 07:00:00,2021-09-05 07:00:00,731,1,-0.28640559026943707,0.28640559026943707,"{'max_depth': 10, 'max_features': 0.5, 'min_samples_leaf': 2, 'n_estimators': 100}"
2021-09-05 07:00:00,Neural Network,7,1.7347208353607853,1.3008196357196373,2019-09-05 07:00:00,2021-09-05 07:00:00,2021-09-05 07:00:00,731,1,-0.35941423956503044,0.35941423956503044,"{'regressor__model__alpha': 0.0001, 'regressor__model__hidden_layer_sizes': (64, 32), 'regressor__model__learning_rate_init': 0.0001}"
2021-09-05 07:00:00,Naive,7,1.7347208353607853,2.1417406598520006,2019-09-05 07:00:00,2021-09-05 07:00:00,2021-09-05 07:00:00,731,1,,,not_applicable
2021-09-06 07:00:00,Decision Tree,7,2.554675181416918,2.2837549703036695,2019-09-06 07:00:00,2021-09-06 07:00:00,2021-09-06 07:00:00,731,1,-0.42290985504429074,0.42290985504429074,"{'max_depth': None, 'min_samples_leaf': 1, 'min_samples_split': 20}"
2021-09-06 07:00:00,ARX,7,2.554675181416918,2.5224642289388735,2019-09-06 07:00:00,2021-09-06 07:00:00,2021-09-06 07:00:00,731,1,-0.3032104293734177,0.3032104293734177,{'model__alpha': 0.01}
2021-09-06 07:00:00,Random Forest,7,2.554675181416918,2.156114983497952,2019-09-06 07:00:00,2021-09-06 07:00:00,2021-09-06 07:00:00,731,1,-0.28640559026943707,0.28640559026943707,"{'max_depth': 10, 'max_features': 0.5, 'min_samples_leaf': 2, 'n_estimators': 100}"
2021-09-06 07:00:00,Neural Network,7,2.554675181416918,2.5264085844765276,2019-09-06 07:00:00,2021-09-06 07:00:00,2021-09-06 07:00:00,731,1,-0.35941423956503044,0.35941423956503044,"{'regressor__model__alpha': 0.0001, 'regressor__model__hidden_layer_sizes': (64, 32), 'regressor__model__learning_rate_init': 0.0001}"
2021-09-06 07:00:00,Naive,7,2.554675181416918,1.7347208353607853,2019-09-06 07:00:00,2021-09-06 07:00:00,2021-09-06 07:00:00,731,1,,,not_applicable
2021-09-07 07:00:00,Decision Tree,7,2.5150478738580175,2.356833306232049,2019-09-07 07:00:00,2021-09-07 07:00:00,2021-09-07 07:00:00,731,1,-0.42290985504429074,0.42290985504429074,"{'max_depth': None, 'min_samples_leaf': 1, 'min_samples_split': 20}"
2021-09-07 07:00:00,ARX,7,2.5150478738580175,2.6209216783255616,2019-09-07 07:00:00,2021-09-07 07:00:00,2021-09-07 07:00:00,731,1,-0.3032104293734177,0.3032104293734177,{'model__alpha': 0.01}
2021-09-07 07:00:00,Random Forest,7,2.5150478738580175,2.296110627245156,2019-09-07 07:00:00,2021-09-07 07:00:00,2021-09-07 07:00:00,731,1,-0.28640559026943707,0.28640559026943707,"{'max_depth': 10, 'max_features': 0.5, 'min_samples_leaf': 2, 'n_estimators': 100}"
2021-09-07 07:00:00,Neural Network,7,2.5150478738580175,2.4773497217419425,2019-09-07 07:00:00,2021-09-07 07:00:00,2021-09-07 07:00:00,731,1,-0.35941423956503044,0.35941423956503044,"{'regressor__model__alpha': 0.0001, 'regressor__model__hidden_layer_sizes': (64, 32), 'regressor__model__learning_rate_init': 0.0001}"
2021-09-07 07:00:00,Naive,7,2.5150478738580175,2.554675181416918,2019-09-07 07:00:00,2021-09-07 07:00:00,2021-09-07 07:00:00,731,1,,,not_applicable
2021-09-08 07:00:00,Decision Tree,7,2.427052711755272,2.460290574779002,2019-09-08 07:00:00,2021-09-08 07:00:00,2021-09-08 07:00:00,731,1,-0.42290985504429074,0.42290985504429074,"{'max_depth': None, 'min_samples_leaf': 1, 'min_samples_split': 20}"
2021-09-08 07:00:00,ARX,7,2.427052711755272,2.4959105069257617,2019-09-08 07:00:00,2021-09-08 07:00:00,2021-09-08 07:00:00,731,1,-0.3032104293734177,0.3032104293734177,{'model__alpha': 0.01}
2021-09-08 07:00:00,Random Forest,7,2.427052711755272,2.387311859621586,2019-09-08 07:00:00,2021-09-08 07:00:00,2021-09-08 07:00:00,731,1,-0.28640559026943707,0.28640559026943707,"{'max_depth': 10, 'max_features': 0.5, 'min_samples_leaf': 2, 'n_estimators': 100}"
2021-09-08 07:00:00,Neural Network,7,2.427052711755272,2.4563526061447956,2019-09-08 07:00:00,2021-09-08 07:00:00,2021-09-08 07:00:00,731,1,-0.35941423956503044,0.35941423956503044,"{'regressor__model__alpha': 0.0001, 'regressor__model__hidden_layer_sizes': (64, 32), 'regressor__model__learning_rate_init': 0.0001}"
2021-09-08 07:00:00,Naive,7,2.427052711755272,2.5150478738580175,2019-09-08 07:00:00,2021-09-08 07:00:00,2021-09-08 07:00:00,731,1,,,not_applicable
2021-09-09 07:00:00,Decision Tree,7,2.39626926756073,2.332640164395046,2019-09-09 07:00:00,2021-09-09 07:00:00,2021-09-09 07:00:00,731,1,-0.42290985504429074,0.42290985504429074,"{'max_depth': None, 'min_samples_leaf': 1, 'min_samples_split': 20}"
2021-09-09 07:00:00,ARX,7,2.39626926756073,2.440450729211857,2019-09-09 07:00:00,2021-09-09 07:00:00,2021-09-09 07:00:00,731,1,-0.3032104293734177,0.3032104293734177,{'model__alpha': 0.01}
2021-09-09 07:00:00,Random Forest,7,2.39626926756073,2.4023534784676404,2019-09-09 07:00:00,2021-09-09 07:00:00,2021-09-09 07:00:00,731,1,-0.28640559026943707,0.28640559026943707,"{'max_depth': 10, 'max_features': 0.5, 'min_samples_leaf': 2, 'n_estimators': 100}"
2021-09-09 07:00:00,Neural Network,7,2.39626926756073,2.343178127841399,2019-09-09 07:00:00,2021-09-09 07:00:00,2021-09-09 07:00:00,731,1,-0.35941423956503044,0.35941423956503044,"{'regressor__model__alpha': 0.0001, 'regressor__model__hidden_layer_sizes': (64, 32), 'regressor__model__learning_rate_init': 0.0001}"
2021-09-09 07:00:00,Naive,7,2.39626926756073,2.427052711755272,2019-09-09 07:00:00,2021-09-09 07:00:00,2021-09-09 07:00:00,731,1,,,not_applicable
2021-09-10 07:00:00,Decision Tree,7,2.4793461710947553,2.337534710792406,2019-09-10 07:00:00,2021-09-10 07:00:00,2021-09-10 07:00:00,731,1,-0.42290985504429074,0.42290985504429074,"{'max_depth': None, 'min_samples_leaf': 1, 'min_samples_split': 20}"
2021-09-10 07:00:00,ARX,7,2.4793461710947553,2.5346503436506262,2019-09-10 07:00:00,2021-09-10 07:00:00,2021-09-10 07:00:00,731,1,-0.3032104293734177,0.3032104293734177,{'model__alpha': 0.01}
2021-09-10 07:00:00,Random Forest,7,2.4793461710947553,2.38136778296995,2019-09-10 07:00:00,2021-09-10 07:00:00,2021-09-10 07:00:00,731,1,-0.28640559026943707,0.28640559026943707,"{'max_depth': 10, 'max_features': 0.5, 'min_samples_leaf': 2, 'n_estimators': 100}"
2021-09-10 07:00:00,Neural Network,7,2.4793461710947553,2.515122548613766,2019-09-10 07:00:00,2021-09-10 07:00:00,2021-09-10 07:00:00,731,1,-0.35941423956503044,0.35941423956503044,"{'regressor__model__alpha': 0.0001, 'regressor__model__hidden_layer_sizes': (64, 32), 'regressor__model__learning_rate_init': 0.0001}"
2021-09-10 07:00:00,Naive,7,2.4793461710947553,2.39626926756073,2019-09-10 07:00:00,2021-09-10 07:00:00,2021-09-10 07:00:00,731,1,,,not_applicable
2021-09-11 07:00:00,Decision Tree,7,2.2747470001628427,2.347664100814003,2019-09-11 07:00:00,2021-09-11 07:00:00,2021-09-11 07:00:00,731,1,-0.42290985504429074,0.42290985504429074,"{'max_depth': None, 'min_samples_leaf': 1, 'min_samples_split': 20}"
2021-09-11 07:00:00,ARX,7,2.2747470001628427,1.8478180444690238,2019-09-11 07:00:00,2021-09-11 07:00:00,2021-09-11 07:00:00,731,1,-0.3032104293734177,0.3032104293734177,{'model__alpha': 0.01}
2021-09-11 07:00:00,Random Forest,7,2.2747470001628427,2.1353431145329926,2019-09-11 07:00:00,2021-09-11 07:00:00,2021-09-11 07:00:00,731,1,-0.28640559026943707,0.28640559026943707,"{'max_depth': 10, 'max_features': 0.5, 'min_samples_leaf': 2, 'n_estimators': 100}"
2021-09-11 07:00:00,Neural Network,7,2.2747470001628427,2.0210524275172657,2019-09-11 07:00:00,2021-09-11 07:00:00,2021-09-11 07:00:00,731,1,-0.35941423956503044,0.35941423956503044,"{'regressor__model__alpha': 0.0001, 'regressor__model__hidden_layer_sizes': (64, 32), 'regressor__model__learning_rate_init': 0.0001}"
2021-09-11 07:00:00,Naive,7,2.2747470001628427,2.4793461710947553,2019-09-11 07:00:00,2021-09-11 07:00:00,2021-09-11 07:00:00,731,1,,,not_applicable
2021-09-12 07:00:00,Decision Tree,7,1.8407726379175346,1.6152305414824968,2019-09-12 07:00:00,2021-09-12 07:00:00,2021-09-12 07:00:00,731,1,-0.42290985504429074,0.42290985504429074,"{'max_depth': None, 'min_samples_leaf': 1, 'min_samples_split': 20}"
2021-09-12 07:00:00,ARX,7,1.8407726379175346,1.4375650054710785,2019-09-12 07:00:00,2021-09-12 07:00:00,2021-09-12 07:00:00,731,1,-0.3032104293734177,0.3032104293734177,{'model__alpha': 0.01}
2021-09-12 07:00:00,Random Forest,7,1.8407726379175346,1.7973722109121895,2019-09-12 07:00:00,2021-09-12 07:00:00,2021-09-12 07:00:00,731,1,-0.28640559026943707,0.28640559026943707,"{'max_depth': 10, 'max_features': 0.5, 'min_samples_leaf': 2, 'n_estimators': 100}"
2021-09-12 07:00:00,Neural Network,7,1.8407726379175346,1.6848712088902902,2019-09-12 07:00:00,2021-09-12 07:00:00,2021-09-12 07:00:00,731,1,-0.35941423956503044,0.35941423956503044,"{'regressor__model__alpha': 0.0001, 'regressor__model__hidden_layer_sizes': (64, 32), 'regressor__model__learning_rate_init': 0.0001}"
2021-09-12 07:00:00,Naive,7,1.8407726379175346,2.2747470001628427,2019-09-12 07:00:00,2021-09-12 07:00:00,2021-09-12 07:00:00,731,1,,,not_applicable
2021-09-13 07:00:00,Decision Tree,7,2.4939066074576433,2.3428029607705922,2019-09-13 07:00:00,2021-09-13 07:00:00,2021-09-13 07:00:00,731,1,-0.42290985504429074,0.42290985504429074,"{'max_depth': None, 'min_samples_leaf': 1, 'min_samples_split': 20}"
2021-09-13 07:00:00,ARX,7,2.4939066074576433,2.6181295448182564,2019-09-13 07:00:00,2021-09-13 07:00:00,2021-09-13 07:00:00,731,1,-0.3032104293734177,0.3032104293734177,{'model__alpha': 0.01}
2021-09-13 07:00:00,Random Forest,7,2.4939066074576433,2.408823562195286,2019-09-13 07:00:00,2021-09-13 07:00:00,2021-09-13 07:00:00,731,1,-0.28640559026943707,0.28640559026943707,"{'max_depth': 10, 'max_features': 0.5, 'min_samples_leaf': 2, 'n_estimators': 100}"
2021-09-13 07:00:00,Neural Network,7,2.4939066074576433,2.6367100986325958,2019-09-13 07:00:00,2021-09-13 07:00:00,2021-09-13 07:00:00,731,1,-0.35941423956503044,0.35941423956503044,"{'regressor__model__alpha': 0.0001, 'regressor__model__hidden_layer_sizes': (64, 32), 'regressor__model__learning_rate_init': 0.0001}"
2021-09-13 07:00:00,Naive,7,2.4939066074576433,1.8407726379175346,2019-09-13 07:00:00,2021-09-13 07:00:00,2021-09-13 07:00:00,731,1,,,not_applicable
2021-09-14 07:00:00,Decision Tree,7,2.531475900266233,2.3522469386885327,2019-09-14 07:00:00,2021-09-14 07:00:00,2021-09-14 07:00:00,731,1,-0.42290985504429074,0.42290985504429074,"{'max_depth': None, 'min_samples_leaf': 1, 'min_samples_split': 20}"
2021-09-14 07:00:00,ARX,7,2.531475900266233,2.765572099138429,2019-09-14 07:00:00,2021-09-14 07:00:00,2021-09-14 07:00:00,731,1,-0.3032104293734177,0.3032104293734177,{'model__alpha': 0.01}
2021-09-14 07:00:00,Random Forest,7,2.531475900266233,2.4498591290215166,2019-09-14 07:00:00,2021-09-14 07:00:00,2021-09-14 07:00:00,731,1,-0.28640559026943707,0.28640559026943707,"{'max_depth': 10, 'max_features': 0.5, 'min_samples_leaf': 2, 'n_estimators': 100}"
2021-09-14 07:00:00,Neural Network,7,2.531475900266233,2.707059252777804,2019-09-14 07:00:00,2021-09-14 07:00:00,2021-09-14 07:00:00,731,1,-0.35941423956503044,0.35941423956503044,"{'regressor__model__alpha': 0.0001, 'regressor__model__hidden_layer_sizes': (64, 32), 'regressor__model__learning_rate_init': 0.0001}"
2021-09-14 07:00:00,Naive,7,2.531475900266233,2.4939066074576433,2019-09-14 07:00:00,2021-09-14 07:00:00,2021-09-14 07:00:00,731,1,,,not_applicable
2021-09-15 07:00:00,Decision Tree,7,2.631535937424333,2.3627898187813385,2019-09-15 07:00:00,2021-09-15 07:00:00,2021-09-15 07:00:00,731,1,-0.42290985504429074,0.42290985504429074,"{'max_depth': None, 'min_samples_leaf': 1, 'min_samples_split': 20}"
2021-09-15 07:00:00,ARX,7,2.631535937424333,2.562760749545342,2019-09-15 07:00:00,2021-09-15 07:00:00,2021-09-15 07:00:00,731,1,-0.3032104293734177,0.3032104293734177,{'model__alpha': 0.01}
2021-09-15 07:00:00,Random Forest,7,2.631535937424333,2.45099797020344,2019-09-15 07:00:00,2021-09-15 07:00:00,2021-09-15 07:00:00,731,1,-0.28640559026943707,0.28640559026943707,"{'max_depth': 10, 'max_features': 0.5, 'min_samples_leaf': 2, 'n_estimators': 100}"
2021-09-15 07:00:00,Neural Network,7,2.631535937424333,2.4241899093241237,2019-09-15 07:00:00,2021-09-15 07:00:00,2021-09-15 07:00:00,731,1,-0.35941423956503044,0.35941423956503044,"{'regressor__model__alpha': 0.0001, 'regressor__model__hidden_layer_sizes': (64, 32), 'regressor__model__learning_rate_init': 0.0001}"
2021-09-15 07:00:00,Naive,7,2.631535937424333,2.531475900266233,2019-09-15 07:00:00,2021-09-15 07:00:00,2021-09-15 07:00:00,731,1,,,not_applicable
2021-09-16 07:00:00,Decision Tree,7,2.7214418202622737,2.4488290782242936,2019-09-16 07:00:00,2021-09-16 07:00:00,2021-09-16 07:00:00,731,1,-0.42290985504429074,0.42290985504429074,"{'max_depth': None, 'min_samples_leaf': 1, 'min_samples_split': 20}"
2021-09-16 07:00:00,ARX,7,2.7214418202622737,2.6367016673098695,2019-09-16 07:00:00,2021-09-16 07:00:00,2021-09-16 07:00:00,731,1,-0.3032104293734177,0.3032104293734177,{'model__alpha': 0.01}
2021-09-16 07:00:00,Random Forest,7,2.7214418202622737,2.462066178431071,2019-09-16 07:00:00,2021-09-16 07:00:00,2021-09-16 07:00:00,731,1,-0.28640559026943707,0.28640559026943707,"{'max_depth': 10, 'max_features': 0.5, 'min_samples_leaf': 2, 'n_estimators': 100}"
2021-09-16 07:00:00,Neural Network,7,2.7214418202622737,2.0793204373439877,2019-09-16 07:00:00,2021-09-16 07:00:00,2021-09-16 07:00:00,731,1,-0.35941423956503044,0.35941423956503044,"{'regressor__model__alpha': 0.0001, 'regressor__model__hidden_layer_sizes': (64, 32), 'regressor__model__learning_rate_init': 0.0001}"
2021-09-16 07:00:00,Naive,7,2.7214418202622737,2.631535937424333,2019-09-16 07:00:00,2021-09-16 07:00:00,2021-09-16 07:00:00,731,1,,,not_applicable
2021-09-17 07:00:00,Decision Tree,7,2.6361502339081655,2.469799289150292,2019-09-17 07:00:00,2021-09-17 07:00:00,2021-09-17 07:00:00,731,1,-0.42290985504429074,0.42290985504429074,"{'max_depth': None, 'min_samples_leaf': 1, 'min_samples_split': 20}"
2021-09-17 07:00:00,ARX,7,2.6361502339081655,2.6611397243044137,2019-09-17 07:00:00,2021-09-17 07:00:00,2021-09-17 07:00:00,731,1,-0.3032104293734177,0.3032104293734177,{'model__alpha': 0.01}
2021-09-17 07:00:00,Random Forest,7,2.6361502339081655,2.5389767111514074,2019-09-17 07:00:00,2021-09-17 07:00:00,2021-09-17 07:00:00,731,1,-0.28640559026943707,0.28640559026943707,"{'max_depth': 10, 'max_features': 0.5, 'min_samples_leaf': 2, 'n_estimators': 100}"
2021-09-17 07:00:00,Neural Network,7,2.6361502339081655,2.4729482954635715,2019-09-17 07:00:00,2021-09-17 07:00:00,2021-09-17 07:00:00,731,1,-0.35941423956503044,0.35941423956503044,"{'regressor__model__alpha': 0.0001, 'regressor__model__hidden_layer_sizes': (64, 32), 'regressor__model__learning_rate_init': 0.0001}"
2021-09-17 07:00:00,Naive,7,2.6361502339081655,2.7214418202622737,2019-09-17 07:00:00,2021-09-17 07:00:00,2021-09-17 07:00:00,731,1,,,not_applicable
2021-09-18 07:00:00,Decision Tree,7,2.3724519654929046,1.6293269225096867,2019-09-18 07:00:00,2021-09-18 07:00:00,2021-09-18 07:00:00,731,1,-0.42290985504429074,0.42290985504429074,"{'max_depth': None, 'min_samples_leaf': 1, 'min_samples_split': 20}"
2021-09-18 07:00:00,ARX,7,2.3724519654929046,2.055719792229685,2019-09-18 07:00:00,2021-09-18 07:00:00,2021-09-18 07:00:00,731,1,-0.3032104293734177,0.3032104293734177,{'model__alpha': 0.01}
2021-09-18 07:00:00,Random Forest,7,2.3724519654929046,2.363142633962018,2019-09-18 07:00:00,2021-09-18 07:00:00,2021-09-18 07:00:00,731,1,-0.28640559026943707,0.28640559026943707,"{'max_depth': 10, 'max_features': 0.5, 'min_samples_leaf': 2, 'n_estimators': 100}"
2021-09-18 07:00:00,Neural Network,7,2.3724519654929046,2.1796169893946993,2019-09-18 07:00:00,2021-09-18 07:00:00,2021-09-18 07:00:00,731,1,-0.35941423956503044,0.35941423956503044,"{'regressor__model__alpha': 0.0001, 'regressor__model__hidden_layer_sizes': (64, 32), 'regressor__model__learning_rate_init': 0.0001}"
2021-09-18 07:00:00,Naive,7,2.3724519654929046,2.6361502339081655,2019-09-18 07:00:00,2021-09-18 07:00:00,2021-09-18 07:00:00,731,1,,,not_applicable
2021-09-19 07:00:00,Decision Tree,7,1.3602573671810652,1.6293269225096865,2019-09-19 07:00:00,2021-09-19 07:00:00,2021-09-19 07:00:00,731,1,-0.42290985504429074,0.42290985504429074,"{'max_depth': None, 'min_samples_leaf': 1, 'min_samples_split': 20}"
2021-09-19 07:00:00,ARX,7,1.3602573671810652,1.3405519856835477,2019-09-19 07:00:00,2021-09-19 07:00:00,2021-09-19 07:00:00,731,1,-0.3032104293734177,0.3032104293734177,{'model__alpha': 0.01}
2021-09-19 07:00:00,Random Forest,7,1.3602573671810652,2.1067953728663738,2019-09-19 07:00:00,2021-09-19 07:00:00,2021-09-19 07:00:00,731,1,-0.28640559026943707,0.28640559026943707,"{'max_depth': 10, 'max_features': 0.5, 'min_samples_leaf': 2, 'n_estimators': 100}"
2021-09-19 07:00:00,Neural Network,7,1.3602573671810652,1.5670713032791492,2019-09-19 07:00:00,2021-09-19 07:00:00,2021-09-19 07:00:00,731,1,-0.35941423956503044,0.35941423956503044,"{'regressor__model__alpha': 0.0001, 'regressor__model__hidden_layer_sizes': (64, 32), 'regressor__model__learning_rate_init': 0.0001}"
2021-09-19 07:00:00,Naive,7,1.3602573671810652,2.3724519654929046,2019-09-19 07:00:00,2021-09-19 07:00:00,2021-09-19 07:00:00,731,1,,,not_applicable
2021-09-20 07:00:00,Decision Tree,7,2.6073146652803407,2.4743995305569912,2019-09-20 07:00:00,2021-09-20 07:00:00,2021-09-20 07:00:00,731,1,-0.42290985504429074,0.42290985504429074,"{'max_depth': None, 'min_samples_leaf': 1, 'min_samples_split': 20}"
2021-09-20 07:00:00,ARX,7,2.6073146652803407,2.60528835596655,2019-09-20 07:00:00,2021-09-20 07:00:00,2021-09-20 07:00:00,731,1,-0.3032104293734177,0.3032104293734177,{'model__alpha': 0.01}
2021-09-20 07:00:00,Random Forest,7,2.6073146652803407,2.33078281837496,2019-09-20 07:00:00,2021-09-20 07:00:00,2021-09-20 07:00:00,731,1,-0.28640559026943707,0.28640559026943707,"{'max_depth': 10, 'max_features': 0.5, 'min_samples_leaf': 2, 'n_estimators': 100}"
2021-09-20 07:00:00,Neural Network,7,2.6073146652803407,2.6991556460800785,2019-09-20 07:00:00,2021-09-20 07:00:00,2021-09-20 07:00:00,731,1,-0.35941423956503044,0.35941423956503044,"{'regressor__model__alpha': 0.0001, 'regressor__model__hidden_layer_sizes': (64, 32), 'regressor__model__learning_rate_init': 0.0001}"
2021-09-20 07:00:00,Naive,7,2.6073146652803407,1.3602573671810652,2019-09-20 07:00:00,2021-09-20 07:00:00,2021-09-20 07:00:00,731,1,,,not_applicable
2021-09-21 07:00:00,Decision Tree,7,2.6726039599165277,2.4827067264772005,2019-09-21 07:00:00,2021-09-21 07:00:00,2021-09-21 07:00:00,731,1,-0.42290985504429074,0.42290985504429074,"{'max_depth': None, 'min_samples_leaf': 1, 'min_samples_split': 20}"
2021-09-21 07:00:00,ARX,7,2.6726039599165277,2.867654297627629,2019-09-21 07:00:00,2021-09-21 07:00:00,2021-09-21 07:00:00,731,1,-0.3032104293734177,0.3032104293734177,{'model__alpha': 0.01}
2021-09-21 07:00:00,Random Forest,7,2.6726039599165277,2.493606980636283,2019-09-21 07:00:00,2021-09-21 07:00:00,2021-09-21 07:00:00,731,1,-0.28640559026943707,0.28640559026943707,"{'max_depth': 10, 'max_features': 0.5, 'min_samples_leaf': 2, 'n_estimators': 100}"
2021-09-21 07:00:00,Neural Network,7,2.6726039599165277,2.6857233150528788,2019-09-21 07:00:00,2021-09-21 07:00:00,2021-09-21 07:00:00,731,1,-0.35941423956503044,0.35941423956503044,"{'regressor__model__alpha': 0.0001, 'regressor__model__hidden_layer_sizes': (64, 32), 'regressor__model__learning_rate_init': 0.0001}"
2021-09-21 07:00:00,Naive,7,2.6726039599165277,2.6073146652803407,2019-09-21 07:00:00,2021-09-21 07:00:00,2021-09-21 07:00:00,731,1,,,not_applicable
2021-09-22 07:00:00,Decision Tree,7,2.736483819263861,2.4938771519736314,2019-09-22 07:00:00,2021-09-22 07:00:00,2021-09-22 07:00:00,731,1,-0.42290985504429074,0.42290985504429074,"{'max_depth': None, 'min_samples_leaf': 1, 'min_samples_split': 20}"
2021-09-22 07:00:00,ARX,7,2.736483819263861,2.774379140466439,2019-09-22 07:00:00,2021-09-22 07:00:00,2021-09-22 07:00:00,731,1,-0.3032104293734177,0.3032104293734177,{'model__alpha': 0.01}
2021-09-22 07:00:00,Random Forest,7,2.736483819263861,2.597302388998873,2019-09-22 07:00:00,2021-09-22 07:00:00,2021-09-22 07:00:00,731,1,-0.28640559026943707,0.28640559026943707,"{'max_depth': 10, 'max_features': 0.5, 'min_samples_leaf': 2, 'n_estimators': 100}"
2021-09-22 07:00:00,Neural Network,7,2.736483819263861,2.559295860287565,2019-09-22 07:00:00,2021-09-22 07:00:00,2021-09-22 07:00:00,731,1,-0.35941423956503044,0.35941423956503044,"{'regressor__model__alpha': 0.0001, 'regressor__model__hidden_layer_sizes': (64, 32), 'regressor__model__learning_rate_init': 0.0001}"
2021-09-22 07:00:00,Naive,7,2.736483819263861,2.6726039599165277,2019-09-22 07:00:00,2021-09-22 07:00:00,2021-09-22 07:00:00,731,1,,,not_applicable
2021-09-23 07:00:00,Decision Tree,7,2.3982953274278196,2.620620902799588,2019-09-23 07:00:00,2021-09-23 07:00:00,2021-09-23 07:00:00,731,1,-0.42290985504429074,0.42290985504429074,"{'max_depth': None, 'min_samples_leaf': 1, 'min_samples_split': 20}"
2021-09-23 07:00:00,ARX,7,2.3982953274278196,2.1415429814086813,2019-09-23 07:00:00,2021-09-23 07:00:00,2021-09-23 07:00:00,731,1,-0.3032104293734177,0.3032104293734177,{'model__alpha': 0.01}
2021-09-23 07:00:00,Random Forest,7,2.3982953274278196,2.5503951132303357,2019-09-23 07:00:00,2021-09-23 07:00:00,2021-09-23 07:00:00,731,1,-0.28640559026943707,0.28640559026943707,"{'max_depth': 10, 'max_features': 0.5, 'min_samples_leaf': 2, 'n_estimators': 100}"
2021-09-23 07:00:00,Neural Network,7,2.3982953274278196,2.0795801006372483,2019-09-23 07:00:00,2021-09-23 07:00:00,2021-09-23 07:00:00,731,1,-0.35941423956503044,0.35941423956503044,"{'regressor__model__alpha': 0.0001, 'regressor__model__hidden_layer_sizes': (64, 32), 'regressor__model__learning_rate_init': 0.0001}"
2021-09-23 07:00:00,Naive,7,2.3982953274278196,2.736483819263861,2019-09-23 07:00:00,2021-09-23 07:00:00,2021-09-23 07:00:00,731,1,,,not_applicable
2021-09-24 07:00:00,Decision Tree,7,2.5335910481949253,2.031076650976415,2019-09-24 07:00:00,2021-09-24 07:00:00,2021-09-24 07:00:00,731,1,-0.42290985504429074,0.42290985504429074,"{'max_depth': None, 'min_samples_leaf': 1, 'min_samples_split': 20}"
2021-09-24 07:00:00,ARX,7,2.5335910481949253,1.6932337769613923,2019-09-24 07:00:00,2021-09-24 07:00:00,2021-09-24 07:00:00,731,1,-0.3032104293734177,0.3032104293734177,{'model__alpha': 0.01}
2021-09-24 07:00:00,Random Forest,7,2.5335910481949253,1.6757998106214054,2019-09-24 07:00:00,2021-09-24 07:00:00,2021-09-24 07:00:00,731,1,-0.28640559026943707,0.28640559026943707,"{'max_depth': 10, 'max_features': 0.5, 'min_samples_leaf': 2, 'n_estimators': 100}"
2021-09-24 07:00:00,Neural Network,7,2.5335910481949253,1.8525918274991926,2019-09-24 07:00:00,2021-09-24 07:00:00,2021-09-24 07:00:00,731,1,-0.35941423956503044,0.35941423956503044,"{'regressor__model__alpha': 0.0001, 'regressor__model__hidden_layer_sizes': (64, 32), 'regressor__model__learning_rate_init': 0.0001}"
2021-09-24 07:00:00,Naive,7,2.5335910481949253,2.3982953274278196,2019-09-24 07:00:00,2021-09-24 07:00:00,2021-09-24 07:00:00,731,1,,,not_applicable
2021-09-25 07:00:00,Decision Tree,7,2.0035776357943447,2.486727224797314,2019-09-25 07:00:00,2021-09-25 07:00:00,2021-09-25 07:00:00,731,1,-0.42290985504429074,0.42290985504429074,"{'max_depth': None, 'min_samples_leaf': 1, 'min_samples_split': 20}"
2021-09-25 07:00:00,ARX,7,2.0035776357943447,1.4630898292597605,2019-09-25 07:00:00,2021-09-25 07:00:00,2021-09-25 07:00:00,731,1,-0.3032104293734177,0.3032104293734177,{'model__alpha': 0.01}
2021-09-25 07:00:00,Random Forest,7,2.0035776357943447,1.9480773035223902,2019-09-25 07:00:00,2021-09-25 07:00:00,2021-09-25 07:00:00,731,1,-0.28640559026943707,0.28640559026943707,"{'max_depth': 10, 'max_features': 0.5, 'min_samples_leaf': 2, 'n_estimators': 100}"
2021-09-25 07:00:00,Neural Network,7,2.0035776357943447,1.4816357453052493,2019-09-25 07:00:00,2021-09-25 07:00:00,2021-09-25 07:00:00,731,1,-0.35941423956503044,0.35941423956503044,"{'regressor__model__alpha': 0.0001, 'regressor__model__hidden_layer_sizes': (64, 32), 'regressor__model__learning_rate_init': 0.0001}"
2021-09-25 07:00:00,Naive,7,2.0035776357943447,2.5335910481949253,2019-09-25 07:00:00,2021-09-25 07:00:00,2021-09-25 07:00:00,731,1,,,not_applicable
2021-09-26 07:00:00,Decision Tree,7,1.9588641533083764,1.6134993016080028,2019-09-26 07:00:00,2021-09-26 07:00:00,2021-09-26 07:00:00,731,1,-0.42290985504429074,0.42290985504429074,"{'max_depth': None, 'min_samples_leaf': 1, 'min_samples_split': 20}"
2021-09-26 07:00:00,ARX,7,1.9588641533083764,1.576710171346436,2019-09-26 07:00:00,2021-09-26 07:00:00,2021-09-26 07:00:00,731,1,-0.3032104293734177,0.3032104293734177,{'model__alpha': 0.01}
2021-09-26 07:00:00,Random Forest,7,1.9588641533083764,1.7088974513278186,2019-09-26 07:00:00,2021-09-26 07:00:00,2021-09-26 07:00:00,731,1,-0.28640559026943707,0.28640559026943707,"{'max_depth': 10, 'max_features': 0.5, 'min_samples_leaf': 2, 'n_estimators': 100}"
2021-09-26 07:00:00,Neural Network,7,1.9588641533083764,2.007377632221313,2019-09-26 07:00:00,2021-09-26 07:00:00,2021-09-26 07:00:00,731,1,-0.35941423956503044,0.35941423956503044,"{'regressor__model__alpha': 0.0001, 'regressor__model__hidden_layer_sizes': (64, 32), 'regressor__model__learning_rate_init': 0.0001}"
2021-09-26 07:00:00,Naive,7,1.9588641533083764,2.0035776357943447,2019-09-26 07:00:00,2021-09-26 07:00:00,2021-09-26 07:00:00,731,1,,,not_applicable
2021-09-27 07:00:00,Decision Tree,7,2.6220539096331983,2.501615301591759,2019-09-27 07:00:00,2021-09-27 07:00:00,2021-09-27 07:00:00,731,1,-0.42290985504429074,0.42290985504429074,"{'max_depth': None, 'min_samples_leaf': 1, 'min_samples_split': 20}"
2021-09-27 07:00:00,ARX,7,2.6220539096331983,2.825927271649528,2019-09-27 07:00:00,2021-09-27 07:00:00,2021-09-27 07:00:00,731,1,-0.3032104293734177,0.3032104293734177,{'model__alpha': 0.01}
2021-09-27 07:00:00,Random Forest,7,2.6220539096331983,2.5231181327810246,2019-09-27 07:00:00,2021-09-27 07:00:00,2021-09-27 07:00:00,731,1,-0.28640559026943707,0.28640559026943707,"{'max_depth': 10, 'max_features': 0.5, 'min_samples_leaf': 2, 'n_estimators': 100}"
2021-09-27 07:00:00,Neural Network,7,2.6220539096331983,2.1078243568755366,2019-09-27 07:00:00,2021-09-27 07:00:00,2021-09-27 07:00:00,731,1,-0.35941423956503044,0.35941423956503044,"{'regressor__model__alpha': 0.0001, 'regressor__model__hidden_layer_sizes': (64, 32), 'regressor__model__learning_rate_init': 0.0001}"
2021-09-27 07:00:00,Naive,7,2.6220539096331983,1.9588641533083764,2019-09-27 07:00:00,2021-09-27 07:00:00,2021-09-27 07:00:00,731,1,,,not_applicable
2021-09-28 07:00:00,Decision Tree,7,2.6566949954824124,2.6610834779555286,2019-09-28 07:00:00,2021-09-28 07:00:00,2021-09-28 07:00:00,731,1,-0.42290985504429074,0.42290985504429074,"{'max_depth': None, 'min_samples_leaf': 1, 'min_samples_split': 20}"
2021-09-28 07:00:00,ARX,7,2.6566949954824124,2.735867348508115,2019-09-28 07:00:00,2021-09-28 07:00:00,2021-09-28 07:00:00,731,1,-0.3032104293734177,0.3032104293734177,{'model__alpha': 0.01}
2021-09-28 07:00:00,Random Forest,7,2.6566949954824124,2.4940496893669,2019-09-28 07:00:00,2021-09-28 07:00:00,2021-09-28 07:00:00,731,1,-0.28640559026943707,0.28640559026943707,"{'max_depth': 10, 'max_features': 0.5, 'min_samples_leaf': 2, 'n_estimators': 100}"
2021-09-28 07:00:00,Neural Network,7,2.6566949954824124,2.441011258976167,2019-09-28 07:00:00,2021-09-28 07:00:00,2021-09-28 07:00:00,731,1,-0.35941423956503044,0.35941423956503044,"{'regressor__model__alpha': 0.0001, 'regressor__model__hidden_layer_sizes': (64, 32), 'regressor__model__learning_rate_init': 0.0001}"
2021-09-28 07:00:00,Naive,7,2.6566949954824124,2.6220539096331983,2019-09-28 07:00:00,2021-09-28 07:00:00,2021-09-28 07:00:00,731,1,,,not_applicable
2021-09-29 07:00:00,Decision Tree,7,2.686265003492542,2.660534917646389,2019-09-29 07:00:00,2021-09-29 07:00:00,2021-09-29 07:00:00,731,1,-0.42290985504429074,0.42290985504429074,"{'max_depth': None, 'min_samples_leaf': 1, 'min_samples_split': 20}"
2021-09-29 07:00:00,ARX,7,2.686265003492542,2.702434875291623,2019-09-29 07:00:00,2021-09-29 07:00:00,2021-09-29 07:00:00,731,1,-0.3032104293734177,0.3032104293734177,{'model__alpha': 0.01}
2021-09-29 07:00:00,Random Forest,7,2.686265003492542,2.389546858378076,2019-09-29 07:00:00,2021-09-29 07:00:00,2021-09-29 07:00:00,731,1,-0.28640559026943707,0.28640559026943707,"{'max_depth': 10, 'max_features': 0.5, 'min_samples_leaf': 2, 'n_estimators': 100}"
2021-09-29 07:00:00,Neural Network,7,2.686265003492542,2.5435511198739764,2019-09-29 07:00:00,2021-09-29 07:00:00,2021-09-29 07:00:00,731,1,-0.35941423956503044,0.35941423956503044,"{'regressor__model__alpha': 0.0001, 'regressor__model__hidden_layer_sizes': (64, 32), 'regressor__model__learning_rate_init': 0.0001}"
2021-09-29 07:00:00,Naive,7,2.686265003492542,2.6566949954824124,2019-09-29 07:00:00,2021-09-29 07:00:00,2021-09-29 07:00:00,731,1,,,not_applicable
2021-09-30 07:00:00,Decision Tree,7,2.4213659395958786,1.9898873800720491,2019-09-30 07:00:00,2021-09-30 07:00:00,2021-09-30 07:00:00,731,1,-0.42290985504429074,0.42290985504429074,"{'max_depth': None, 'min_samples_leaf': 1, 'min_samples_split': 20}"
2021-09-30 07:00:00,ARX,7,2.4213659395958786,1.7394635513618668,2019-09-30 07:00:00,2021-09-30 07:00:00,2021-09-30 07:00:00,731,1,-0.3032104293734177,0.3032104293734177,{'model__alpha': 0.01}
2021-09-30 07:00:00,Random Forest,7,2.4213659395958786,2.1025539605704506,2019-09-30 07:00:00,2021-09-30 07:00:00,2021-09-30 07:00:00,731,1,-0.28640559026943707,0.28640559026943707,"{'max_depth': 10, 'max_features': 0.5, 'min_samples_leaf': 2, 'n_estimators': 100}"
2021-09-30 07:00:00,Neural Network,7,2.4213659395958786,1.9952846887036424,2019-09-30 07:00:00,2021-09-30 07:00:00,2021-09-30 07:00:00,731,1,-0.35941423956503044,0.35941423956503044,"{'regressor__model__alpha': 0.0001, 'regressor__model__hidden_layer_sizes': (64, 32), 'regressor__model__learning_rate_init': 0.0001}"
2021-09-30 07:00:00,Naive,7,2.4213659395958786,2.686265003492542,2019-09-30 07:00:00,2021-09-30 07:00:00,2021-09-30 07:00:00,731,1,,,not_applicable
2021-10-01 07:00:00,Decision Tree,7,2.341795987199068,2.6633938160737394,2019-10-01 07:00:00,2021-10-01 07:00:00,2021-10-01 07:00:00,731,1,-0.42290985504429074,0.42290985504429074,"{'max_depth': None, 'min_samples_leaf': 1, 'min_samples_split': 20}"
2021-10-01 07:00:00,ARX,7,2.341795987199068,1.9769703235002622,2019-10-01 07:00:00,2021-10-01 07:00:00,2021-10-01 07:00:00,731,1,-0.3032104293734177,0.3032104293734177,{'model__alpha': 0.01}
2021-10-01 07:00:00,Random Forest,7,2.341795987199068,2.3242239446097783,2019-10-01 07:00:00,2021-10-01 07:00:00,2021-10-01 07:00:00,731,1,-0.28640559026943707,0.28640559026943707,"{'max_depth': 10, 'max_features': 0.5, 'min_samples_leaf': 2, 'n_estimators': 100}"
2021-10-01 07:00:00,Neural Network,7,2.341795987199068,2.0460057274460937,2019-10-01 07:00:00,2021-10-01 07:00:00,2021-10-01 07:00:00,731,1,-0.35941423956503044,0.35941423956503044,"{'regressor__model__alpha': 0.0001, 'regressor__model__hidden_layer_sizes': (64, 32), 'regressor__model__learning_rate_init': 0.0001}"
2021-10-01 07:00:00,Naive,7,2.341795987199068,2.4213659395958786,2019-10-01 07:00:00,2021-10-01 07:00:00,2021-10-01 07:00:00,731,1,,,not_applicable
2021-10-02 07:00:00,Decision Tree,7,2.392963925803414,1.6326862378135794,2019-10-02 07:00:00,2021-10-02 07:00:00,2021-10-02 07:00:00,731,1,-0.42290985504429074,0.42290985504429074,"{'max_depth': None, 'min_samples_leaf': 1, 'min_samples_split': 20}"
2021-10-02 07:00:00,ARX,7,2.392963925803414,1.6327017029004094,2019-10-02 07:00:00,2021-10-02 07:00:00,2021-10-02 07:00:00,731,1,-0.3032104293734177,0.3032104293734177,{'model__alpha': 0.01}
2021-10-02 07:00:00,Random Forest,7,2.392963925803414,2.050045383395534,2019-10-02 07:00:00,2021-10-02 07:00:00,2021-10-02 07:00:00,731,1,-0.28640559026943707,0.28640559026943707,"{'max_depth': 10, 'max_features': 0.5, 'min_samples_leaf': 2, 'n_estimators': 100}"
2021-10-02 07:00:00,Neural Network,7,2.392963925803414,2.1669321772522037,2019-10-02 07:00:00,2021-10-02 07:00:00,2021-10-02 07:00:00,731,1,-0.35941423956503044,0.35941423956503044,"{'regressor__model__alpha': 0.0001, 'regressor__model__hidden_layer_sizes': (64, 32), 'regressor__model__learning_rate_init': 0.0001}"
2021-10-02 07:00:00,Naive,7,2.392963925803414,2.341795987199068,2019-10-02 07:00:00,2021-10-02 07:00:00,2021-10-02 07:00:00,731,1,,,not_applicable
2021-10-03 07:00:00,Decision Tree,7,-1.386895040110421,0.5516763692830094,2019-10-03 07:00:00,2021-10-03 07:00:00,2021-10-03 07:00:00,731,1,-0.42290985504429074,0.42290985504429074,"{'max_depth': None, 'min_samples_leaf': 1, 'min_samples_split': 20}"
2021-10-03 07:00:00,ARX,7,-1.386895040110421,-0.41567344203002954,2019-10-03 07:00:00,2021-10-03 07:00:00,2021-10-03 07:00:00,731,1,-0.3032104293734177,0.3032104293734177,{'model__alpha': 0.01}
2021-10-03 07:00:00,Random Forest,7,-1.386895040110421,0.8959836076954553,2019-10-03 07:00:00,2021-10-03 07:00:00,2021-10-03 07:00:00,731,1,-0.28640559026943707,0.28640559026943707,"{'max_depth': 10, 'max_features': 0.5, 'min_samples_leaf': 2, 'n_estimators': 100}"
2021-10-03 07:00:00,Neural Network,7,-1.386895040110421,-0.9911699266144717,2019-10-03 07:00:00,2021-10-03 07:00:00,2021-10-03 07:00:00,731,1,-0.35941423956503044,0.35941423956503044,"{'regressor__model__alpha': 0.0001, 'regressor__model__hidden_layer_sizes': (64, 32), 'regressor__model__learning_rate_init': 0.0001}"
2021-10-03 07:00:00,Naive,7,-1.386895040110421,2.392963925803414,2019-10-03 07:00:00,2021-10-03 07:00:00,2021-10-03 07:00:00,731,1,,,not_applicable
2021-10-04 07:00:00,Decision Tree,7,2.803369861768379,2.254761542555685,2019-10-04 07:00:00,2021-10-04 07:00:00,2021-10-04 07:00:00,731,1,-0.42290985504429074,0.42290985504429074,"{'max_depth': None, 'min_samples_leaf': 1, 'min_samples_split': 20}"
2021-10-04 07:00:00,ARX,7,2.803369861768379,2.419836901998952,2019-10-04 07:00:00,2021-10-04 07:00:00,2021-10-04 07:00:00,731,1,-0.3032104293734177,0.3032104293734177,{'model__alpha': 0.01}
2021-10-04 07:00:00,Random Forest,7,2.803369861768379,2.267581675930964,2019-10-04 07:00:00,2021-10-04 07:00:00,2021-10-04 07:00:00,731,1,-0.28640559026943707,0.28640559026943707,"{'max_depth': 10, 'max_features': 0.5, 'min_samples_leaf': 2, 'n_estimators': 100}"
2021-10-04 07:00:00,Neural Network,7,2.803369861768379,3.218154621418523,2019-10-04 07:00:00,2021-10-04 07:00:00,2021-10-04 07:00:00,731,1,-0.35941423956503044,0.35941423956503044,"{'regressor__model__alpha': 0.0001, 'regressor__model__hidden_layer_sizes': (64, 32), 'regressor__model__learning_rate_init': 0.0001}"
2021-10-04 07:00:00,Naive,7,2.803369861768379,-1.386895040110421,2019-10-04 07:00:00,2021-10-04 07:00:00,2021-10-04 07:00:00,731,1,,,not_applicable
2021-10-05 07:00:00,Decision Tree,7,2.8014572599000487,2.576036173466118,2019-10-05 07:00:00,2021-10-05 07:00:00,2021-10-05 07:00:00,731,1,-0.42290985504429074,0.42290985504429074,"{'max_depth': None, 'min_samples_leaf': 1, 'min_samples_split': 20}"
2021-10-05 07:00:00,ARX,7,2.8014572599000487,2.648689636341079,2019-10-05 07:00:00,2021-10-05 07:00:00,2021-10-05 07:00:00,731,1,-0.3032104293734177,0.3032104293734177,{'model__alpha': 0.01}
2021-10-05 07:00:00,Random Forest,7,2.8014572599000487,2.4014878108745443,2019-10-05 07:00:00,2021-10-05 07:00:00,2021-10-05 07:00:00,731,1,-0.28640559026943707,0.28640559026943707,"{'max_depth': 10, 'max_features': 0.5, 'min_samples_leaf': 2, 'n_estimators': 100}"
2021-10-05 07:00:00,Neural Network,7,2.8014572599000487,1.9187387452834164,2019-10-05 07:00:00,2021-10-05 07:00:00,2021-10-05 07:00:00,731,1,-0.35941423956503044,0.35941423956503044,"{'regressor__model__alpha': 0.0001, 'regressor__model__hidden_layer_sizes': (64, 32), 'regressor__model__learning_rate_init': 0.0001}"
2021-10-05 07:00:00,Naive,7,2.8014572599000487,2.803369861768379,2019-10-05 07:00:00,2021-10-05 07:00:00,2021-10-05 07:00:00,731,1,,,not_applicable
2021-10-06 07:00:00,Decision Tree,7,2.809886037682899,2.6886701333029155,2019-10-06 07:00:00,2021-10-06 07:00:00,2021-10-06 07:00:00,731,1,-0.42290985504429074,0.42290985504429074,"{'max_depth': None, 'min_samples_leaf': 1, 'min_samples_split': 20}"
2021-10-06 07:00:00,ARX,7,2.809886037682899,2.3140435520918428,2019-10-06 07:00:00,2021-10-06 07:00:00,2021-10-06 07:00:00,731,1,-0.3032104293734177,0.3032104293734177,{'model__alpha': 0.01}
2021-10-06 07:00:00,Random Forest,7,2.809886037682899,2.4574254124515242,2019-10-06 07:00:00,2021-10-06 07:00:00,2021-10-06 07:00:00,731,1,-0.28640559026943707,0.28640559026943707,"{'max_depth': 10, 'max_features': 0.5, 'min_samples_leaf': 2, 'n_estimators': 100}"
2021-10-06 07:00:00,Neural Network,7,2.809886037682899,1.6091999135167807,2019-10-06 07:00:00,2021-10-06 07:00:00,2021-10-06 07:00:00,731,1,-0.35941423956503044,0.35941423956503044,"{'regressor__model__alpha': 0.0001, 'regressor__model__hidden_layer_sizes': (64, 32), 'regressor__model__learning_rate_init': 0.0001}"
2021-10-06 07:00:00,Naive,7,2.809886037682899,2.8014572599000487,2019-10-06 07:00:00,2021-10-06 07:00:00,2021-10-06 07:00:00,731,1,,,not_applicable
2021-10-07 07:00:00,Decision Tree,7,3.3690951145595966,2.3168435660528957,2019-10-07 07:00:00,2021-10-07 07:00:00,2021-10-07 07:00:00,731,1,-0.42290985504429074,0.42290985504429074,"{'max_depth': None, 'min_samples_leaf': 1, 'min_samples_split': 20}"
2021-10-07 07:00:00,ARX,7,3.3690951145595966,3.179239089976212,2019-10-07 07:00:00,2021-10-07 07:00:00,2021-10-07 07:00:00,731,1,-0.3032104293734177,0.3032104293734177,{'model__alpha': 0.01}
2021-10-07 07:00:00,Random Forest,7,3.3690951145595966,2.3701956278816536,2019-10-07 07:00:00,2021-10-07 07:00:00,2021-10-07 07:00:00,731,1,-0.28640559026943707,0.28640559026943707,"{'max_depth': 10, 'max_features': 0.5, 'min_samples_leaf': 2, 'n_estimators': 100}"
2021-10-07 07:00:00,Neural Network,7,3.3690951145595966,2.7630082110734704,2019-10-07 07:00:00,2021-10-07 07:00:00,2021-10-07 07:00:00,731,1,-0.35941423956503044,0.35941423956503044,"{'regressor__model__alpha': 0.0001, 'regressor__model__hidden_layer_sizes': (64, 32), 'regressor__model__learning_rate_init': 0.0001}"
2021-10-07 07:00:00,Naive,7,3.3690951145595966,2.809886037682899,2019-10-07 07:00:00,2021-10-07 07:00:00,2021-10-07 07:00:00,731,1,,,not_applicable
2021-10-08 07:00:00,Decision Tree,7,3.0478849966125656,3.3690951145595966,2019-10-08 07:00:00,2021-10-08 07:00:00,2021-10-08 07:00:00,731,1,-0.42290985504429074,0.42290985504429074,"{'max_depth': None, 'min_samples_leaf': 1, 'min_samples_split': 20}"
2021-10-08 07:00:00,ARX,7,3.0478849966125656,3.2107162628971713,2019-10-08 07:00:00,2021-10-08 07:00:00,2021-10-08 07:00:00,731,1,-0.3032104293734177,0.3032104293734177,{'model__alpha': 0.01}
2021-10-08 07:00:00,Random Forest,7,3.0478849966125656,2.573861341913603,2019-10-08 07:00:00,2021-10-08 07:00:00,2021-10-08 07:00:00,731,1,-0.28640559026943707,0.28640559026943707,"{'max_depth': 10, 'max_features': 0.5, 'min_samples_leaf': 2, 'n_estimators': 100}"
2021-10-08 07:00:00,Neural Network,7,3.0478849966125656,3.0503885053788333,2019-10-08 07:00:00,2021-10-08 07:00:00,2021-10-08 07:00:00,731,1,-0.35941423956503044,0.35941423956503044,"{'regressor__model__alpha': 0.0001, 'regressor__model__hidden_layer_sizes': (64, 32), 'regressor__model__learning_rate_init': 0.0001}"
2021-10-08 07:00:00,Naive,7,3.0478849966125656,3.3690951145595966,2019-10-08 07:00:00,2021-10-08 07:00:00,2021-10-08 07:00:00,731,1,,,not_applicable
2021-10-09 07:00:00,Decision Tree,7,2.464011624360819,1.6326862378135791,2019-10-09 07:00:00,2021-10-09 07:00:00,2021-10-09 07:00:00,731,1,-0.42290985504429074,0.42290985504429074,"{'max_depth': None, 'min_samples_leaf': 1, 'min_samples_split': 20}"
2021-10-09 07:00:00,ARX,7,2.464011624360819,1.9644145145670304,2019-10-09 07:00:00,2021-10-09 07:00:00,2021-10-09 07:00:00,731,1,-0.3032104293734177,0.3032104293734177,{'model__alpha': 0.01}
2021-10-09 07:00:00,Random Forest,7,2.464011624360819,2.4222195442356824,2019-10-09 07:00:00,2021-10-09 07:00:00,2021-10-09 07:00:00,731,1,-0.28640559026943707,0.28640559026943707,"{'max_depth': 10, 'max_features': 0.5, 'min_samples_leaf': 2, 'n_estimators': 100}"
2021-10-09 07:00:00,Neural Network,7,2.464011624360819,2.371044883924757,2019-10-09 07:00:00,2021-10-09 07:00:00,2021-10-09 07:00:00,731,1,-0.35941423956503044,0.35941423956503044,"{'regressor__model__alpha': 0.0001, 'regressor__model__hidden_layer_sizes': (64, 32), 'regressor__model__learning_rate_init': 0.0001}"
2021-10-09 07:00:00,Naive,7,2.464011624360819,3.0478849966125656,2019-10-09 07:00:00,2021-10-09 07:00:00,2021-10-09 07:00:00,731,1,,,not_applicable
2021-10-10 07:00:00,Decision Tree,7,2.429802131805714,1.2786658199929142,2019-10-10 07:00:00,2021-10-10 07:00:00,2021-10-10 07:00:00,731,1,-0.42290985504429074,0.42290985504429074,"{'max_depth': None, 'min_samples_leaf': 1, 'min_samples_split': 20}"
2021-10-10 07:00:00,ARX,7,2.429802131805714,1.3348747046001597,2019-10-10 07:00:00,2021-10-10 07:00:00,2021-10-10 07:00:00,731,1,-0.3032104293734177,0.3032104293734177,{'model__alpha': 0.01}
2021-10-10 07:00:00,Random Forest,7,2.429802131805714,1.5188298915501548,2019-10-10 07:00:00,2021-10-10 07:00:00,2021-10-10 07:00:00,731,1,-0.28640559026943707,0.28640559026943707,"{'max_depth': 10, 'max_features': 0.5, 'min_samples_leaf': 2, 'n_estimators': 100}"
2021-10-10 07:00:00,Neural Network,7,2.429802131805714,1.4741005443929887,2019-10-10 07:00:00,2021-10-10 07:00:00,2021-10-10 07:00:00,731,1,-0.35941423956503044,0.35941423956503044,"{'regressor__model__alpha': 0.0001, 'regressor__model__hidden_layer_sizes': (64, 32), 'regressor__model__learning_rate_init': 0.0001}"
2021-10-10 07:00:00,Naive,7,2.429802131805714,2.464011624360819,2019-10-10 07:00:00,2021-10-10 07:00:00,2021-10-10 07:00:00,731,1,,,not_applicable
2021-10-11 07:00:00,Decision Tree,7,2.9601055277612947,2.9663386541046983,2019-10-11 07:00:00,2021-10-11 07:00:00,2021-10-11 07:00:00,731,1,-0.42290985504429074,0.42290985504429074,"{'max_depth': None, 'min_samples_leaf': 1, 'min_samples_split': 20}"
2021-10-11 07:00:00,ARX,7,2.9601055277612947,3.0210230532938334,2019-10-11 07:00:00,2021-10-11 07:00:00,2021-10-11 07:00:00,731,1,-0.3032104293734177,0.3032104293734177,{'model__alpha': 0.01}
2021-10-11 07:00:00,Random Forest,7,2.9601055277612947,2.667869210965228,2019-10-11 07:00:00,2021-10-11 07:00:00,2021-10-11 07:00:00,731,1,-0.28640559026943707,0.28640559026943707,"{'max_depth': 10, 'max_features': 0.5, 'min_samples_leaf': 2, 'n_estimators': 100}"
2021-10-11 07:00:00,Neural Network,7,2.9601055277612947,2.775974291318033,2019-10-11 07:00:00,2021-10-11 07:00:00,2021-10-11 07:00:00,731,1,-0.35941423956503044,0.35941423956503044,"{'regressor__model__alpha': 0.0001, 'regressor__model__hidden_layer_sizes': (64, 32), 'regressor__model__learning_rate_init': 0.0001}"
2021-10-11 07:00:00,Naive,7,2.9601055277612947,2.429802131805714,2019-10-11 07:00:00,2021-10-11 07:00:00,2021-10-11 07:00:00,731,1,,,not_applicable
2021-10-12 07:00:00,Decision Tree,7,2.767372744851579,2.7093943814567027,2019-10-12 07:00:00,2021-10-12 07:00:00,2021-10-12 07:00:00,731,1,-0.42290985504429074,0.42290985504429074,"{'max_depth': None, 'min_samples_leaf': 1, 'min_samples_split': 20}"
2021-10-12 07:00:00,ARX,7,2.767372744851579,2.58648704326772,2019-10-12 07:00:00,2021-10-12 07:00:00,2021-10-12 07:00:00,731,1,-0.3032104293734177,0.3032104293734177,{'model__alpha': 0.01}
2021-10-12 07:00:00,Random Forest,7,2.767372744851579,2.7882458227839964,2019-10-12 07:00:00,2021-10-12 07:00:00,2021-10-12 07:00:00,731,1,-0.28640559026943707,0.28640559026943707,"{'max_depth': 10, 'max_features': 0.5, 'min_samples_leaf': 2, 'n_estimators': 100}"
2021-10-12 07:00:00,Neural Network,7,2.767372744851579,2.504688992775455,2019-10-12 07:00:00,2021-10-12 07:00:00,2021-10-12 07:00:00,731,1,-0.35941423956503044,0.35941423956503044,"{'regressor__model__alpha': 0.0001, 'regressor__model__hidden_layer_sizes': (64, 32), 'regressor__model__learning_rate_init': 0.0001}"
2021-10-12 07:00:00,Naive,7,2.767372744851579,2.9601055277612947,2019-10-12 07:00:00,2021-10-12 07:00:00,2021-10-12 07:00:00,731,1,,,not_applicable
2021-10-13 07:00:00,Decision Tree,7,2.8405118187361516,2.7124458742669595,2019-10-13 07:00:00,2021-10-13 07:00:00,2021-10-13 07:00:00,731,1,-0.42290985504429074,0.42290985504429074,"{'max_depth': None, 'min_samples_leaf': 1, 'min_samples_split': 20}"
2021-10-13 07:00:00,ARX,7,2.8405118187361516,3.0610011791557525,2019-10-13 07:00:00,2021-10-13 07:00:00,2021-10-13 07:00:00,731,1,-0.3032104293734177,0.3032104293734177,{'model__alpha': 0.01}
2021-10-13 07:00:00,Random Forest,7,2.8405118187361516,2.8983039525780727,2019-10-13 07:00:00,2021-10-13 07:00:00,2021-10-13 07:00:00,731,1,-0.28640559026943707,0.28640559026943707,"{'max_depth': 10, 'max_features': 0.5, 'min_samples_leaf': 2, 'n_estimators': 100}"
2021-10-13 07:00:00,Neural Network,7,2.8405118187361516,2.984803855190577,2019-10-13 07:00:00,2021-10-13 07:00:00,2021-10-13 07:00:00,731,1,-0.35941423956503044,0.35941423956503044,"{'regressor__model__alpha': 0.0001, 'regressor__model__hidden_layer_sizes': (64, 32), 'regressor__model__learning_rate_init': 0.0001}"
2021-10-13 07:00:00,Naive,7,2.8405118187361516,2.767372744851579,2019-10-13 07:00:00,2021-10-13 07:00:00,2021-10-13 07:00:00,731,1,,,not_applicable
2021-10-14 07:00:00,Decision Tree,7,2.867432836297401,2.6470528112279363,2019-10-14 07:00:00,2021-10-14 07:00:00,2021-10-14 07:00:00,731,1,-0.42290985504429074,0.42290985504429074,"{'max_depth': None, 'min_samples_leaf': 1, 'min_samples_split': 20}"
2021-10-14 07:00:00,ARX,7,2.867432836297401,2.898969686712656,2019-10-14 07:00:00,2021-10-14 07:00:00,2021-10-14 07:00:00,731,1,-0.3032104293734177,0.3032104293734177,{'model__alpha': 0.01}
2021-10-14 07:00:00,Random Forest,7,2.867432836297401,2.838162482277366,2019-10-14 07:00:00,2021-10-14 07:00:00,2021-10-14 07:00:00,731,1,-0.28640559026943707,0.28640559026943707,"{'max_depth': 10, 'max_features': 0.5, 'min_samples_leaf': 2, 'n_estimators': 100}"
2021-10-14 07:00:00,Neural Network,7,2.867432836297401,3.1559655634988766,2019-10-14 07:00:00,2021-10-14 07:00:00,2021-10-14 07:00:00,731,1,-0.35941423956503044,0.35941423956503044,"{'regressor__model__alpha': 0.0001, 'regressor__model__hidden_layer_sizes': (64, 32), 'regressor__model__learning_rate_init': 0.0001}"
2021-10-14 07:00:00,Naive,7,2.867432836297401,2.8405118187361516,2019-10-14 07:00:00,2021-10-14 07:00:00,2021-10-14 07:00:00,731,1,,,not_applicable
2021-10-15 07:00:00,Decision Tree,7,2.4225062127082206,2.659296145954018,2019-10-15 07:00:00,2021-10-15 07:00:00,2021-10-15 07:00:00,731,1,-0.42290985504429074,0.42290985504429074,"{'max_depth': None, 'min_samples_leaf': 1, 'min_samples_split': 20}"
2021-10-15 07:00:00,ARX,7,2.4225062127082206,1.9668722255134845,2019-10-15 07:00:00,2021-10-15 07:00:00,2021-10-15 07:00:00,731,1,-0.3032104293734177,0.3032104293734177,{'model__alpha': 0.01}
2021-10-15 07:00:00,Random Forest,7,2.4225062127082206,2.6490289331539834,2019-10-15 07:00:00,2021-10-15 07:00:00,2021-10-15 07:00:00,731,1,-0.28640559026943707,0.28640559026943707,"{'max_depth': 10, 'max_features': 0.5, 'min_samples_leaf': 2, 'n_estimators': 100}"
2021-10-15 07:00:00,Neural Network,7,2.4225062127082206,2.399145675962509,2019-10-15 07:00:00,2021-10-15 07:00:00,2021-10-15 07:00:00,731,1,-0.35941423956503044,0.35941423956503044,"{'regressor__model__alpha': 0.0001, 'regressor__model__hidden_layer_sizes': (64, 32), 'regressor__model__learning_rate_init': 0.0001}"
2021-10-15 07:00:00,Naive,7,2.4225062127082206,2.867432836297401,2019-10-15 07:00:00,2021-10-15 07:00:00,2021-10-15 07:00:00,731,1,,,not_applicable
2021-10-16 07:00:00,Decision Tree,7,2.5469194980112317,3.017006058793402,2019-10-16 07:00:00,2021-10-16 07:00:00,2021-10-16 07:00:00,731,1,-0.42290985504429074,0.42290985504429074,"{'max_depth': None, 'min_samples_leaf': 1, 'min_samples_split': 20}"
2021-10-16 07:00:00,ARX,7,2.5469194980112317,2.069623988397623,2019-10-16 07:00:00,2021-10-16 07:00:00,2021-10-16 07:00:00,731,1,-0.3032104293734177,0.3032104293734177,{'model__alpha': 0.01}
2021-10-16 07:00:00,Random Forest,7,2.5469194980112317,2.668187964697142,2019-10-16 07:00:00,2021-10-16 07:00:00,2021-10-16 07:00:00,731,1,-0.28640559026943707,0.28640559026943707,"{'max_depth': 10, 'max_features': 0.5, 'min_samples_leaf': 2, 'n_estimators': 100}"
2021-10-16 07:00:00,Neural Network,7,2.5469194980112317,1.9883858749643069,2019-10-16 07:00:00,2021-10-16 07:00:00,2021-10-16 07:00:00,731,1,-0.35941423956503044,0.35941423956503044,"{'regressor__model__alpha': 0.0001, 'regressor__model__hidden_layer_sizes': (64, 32), 'regressor__model__learning_rate_init': 0.0001}"
2021-10-16 07:00:00,Naive,7,2.5469194980112317,2.4225062127082206,2019-10-16 07:00:00,2021-10-16 07:00:00,2021-10-16 07:00:00,731,1,,,not_applicable
2021-10-17 07:00:00,Decision Tree,7,1.9514585899248749,2.476984372781445,2019-10-17 07:00:00,2021-10-17 07:00:00,2021-10-17 07:00:00,731,1,-0.42290985504429074,0.42290985504429074,"{'max_depth': None, 'min_samples_leaf': 1, 'min_samples_split': 20}"
2021-10-17 07:00:00,ARX,7,1.9514585899248749,1.7781253171705287,2019-10-17 07:00:00,2021-10-17 07:00:00,2021-10-17 07:00:00,731,1,-0.3032104293734177,0.3032104293734177,{'model__alpha': 0.01}
2021-10-17 07:00:00,Random Forest,7,1.9514585899248749,2.6548863724413883,2019-10-17 07:00:00,2021-10-17 07:00:00,2021-10-17 07:00:00,731,1,-0.28640559026943707,0.28640559026943707,"{'max_depth': 10, 'max_features': 0.5, 'min_samples_leaf': 2, 'n_estimators': 100}"
2021-10-17 07:00:00,Neural Network,7,1.9514585899248749,2.1872183751299463,2019-10-17 07:00:00,2021-10-17 07:00:00,2021-10-17 07:00:00,731,1,-0.35941423956503044,0.35941423956503044,"{'regressor__model__alpha': 0.0001, 'regressor__model__hidden_layer_sizes': (64, 32), 'regressor__model__learning_rate_init': 0.0001}"
2021-10-17 07:00:00,Naive,7,1.9514585899248749,2.5469194980112317,2019-10-17 07:00:00,2021-10-17 07:00:00,2021-10-17 07:00:00,731,1,,,not_applicable
2021-10-18 07:00:00,Decision Tree,7,2.9639455057147637,2.6217272792499218,2019-10-18 07:00:00,2021-10-18 07:00:00,2021-10-18 07:00:00,731,1,-0.42290985504429074,0.42290985504429074,"{'max_depth': None, 'min_samples_leaf': 1, 'min_samples_split': 20}"
2021-10-18 07:00:00,ARX,7,2.9639455057147637,3.0072164444306644,2019-10-18 07:00:00,2021-10-18 07:00:00,2021-10-18 07:00:00,731,1,-0.3032104293734177,0.3032104293734177,{'model__alpha': 0.01}
2021-10-18 07:00:00,Random Forest,7,2.9639455057147637,2.6664588057284306,2019-10-18 07:00:00,2021-10-18 07:00:00,2021-10-18 07:00:00,731,1,-0.28640559026943707,0.28640559026943707,"{'max_depth': 10, 'max_features': 0.5, 'min_samples_leaf': 2, 'n_estimators': 100}"
2021-10-18 07:00:00,Neural Network,7,2.9639455057147637,3.244650781557501,2019-10-18 07:00:00,2021-10-18 07:00:00,2021-10-18 07:00:00,731,1,-0.35941423956503044,0.35941423956503044,"{'regressor__model__alpha': 0.0001, 'regressor__model__hidden_layer_sizes': (64, 32), 'regressor__model__learning_rate_init': 0.0001}"
2021-10-18 07:00:00,Naive,7,2.9639455057147637,1.9514585899248749,2019-10-18 07:00:00,2021-10-18 07:00:00,2021-10-18 07:00:00,731,1,,,not_applicable
2021-10-19 07:00:00,Decision Tree,7,2.7456846910252857,2.922674534213994,2019-10-19 07:00:00,2021-10-19 07:00:00,2021-10-19 07:00:00,731,1,-0.42290985504429074,0.42290985504429074,"{'max_depth': None, 'min_samples_leaf': 1, 'min_samples_split': 20}"
2021-10-19 07:00:00,ARX,7,2.7456846910252857,2.923987509796438,2019-10-19 07:00:00,2021-10-19 07:00:00,2021-10-19 07:00:00,731,1,-0.3032104293734177,0.3032104293734177,{'model__alpha': 0.01}
2021-10-19 07:00:00,Random Forest,7,2.7456846910252857,2.762812985270799,2019-10-19 07:00:00,2021-10-19 07:00:00,2021-10-19 07:00:00,731,1,-0.28640559026943707,0.28640559026943707,"{'max_depth': 10, 'max_features': 0.5, 'min_samples_leaf': 2, 'n_estimators': 100}"
2021-10-19 07:00:00,Neural Network,7,2.7456846910252857,3.021187012523962,2019-10-19 07:00:00,2021-10-19 07:00:00,2021-10-19 07:00:00,731,1,-0.35941423956503044,0.35941423956503044,"{'regressor__model__alpha': 0.0001, 'regressor__model__hidden_layer_sizes': (64, 32), 'regressor__model__learning_rate_init': 0.0001}"
2021-10-19 07:00:00,Naive,7,2.7456846910252857,2.9639455057147637,2019-10-19 07:00:00,2021-10-19 07:00:00,2021-10-19 07:00:00,731,1,,,not_applicable
2021-10-20 07:00:00,Decision Tree,7,2.099134411791951,1.0613723850196009,2019-10-20 07:00:00,2021-10-20 07:00:00,2021-10-20 07:00:00,731,1,-0.42290985504429074,0.42290985504429074,"{'max_depth': None, 'min_samples_leaf': 1, 'min_samples_split': 20}"
2021-10-20 07:00:00,ARX,7,2.099134411791951,1.5855589371892527,2019-10-20 07:00:00,2021-10-20 07:00:00,2021-10-20 07:00:00,731,1,-0.3032104293734177,0.3032104293734177,{'model__alpha': 0.01}
2021-10-20 07:00:00,Random Forest,7,2.099134411791951,2.0676389780848554,2019-10-20 07:00:00,2021-10-20 07:00:00,2021-10-20 07:00:00,731,1,-0.28640559026943707,0.28640559026943707,"{'max_depth': 10, 'max_features': 0.5, 'min_samples_leaf': 2, 'n_estimators': 100}"
2021-10-20 07:00:00,Neural Network,7,2.099134411791951,2.147928683707099,2019-10-20 07:00:00,2021-10-20 07:00:00,2021-10-20 07:00:00,731,1,-0.35941423956503044,0.35941423956503044,"{'regressor__model__alpha': 0.0001, 'regressor__model__hidden_layer_sizes': (64, 32), 'regressor__model__learning_rate_init': 0.0001}"
2021-10-20 07:00:00,Naive,7,2.099134411791951,2.7456846910252857,2019-10-20 07:00:00,2021-10-20 07:00:00,2021-10-20 07:00:00,731,1,,,not_applicable
2021-10-21 07:00:00,Decision Tree,7,1.7535378062376523,0.9798368137287686,2019-10-21 07:00:00,2021-10-21 07:00:00,2021-10-21 07:00:00,731,1,-0.42290985504429074,0.42290985504429074,"{'max_depth': None, 'min_samples_leaf': 1, 'min_samples_split': 20}"
2021-10-21 07:00:00,ARX,7,1.7535378062376523,1.379760582764403,2019-10-21 07:00:00,2021-10-21 07:00:00,2021-10-21 07:00:00,731,1,-0.3032104293734177,0.3032104293734177,{'model__alpha': 0.01}
2021-10-21 07:00:00,Random Forest,7,1.7535378062376523,1.6109096969347556,2019-10-21 07:00:00,2021-10-21 07:00:00,2021-10-21 07:00:00,731,1,-0.28640559026943707,0.28640559026943707,"{'max_depth': 10, 'max_features': 0.5, 'min_samples_leaf': 2, 'n_estimators': 100}"
2021-10-21 07:00:00,Neural Network,7,1.7535378062376523,1.1424580204339467,2019-10-21 07:00:00,2021-10-21 07:00:00,2021-10-21 07:00:00,731,1,-0.35941423956503044,0.35941423956503044,"{'regressor__model__alpha': 0.0001, 'regressor__model__hidden_layer_sizes': (64, 32), 'regressor__model__learning_rate_init': 0.0001}"
2021-10-21 07:00:00,Naive,7,1.7535378062376523,2.099134411791951,2019-10-21 07:00:00,2021-10-21 07:00:00,2021-10-21 07:00:00,731,1,,,not_applicable
2021-10-22 07:00:00,Decision Tree,7,1.9474096986662894,1.1818184131221154,2019-10-22 07:00:00,2021-10-22 07:00:00,2021-10-22 07:00:00,731,1,-0.42290985504429074,0.42290985504429074,"{'max_depth': None, 'min_samples_leaf': 1, 'min_samples_split': 20}"
2021-10-22 07:00:00,ARX,7,1.9474096986662894,1.3245680780426108,2019-10-22 07:00:00,2021-10-22 07:00:00,2021-10-22 07:00:00,731,1,-0.3032104293734177,0.3032104293734177,{'model__alpha': 0.01}
2021-10-22 07:00:00,Random Forest,7,1.9474096986662894,1.4736360156129173,2019-10-22 07:00:00,2021-10-22 07:00:00,2021-10-22 07:00:00,731,1,-0.28640559026943707,0.28640559026943707,"{'max_depth': 10, 'max_features': 0.5, 'min_samples_leaf': 2, 'n_estimators': 100}"
2021-10-22 07:00:00,Neural Network,7,1.9474096986662894,0.6334009115560536,2019-10-22 07:00:00,2021-10-22 07:00:00,2021-10-22 07:00:00,731,1,-0.35941423956503044,0.35941423956503044,"{'regressor__model__alpha': 0.0001, 'regressor__model__hidden_layer_sizes': (64, 32), 'regressor__model__learning_rate_init': 0.0001}"
2021-10-22 07:00:00,Naive,7,1.9474096986662894,1.7535378062376523,2019-10-22 07:00:00,2021-10-22 07:00:00,2021-10-22 07:00:00,731,1,,,not_applicable
2021-10-23 07:00:00,Decision Tree,7,1.754410957051438,1.2997859205027142,2019-10-23 07:00:00,2021-10-23 07:00:00,2021-10-23 07:00:00,731,1,-0.42290985504429074,0.42290985504429074,"{'max_depth': None, 'min_samples_leaf': 1, 'min_samples_split': 20}"
2021-10-23 07:00:00,ARX,7,1.754410957051438,1.092937738102136,2019-10-23 07:00:00,2021-10-23 07:00:00,2021-10-23 07:00:00,731,1,-0.3032104293734177,0.3032104293734177,{'model__alpha': 0.01}
2021-10-23 07:00:00,Random Forest,7,1.754410957051438,1.5494995559400828,2019-10-23 07:00:00,2021-10-23 07:00:00,2021-10-23 07:00:00,731,1,-0.28640559026943707,0.28640559026943707,"{'max_depth': 10, 'max_features': 0.5, 'min_samples_leaf': 2, 'n_estimators': 100}"
2021-10-23 07:00:00,Neural Network,7,1.754410957051438,0.917566796554007,2019-10-23 07:00:00,2021-10-23 07:00:00,2021-10-23 07:00:00,731,1,-0.35941423956503044,0.35941423956503044,"{'regressor__model__alpha': 0.0001, 'regressor__model__hidden_layer_sizes': (64, 32), 'regressor__model__learning_rate_init': 0.0001}"
2021-10-23 07:00:00,Naive,7,1.754410957051438,1.9474096986662894,2019-10-23 07:00:00,2021-10-23 07:00:00,2021-10-23 07:00:00,731,1,,,not_applicable
2021-10-24 07:00:00,Decision Tree,7,1.5680095538423457,1.7739200500219303,2019-10-24 07:00:00,2021-10-24 07:00:00,2021-10-24 07:00:00,731,1,-0.42290985504429074,0.42290985504429074,"{'max_depth': None, 'min_samples_leaf': 1, 'min_samples_split': 20}"
2021-10-24 07:00:00,ARX,7,1.5680095538423457,1.6497826535539004,2019-10-24 07:00:00,2021-10-24 07:00:00,2021-10-24 07:00:00,731,1,-0.3032104293734177,0.3032104293734177,{'model__alpha': 0.01}
2021-10-24 07:00:00,Random Forest,7,1.5680095538423457,2.2537111648052,2019-10-24 07:00:00,2021-10-24 07:00:00,2021-10-24 07:00:00,731,1,-0.28640559026943707,0.28640559026943707,"{'max_depth': 10, 'max_features': 0.5, 'min_samples_leaf': 2, 'n_estimators': 100}"
2021-10-24 07:00:00,Neural Network,7,1.5680095538423457,1.5740053915988355,2019-10-24 07:00:00,2021-10-24 07:00:00,2021-10-24 07:00:00,731,1,-0.35941423956503044,0.35941423956503044,"{'regressor__model__alpha': 0.0001, 'regressor__model__hidden_layer_sizes': (64, 32), 'regressor__model__learning_rate_init': 0.0001}"
2021-10-24 07:00:00,Naive,7,1.5680095538423457,1.754410957051438,2019-10-24 07:00:00,2021-10-24 07:00:00,2021-10-24 07:00:00,731,1,,,not_applicable
2021-10-25 07:00:00,Decision Tree,7,2.72290382956486,1.8828817007070449,2019-10-25 07:00:00,2021-10-25 07:00:00,2021-10-25 07:00:00,731,1,-0.42290985504429074,0.42290985504429074,"{'max_depth': None, 'min_samples_leaf': 1, 'min_samples_split': 20}"
2021-10-25 07:00:00,ARX,7,2.72290382956486,2.301370269792047,2019-10-25 07:00:00,2021-10-25 07:00:00,2021-10-25 07:00:00,731,1,-0.3032104293734177,0.3032104293734177,{'model__alpha': 0.01}
2021-10-25 07:00:00,Random Forest,7,2.72290382956486,2.020713884956246,2019-10-25 07:00:00,2021-10-25 07:00:00,2021-10-25 07:00:00,731,1,-0.28640559026943707,0.28640559026943707,"{'max_depth': 10, 'max_features': 0.5, 'min_samples_leaf': 2, 'n_estimators': 100}"
2021-10-25 07:00:00,Neural Network,7,2.72290382956486,2.1220542438614935,2019-10-25 07:00:00,2021-10-25 07:00:00,2021-10-25 07:00:00,731,1,-0.35941423956503044,0.35941423956503044,"{'regressor__model__alpha': 0.0001, 'regressor__model__hidden_layer_sizes': (64, 32), 'regressor__model__learning_rate_init': 0.0001}"
2021-10-25 07:00:00,Naive,7,2.72290382956486,1.5680095538423457,2019-10-25 07:00:00,2021-10-25 07:00:00,2021-10-25 07:00:00,731,1,,,not_applicable
2021-10-26 07:00:00,Decision Tree,7,2.826727567210323,2.8075892340291615,2019-10-26 07:00:00,2021-10-26 07:00:00,2021-10-26 07:00:00,731,1,-0.42290985504429074,0.42290985504429074,"{'max_depth': None, 'min_samples_leaf': 1, 'min_samples_split': 20}"
2021-10-26 07:00:00,ARX,7,2.826727567210323,2.9218031198414685,2019-10-26 07:00:00,2021-10-26 07:00:00,2021-10-26 07:00:00,731,1,-0.3032104293734177,0.3032104293734177,{'model__alpha': 0.01}
2021-10-26 07:00:00,Random Forest,7,2.826727567210323,2.642997566578369,2019-10-26 07:00:00,2021-10-26 07:00:00,2021-10-26 07:00:00,731,1,-0.28640559026943707,0.28640559026943707,"{'max_depth': 10, 'max_features': 0.5, 'min_samples_leaf': 2, 'n_estimators': 100}"
2021-10-26 07:00:00,Neural Network,7,2.826727567210323,2.4563012635040264,2019-10-26 07:00:00,2021-10-26 07:00:00,2021-10-26 07:00:00,731,1,-0.35941423956503044,0.35941423956503044,"{'regressor__model__alpha': 0.0001, 'regressor__model__hidden_layer_sizes': (64, 32), 'regressor__model__learning_rate_init': 0.0001}"
2021-10-26 07:00:00,Naive,7,2.826727567210323,2.72290382956486,2019-10-26 07:00:00,2021-10-26 07:00:00,2021-10-26 07:00:00,731,1,,,not_applicable
2021-10-27 07:00:00,Decision Tree,7,2.604214093603467,2.3959908667327467,2019-10-27 07:00:00,2021-10-27 07:00:00,2021-10-27 07:00:00,731,1,-0.42290985504429074,0.42290985504429074,"{'max_depth': None, 'min_samples_leaf': 1, 'min_samples_split': 20}"
2021-10-27 07:00:00,ARX,7,2.604214093603467,2.1217582890198288,2019-10-27 07:00:00,2021-10-27 07:00:00,2021-10-27 07:00:00,731,1,-0.3032104293734177,0.3032104293734177,{'model__alpha': 0.01}
2021-10-27 07:00:00,Random Forest,7,2.604214093603467,2.2491234507694218,2019-10-27 07:00:00,2021-10-27 07:00:00,2021-10-27 07:00:00,731,1,-0.28640559026943707,0.28640559026943707,"{'max_depth': 10, 'max_features': 0.5, 'min_samples_leaf': 2, 'n_estimators': 100}"
2021-10-27 07:00:00,Neural Network,7,2.604214093603467,2.323780115571858,2019-10-27 07:00:00,2021-10-27 07:00:00,2021-10-27 07:00:00,731,1,-0.35941423956503044,0.35941423956503044,"{'regressor__model__alpha': 0.0001, 'regressor__model__hidden_layer_sizes': (64, 32), 'regressor__model__learning_rate_init': 0.0001}"
2021-10-27 07:00:00,Naive,7,2.604214093603467,2.826727567210323,2019-10-27 07:00:00,2021-10-27 07:00:00,2021-10-27 07:00:00,731,1,,,not_applicable
2021-10-28 07:00:00,Decision Tree,7,2.7653519287605444,2.59038679031601,2019-10-28 07:00:00,2021-10-28 07:00:00,2021-10-28 07:00:00,731,1,-0.42290985504429074,0.42290985504429074,"{'max_depth': None, 'min_samples_leaf': 1, 'min_samples_split': 20}"
2021-10-28 07:00:00,ARX,7,2.7653519287605444,2.5800328876777057,2019-10-28 07:00:00,2021-10-28 07:00:00,2021-10-28 07:00:00,731,1,-0.3032104293734177,0.3032104293734177,{'model__alpha': 0.01}
2021-10-28 07:00:00,Random Forest,7,2.7653519287605444,2.281413914970224,2019-10-28 07:00:00,2021-10-28 07:00:00,2021-10-28 07:00:00,731,1,-0.28640559026943707,0.28640559026943707,"{'max_depth': 10, 'max_features': 0.5, 'min_samples_leaf': 2, 'n_estimators': 100}"
2021-10-28 07:00:00,Neural Network,7,2.7653519287605444,1.9699525921942582,2019-10-28 07:00:00,2021-10-28 07:00:00,2021-10-28 07:00:00,731,1,-0.35941423956503044,0.35941423956503044,"{'regressor__model__alpha': 0.0001, 'regressor__model__hidden_layer_sizes': (64, 32), 'regressor__model__learning_rate_init': 0.0001}"
2021-10-28 07:00:00,Naive,7,2.7653519287605444,2.604214093603467,2019-10-28 07:00:00,2021-10-28 07:00:00,2021-10-28 07:00:00,731,1,,,not_applicable
2021-10-29 07:00:00,Decision Tree,7,2.441489901804795,3.125695212977819,2019-10-29 07:00:00,2021-10-29 07:00:00,2021-10-29 07:00:00,731,1,-0.42290985504429074,0.42290985504429074,"{'max_depth': None, 'min_samples_leaf': 1, 'min_samples_split': 20}"
2021-10-29 07:00:00,ARX,7,2.441489901804795,2.2450826154157864,2019-10-29 07:00:00,2021-10-29 07:00:00,2021-10-29 07:00:00,731,1,-0.3032104293734177,0.3032104293734177,{'model__alpha': 0.01}
2021-10-29 07:00:00,Random Forest,7,2.441489901804795,2.364091306657175,2019-10-29 07:00:00,2021-10-29 07:00:00,2021-10-29 07:00:00,731,1,-0.28640559026943707,0.28640559026943707,"{'max_depth': 10, 'max_features': 0.5, 'min_samples_leaf': 2, 'n_estimators': 100}"
2021-10-29 07:00:00,Neural Network,7,2.441489901804795,2.6979450005427577,2019-10-29 07:00:00,2021-10-29 07:00:00,2021-10-29 07:00:00,731,1,-0.35941423956503044,0.35941423956503044,"{'regressor__model__alpha': 0.0001, 'regressor__model__hidden_layer_sizes': (64, 32), 'regressor__model__learning_rate_init': 0.0001}"
2021-10-29 07:00:00,Naive,7,2.441489901804795,2.7653519287605444,2019-10-29 07:00:00,2021-10-29 07:00:00,2021-10-29 07:00:00,731,1,,,not_applicable
2021-10-30 07:00:00,Decision Tree,7,1.5172722672638914,1.8281272065401621,2019-10-30 07:00:00,2021-10-30 07:00:00,2021-10-30 07:00:00,731,1,-0.42290985504429074,0.42290985504429074,"{'max_depth': None, 'min_samples_leaf': 1, 'min_samples_split': 20}"
2021-10-30 07:00:00,ARX,7,1.5172722672638914,1.3330917093824648,2019-10-30 07:00:00,2021-10-30 07:00:00,2021-10-30 07:00:00,731,1,-0.3032104293734177,0.3032104293734177,{'model__alpha': 0.01}
2021-10-30 07:00:00,Random Forest,7,1.5172722672638914,1.7814972198928367,2019-10-30 07:00:00,2021-10-30 07:00:00,2021-10-30 07:00:00,731,1,-0.28640559026943707,0.28640559026943707,"{'max_depth': 10, 'max_features': 0.5, 'min_samples_leaf': 2, 'n_estimators': 100}"
2021-10-30 07:00:00,Neural Network,7,1.5172722672638914,1.7557728316744352,2019-10-30 07:00:00,2021-10-30 07:00:00,2021-10-30 07:00:00,731,1,-0.35941423956503044,0.35941423956503044,"{'regressor__model__alpha': 0.0001, 'regressor__model__hidden_layer_sizes': (64, 32), 'regressor__model__learning_rate_init': 0.0001}"
2021-10-30 07:00:00,Naive,7,1.5172722672638914,2.441489901804795,2019-10-30 07:00:00,2021-10-30 07:00:00,2021-10-30 07:00:00,731,1,,,not_applicable
2021-10-31 07:00:00,Decision Tree,7,0.7293199202259285,1.1586277436537191,2019-10-31 07:00:00,2021-10-31 07:00:00,2021-10-31 07:00:00,731,1,-0.42290985504429074,0.42290985504429074,"{'max_depth': None, 'min_samples_leaf': 1, 'min_samples_split': 20}"
2021-10-31 07:00:00,ARX,7,0.7293199202259285,0.6871958953619223,2019-10-31 07:00:00,2021-10-31 07:00:00,2021-10-31 07:00:00,731,1,-0.3032104293734177,0.3032104293734177,{'model__alpha': 0.01}
2021-10-31 07:00:00,Random Forest,7,0.7293199202259285,1.0381665605203392,2019-10-31 07:00:00,2021-10-31 07:00:00,2021-10-31 07:00:00,731,1,-0.28640559026943707,0.28640559026943707,"{'max_depth': 10, 'max_features': 0.5, 'min_samples_leaf': 2, 'n_estimators': 100}"
2021-10-31 07:00:00,Neural Network,7,0.7293199202259285,0.5442982776609113,2019-10-31 07:00:00,2021-10-31 07:00:00,2021-10-31 07:00:00,731,1,-0.35941423956503044,0.35941423956503044,"{'regressor__model__alpha': 0.0001, 'regressor__model__hidden_layer_sizes': (64, 32), 'regressor__model__learning_rate_init': 0.0001}"
2021-10-31 07:00:00,Naive,7,0.7293199202259285,1.5172722672638914,2019-10-31 07:00:00,2021-10-31 07:00:00,2021-10-31 07:00:00,731,1,,,not_applicable
2021-11-01 07:00:00,Decision Tree,7,1.2073991708740373,1.8108574876914807,2019-11-01 07:00:00,2021-11-01 07:00:00,2021-11-01 07:00:00,731,1,-0.42290985504429074,0.42290985504429074,"{'max_depth': None, 'min_samples_leaf': 1, 'min_samples_split': 20}"
2021-11-01 07:00:00,ARX,7,1.2073991708740373,0.6919801788437872,2019-11-01 07:00:00,2021-11-01 07:00:00,2021-11-01 07:00:00,731,1,-0.3032104293734177,0.3032104293734177,{'model__alpha': 0.01}
2021-11-01 07:00:00,Random Forest,7,1.2073991708740373,0.11103184984072385,2019-11-01 07:00:00,2021-11-01 07:00:00,2021-11-01 07:00:00,731,1,-0.28640559026943707,0.28640559026943707,"{'max_depth': 10, 'max_features': 0.5, 'min_samples_leaf': 2, 'n_estimators': 100}"
2021-11-01 07:00:00,Neural Network,7,1.2073991708740373,1.1275567617287356,2019-11-01 07:00:00,2021-11-01 07:00:00,2021-11-01 07:00:00,731,1,-0.35941423956503044,0.35941423956503044,"{'regressor__model__alpha': 0.0001, 'regressor__model__hidden_layer_sizes': (64, 32), 'regressor__model__learning_rate_init': 0.0001}"
2021-11-01 07:00:00,Naive,7,1.2073991708740373,0.7293199202259285,2019-11-01 07:00:00,2021-11-01 07:00:00,2021-11-01 07:00:00,731,1,,,not_applicable
2021-11-02 07:00:00,Decision Tree,7,2.6969301115649373,2.750094121738959,2019-11-02 07:00:00,2021-11-02 07:00:00,2021-11-02 07:00:00,731,1,-0.42290985504429074,0.42290985504429074,"{'max_depth': None, 'min_samples_leaf': 1, 'min_samples_split': 20}"
2021-11-02 07:00:00,ARX,7,2.6969301115649373,2.939397292257561,2019-11-02 07:00:00,2021-11-02 07:00:00,2021-11-02 07:00:00,731,1,-0.3032104293734177,0.3032104293734177,{'model__alpha': 0.01}
2021-11-02 07:00:00,Random Forest,7,2.6969301115649373,2.4083069367666963,2019-11-02 07:00:00,2021-11-02 07:00:00,2021-11-02 07:00:00,731,1,-0.28640559026943707,0.28640559026943707,"{'max_depth': 10, 'max_features': 0.5, 'min_samples_leaf': 2, 'n_estimators': 100}"
2021-11-02 07:00:00,Neural Network,7,2.6969301115649373,2.4522210047297635,2019-11-02 07:00:00,2021-11-02 07:00:00,2021-11-02 07:00:00,731,1,-0.35941423956503044,0.35941423956503044,"{'regressor__model__alpha': 0.0001, 'regressor__model__hidden_layer_sizes': (64, 32), 'regressor__model__learning_rate_init': 0.0001}"
2021-11-02 07:00:00,Naive,7,2.6969301115649373,1.2073991708740373,2019-11-02 07:00:00,2021-11-02 07:00:00,2021-11-02 07:00:00,731,1,,,not_applicable
2021-11-03 07:00:00,Decision Tree,7,2.6197513629953217,2.74714056561818,2019-11-03 07:00:00,2021-11-03 07:00:00,2021-11-03 07:00:00,731,1,-0.42290985504429074,0.42290985504429074,"{'max_depth': None, 'min_samples_leaf': 1, 'min_samples_split': 20}"
2021-11-03 07:00:00,ARX,7,2.6197513629953217,3.071582701590904,2019-11-03 07:00:00,2021-11-03 07:00:00,2021-11-03 07:00:00,731,1,-0.3032104293734177,0.3032104293734177,{'model__alpha': 0.01}
2021-11-03 07:00:00,Random Forest,7,2.6197513629953217,2.6564626629018537,2019-11-03 07:00:00,2021-11-03 07:00:00,2021-11-03 07:00:00,731,1,-0.28640559026943707,0.28640559026943707,"{'max_depth': 10, 'max_features': 0.5, 'min_samples_leaf': 2, 'n_estimators': 100}"
2021-11-03 07:00:00,Neural Network,7,2.6197513629953217,2.2407427700633065,2019-11-03 07:00:00,2021-11-03 07:00:00,2021-11-03 07:00:00,731,1,-0.35941423956503044,0.35941423956503044,"{'regressor__model__alpha': 0.0001, 'regressor__model__hidden_layer_sizes': (64, 32), 'regressor__model__learning_rate_init': 0.0001}"
2021-11-03 07:00:00,Naive,7,2.6197513629953217,2.6969301115649373,2019-11-03 07:00:00,2021-11-03 07:00:00,2021-11-03 07:00:00,731,1,,,not_applicable
2021-11-04 07:00:00,Decision Tree,7,2.654706318110278,2.740435870743293,2019-11-04 07:00:00,2021-11-04 07:00:00,2021-11-04 07:00:00,731,1,-0.42290985504429074,0.42290985504429074,"{'max_depth': None, 'min_samples_leaf': 1, 'min_samples_split': 20}"
2021-11-04 07:00:00,ARX,7,2.654706318110278,3.0373171596215554,2019-11-04 07:00:00,2021-11-04 07:00:00,2021-11-04 07:00:00,731,1,-0.3032104293734177,0.3032104293734177,{'model__alpha': 0.01}
2021-11-04 07:00:00,Random Forest,7,2.654706318110278,2.6973859924726815,2019-11-04 07:00:00,2021-11-04 07:00:00,2021-11-04 07:00:00,731,1,-0.28640559026943707,0.28640559026943707,"{'max_depth': 10, 'max_features': 0.5, 'min_samples_leaf': 2, 'n_estimators': 100}"
2021-11-04 07:00:00,Neural Network,7,2.654706318110278,2.748518749389516,2019-11-04 07:00:00,2021-11-04 07:00:00,2021-11-04 07:00:00,731,1,-0.35941423956503044,0.35941423956503044,"{'regressor__model__alpha': 0.0001, 'regressor__model__hidden_layer_sizes': (64, 32), 'regressor__model__learning_rate_init': 0.0001}"
2021-11-04 07:00:00,Naive,7,2.654706318110278,2.6197513629953217,2019-11-04 07:00:00,2021-11-04 07:00:00,2021-11-04 07:00:00,731,1,,,not_applicable
2021-11-05 07:00:00,Decision Tree,7,2.5851749612143844,2.438277910389875,2019-11-05 07:00:00,2021-11-05 07:00:00,2021-11-05 07:00:00,731,1,-0.42290985504429074,0.42290985504429074,"{'max_depth': None, 'min_samples_leaf': 1, 'min_samples_split': 20}"
2021-11-05 07:00:00,ARX,7,2.5851749612143844,2.5088203712019026,2019-11-05 07:00:00,2021-11-05 07:00:00,2021-11-05 07:00:00,731,1,-0.3032104293734177,0.3032104293734177,{'model__alpha': 0.01}
2021-11-05 07:00:00,Random Forest,7,2.5851749612143844,2.576433035909402,2019-11-05 07:00:00,2021-11-05 07:00:00,2021-11-05 07:00:00,731,1,-0.28640559026943707,0.28640559026943707,"{'max_depth': 10, 'max_features': 0.5, 'min_samples_leaf': 2, 'n_estimators': 100}"
2021-11-05 07:00:00,Neural Network,7,2.5851749612143844,2.9527991444896546,2019-11-05 07:00:00,2021-11-05 07:00:00,2021-11-05 07:00:00,731,1,-0.35941423956503044,0.35941423956503044,"{'regressor__model__alpha': 0.0001, 'regressor__model__hidden_layer_sizes': (64, 32), 'regressor__model__learning_rate_init': 0.0001}"
2021-11-05 07:00:00,Naive,7,2.5851749612143844,2.654706318110278,2019-11-05 07:00:00,2021-11-05 07:00:00,2021-11-05 07:00:00,731,1,,,not_applicable
2021-11-06 07:00:00,Decision Tree,7,1.3418634547269275,2.152663819883409,2019-11-06 07:00:00,2021-11-06 07:00:00,2021-11-06 07:00:00,731,1,-0.42290985504429074,0.42290985504429074,"{'max_depth': None, 'min_samples_leaf': 1, 'min_samples_split': 20}"
2021-11-06 07:00:00,ARX,7,1.3418634547269275,1.3998329111894656,2019-11-06 07:00:00,2021-11-06 07:00:00,2021-11-06 07:00:00,731,1,-0.3032104293734177,0.3032104293734177,{'model__alpha': 0.01}
2021-11-06 07:00:00,Random Forest,7,1.3418634547269275,1.835242868823035,2019-11-06 07:00:00,2021-11-06 07:00:00,2021-11-06 07:00:00,731,1,-0.28640559026943707,0.28640559026943707,"{'max_depth': 10, 'max_features': 0.5, 'min_samples_leaf': 2, 'n_estimators': 100}"
2021-11-06 07:00:00,Neural Network,7,1.3418634547269275,1.8033466348053806,2019-11-06 07:00:00,2021-11-06 07:00:00,2021-11-06 07:00:00,731,1,-0.35941423956503044,0.35941423956503044,"{'regressor__model__alpha': 0.0001, 'regressor__model__hidden_layer_sizes': (64, 32), 'regressor__model__learning_rate_init': 0.0001}"
2021-11-06 07:00:00,Naive,7,1.3418634547269275,2.5851749612143844,2019-11-06 07:00:00,2021-11-06 07:00:00,2021-11-06 07:00:00,731,1,,,not_applicable
2021-11-07 07:00:00,Decision Tree,7,-1.1108045473424277,-1.5798548376643848,2019-11-07 07:00:00,2021-11-07 07:00:00,2021-11-07 07:00:00,731,1,-0.42290985504429074,0.42290985504429074,"{'max_depth': None, 'min_samples_leaf': 1, 'min_samples_split': 20}"
2021-11-07 07:00:00,ARX,7,-1.1108045473424277,-0.2155375330284227,2019-11-07 07:00:00,2021-11-07 07:00:00,2021-11-07 07:00:00,731,1,-0.3032104293734177,0.3032104293734177,{'model__alpha': 0.01}
2021-11-07 07:00:00,Random Forest,7,-1.1108045473424277,-0.5285654247669608,2019-11-07 07:00:00,2021-11-07 07:00:00,2021-11-07 07:00:00,731,1,-0.28640559026943707,0.28640559026943707,"{'max_depth': 10, 'max_features': 0.5, 'min_samples_leaf': 2, 'n_estimators': 100}"
2021-11-07 07:00:00,Neural Network,7,-1.1108045473424277,-0.023140501515867773,2019-11-07 07:00:00,2021-11-07 07:00:00,2021-11-07 07:00:00,731,1,-0.35941423956503044,0.35941423956503044,"{'regressor__model__alpha': 0.0001, 'regressor__model__hidden_layer_sizes': (64, 32), 'regressor__model__learning_rate_init': 0.0001}"
2021-11-07 07:00:00,Naive,7,-1.1108045473424277,1.3418634547269275,2019-11-07 07:00:00,2021-11-07 07:00:00,2021-11-07 07:00:00,731,1,,,not_applicable
2021-11-08 07:00:00,Decision Tree,7,2.7015902233912685,1.1697982554668171,2019-11-08 07:00:00,2021-11-08 07:00:00,2021-11-08 07:00:00,731,1,-0.42290985504429074,0.42290985504429074,"{'max_depth': None, 'min_samples_leaf': 1, 'min_samples_split': 20}"
2021-11-08 07:00:00,ARX,7,2.7015902233912685,2.298597111591734,2019-11-08 07:00:00,2021-11-08 07:00:00,2021-11-08 07:00:00,731,1,-0.3032104293734177,0.3032104293734177,{'model__alpha': 0.01}
2021-11-08 07:00:00,Random Forest,7,2.7015902233912685,1.534494791531813,2019-11-08 07:00:00,2021-11-08 07:00:00,2021-11-08 07:00:00,731,1,-0.28640559026943707,0.28640559026943707,"{'max_depth': 10, 'max_features': 0.5, 'min_samples_leaf': 2, 'n_estimators': 100}"
2021-11-08 07:00:00,Neural Network,7,2.7015902233912685,2.421935539246718,2019-11-08 07:00:00,2021-11-08 07:00:00,2021-11-08 07:00:00,731,1,-0.35941423956503044,0.35941423956503044,"{'regressor__model__alpha': 0.0001, 'regressor__model__hidden_layer_sizes': (64, 32), 'regressor__model__learning_rate_init': 0.0001}"
2021-11-08 07:00:00,Naive,7,2.7015902233912685,-1.1108045473424277,2019-11-08 07:00:00,2021-11-08 07:00:00,2021-11-08 07:00:00,731,1,,,not_applicable
2021-11-09 07:00:00,Decision Tree,7,2.711801956948022,2.678708625811396,2019-11-09 07:00:00,2021-11-09 07:00:00,2021-11-09 07:00:00,731,1,-0.42290985504429074,0.42290985504429074,"{'max_depth': None, 'min_samples_leaf': 1, 'min_samples_split': 20}"
2021-11-09 07:00:00,ARX,7,2.711801956948022,3.0411676909016,2019-11-09 07:00:00,2021-11-09 07:00:00,2021-11-09 07:00:00,731,1,-0.3032104293734177,0.3032104293734177,{'model__alpha': 0.01}
2021-11-09 07:00:00,Random Forest,7,2.711801956948022,2.747131847873618,2019-11-09 07:00:00,2021-11-09 07:00:00,2021-11-09 07:00:00,731,1,-0.28640559026943707,0.28640559026943707,"{'max_depth': 10, 'max_features': 0.5, 'min_samples_leaf': 2, 'n_estimators': 100}"
2021-11-09 07:00:00,Neural Network,7,2.711801956948022,2.871336261900737,2019-11-09 07:00:00,2021-11-09 07:00:00,2021-11-09 07:00:00,731,1,-0.35941423956503044,0.35941423956503044,"{'regressor__model__alpha': 0.0001, 'regressor__model__hidden_layer_sizes': (64, 32), 'regressor__model__learning_rate_init': 0.0001}"
2021-11-09 07:00:00,Naive,7,2.711801956948022,2.7015902233912685,2019-11-09 07:00:00,2021-11-09 07:00:00,2021-11-09 07:00:00,731,1,,,not_applicable
2021-11-10 07:00:00,Decision Tree,7,2.5993182964040376,2.72290382956486,2019-11-10 07:00:00,2021-11-10 07:00:00,2021-11-10 07:00:00,731,1,-0.42290985504429074,0.42290985504429074,"{'max_depth': None, 'min_samples_leaf': 1, 'min_samples_split': 20}"
2021-11-10 07:00:00,ARX,7,2.5993182964040376,2.7866594212715876,2019-11-10 07:00:00,2021-11-10 07:00:00,2021-11-10 07:00:00,731,1,-0.3032104293734177,0.3032104293734177,{'model__alpha': 0.01}
2021-11-10 07:00:00,Random Forest,7,2.5993182964040376,2.4580716819341424,2019-11-10 07:00:00,2021-11-10 07:00:00,2021-11-10 07:00:00,731,1,-0.28640559026943707,0.28640559026943707,"{'max_depth': 10, 'max_features': 0.5, 'min_samples_leaf': 2, 'n_estimators': 100}"
2021-11-10 07:00:00,Neural Network,7,2.5993182964040376,2.580946640875379,2019-11-10 07:00:00,2021-11-10 07:00:00,2021-11-10 07:00:00,731,1,-0.35941423956503044,0.35941423956503044,"{'regressor__model__alpha': 0.0001, 'regressor__model__hidden_layer_sizes': (64, 32), 'regressor__model__learning_rate_init': 0.0001}"
2021-11-10 07:00:00,Naive,7,2.5993182964040376,2.711801956948022,2019-11-10 07:00:00,2021-11-10 07:00:00,2021-11-10 07:00:00,731,1,,,not_applicable
2021-11-11 07:00:00,Decision Tree,7,2.6491896536345516,3.125695212977819,2019-11-11 07:00:00,2021-11-11 07:00:00,2021-11-11 07:00:00,731,1,-0.42290985504429074,0.42290985504429074,"{'max_depth': None, 'min_samples_leaf': 1, 'min_samples_split': 20}"
2021-11-11 07:00:00,ARX,7,2.6491896536345516,3.1213661792650718,2019-11-11 07:00:00,2021-11-11 07:00:00,2021-11-11 07:00:00,731,1,-0.3032104293734177,0.3032104293734177,{'model__alpha': 0.01}
2021-11-11 07:00:00,Random Forest,7,2.6491896536345516,2.644083935890984,2019-11-11 07:00:00,2021-11-11 07:00:00,2021-11-11 07:00:00,731,1,-0.28640559026943707,0.28640559026943707,"{'max_depth': 10, 'max_features': 0.5, 'min_samples_leaf': 2, 'n_estimators': 100}"
2021-11-11 07:00:00,Neural Network,7,2.6491896536345516,3.192880041662824,2019-11-11 07:00:00,2021-11-11 07:00:00,2021-11-11 07:00:00,731,1,-0.35941423956503044,0.35941423956503044,"{'regressor__model__alpha': 0.0001, 'regressor__model__hidden_layer_sizes': (64, 32), 'regressor__model__learning_rate_init': 0.0001}"
2021-11-11 07:00:00,Naive,7,2.6491896536345516,2.5993182964040376,2019-11-11 07:00:00,2021-11-11 07:00:00,2021-11-11 07:00:00,731,1,,,not_applicable
2021-11-12 07:00:00,Decision Tree,7,2.638297867899736,2.678963937165666,2019-11-12 07:00:00,2021-11-12 07:00:00,2021-11-12 07:00:00,731,1,-0.42290985504429074,0.42290985504429074,"{'max_depth': None, 'min_samples_leaf': 1, 'min_samples_split': 20}"
2021-11-12 07:00:00,ARX,7,2.638297867899736,3.0442014324899667,2019-11-12 07:00:00,2021-11-12 07:00:00,2021-11-12 07:00:00,731,1,-0.3032104293734177,0.3032104293734177,{'model__alpha': 0.01}
2021-11-12 07:00:00,Random Forest,7,2.638297867899736,2.6574821024448934,2019-11-12 07:00:00,2021-11-12 07:00:00,2021-11-12 07:00:00,731,1,-0.28640559026943707,0.28640559026943707,"{'max_depth': 10, 'max_features': 0.5, 'min_samples_leaf': 2, 'n_estimators': 100}"
2021-11-12 07:00:00,Neural Network,7,2.638297867899736,3.1017041929404376,2019-11-12 07:00:00,2021-11-12 07:00:00,2021-11-12 07:00:00,731,1,-0.35941423956503044,0.35941423956503044,"{'regressor__model__alpha': 0.0001, 'regressor__model__hidden_layer_sizes': (64, 32), 'regressor__model__learning_rate_init': 0.0001}"
2021-11-12 07:00:00,Naive,7,2.638297867899736,2.6491896536345516,2019-11-12 07:00:00,2021-11-12 07:00:00,2021-11-12 07:00:00,731,1,,,not_applicable
2021-11-13 07:00:00,Decision Tree,7,2.230065521590367,2.3775494670911836,2019-11-13 07:00:00,2021-11-13 07:00:00,2021-11-13 07:00:00,731,1,-0.42290985504429074,0.42290985504429074,"{'max_depth': None, 'min_samples_leaf': 1, 'min_samples_split': 20}"
2021-11-13 07:00:00,ARX,7,2.230065521590367,1.6179914971147693,2019-11-13 07:00:00,2021-11-13 07:00:00,2021-11-13 07:00:00,731,1,-0.3032104293734177,0.3032104293734177,{'model__alpha': 0.01}
2021-11-13 07:00:00,Random Forest,7,2.230065521590367,1.7943400388232422,2019-11-13 07:00:00,2021-11-13 07:00:00,2021-11-13 07:00:00,731,1,-0.28640559026943707,0.28640559026943707,"{'max_depth': 10, 'max_features': 0.5, 'min_samples_leaf': 2, 'n_estimators': 100}"
2021-11-13 07:00:00,Neural Network,7,2.230065521590367,1.7263659480605344,2019-11-13 07:00:00,2021-11-13 07:00:00,2021-11-13 07:00:00,731,1,-0.35941423956503044,0.35941423956503044,"{'regressor__model__alpha': 0.0001, 'regressor__model__hidden_layer_sizes': (64, 32), 'regressor__model__learning_rate_init': 0.0001}"
2021-11-13 07:00:00,Naive,7,2.230065521590367,2.638297867899736,2019-11-13 07:00:00,2021-11-13 07:00:00,2021-11-13 07:00:00,731,1,,,not_applicable
2021-11-14 07:00:00,Decision Tree,7,2.264459315764198,1.3360598297712618,2019-11-14 07:00:00,2021-11-14 07:00:00,2021-11-14 07:00:00,731,1,-0.42290985504429074,0.42290985504429074,"{'max_depth': None, 'min_samples_leaf': 1, 'min_samples_split': 20}"
2021-11-14 07:00:00,ARX,7,2.264459315764198,1.754053572344391,2019-11-14 07:00:00,2021-11-14 07:00:00,2021-11-14 07:00:00,731,1,-0.3032104293734177,0.3032104293734177,{'model__alpha': 0.01}
2021-11-14 07:00:00,Random Forest,7,2.264459315764198,1.841429347894192,2019-11-14 07:00:00,2021-11-14 07:00:00,2021-11-14 07:00:00,731,1,-0.28640559026943707,0.28640559026943707,"{'max_depth': 10, 'max_features': 0.5, 'min_samples_leaf': 2, 'n_estimators': 100}"
2021-11-14 07:00:00,Neural Network,7,2.264459315764198,1.915113392390289,2019-11-14 07:00:00,2021-11-14 07:00:00,2021-11-14 07:00:00,731,1,-0.35941423956503044,0.35941423956503044,"{'regressor__model__alpha': 0.0001, 'regressor__model__hidden_layer_sizes': (64, 32), 'regressor__model__learning_rate_init': 0.0001}"
2021-11-14 07:00:00,Naive,7,2.264459315764198,2.230065521590367,2019-11-14 07:00:00,2021-11-14 07:00:00,2021-11-14 07:00:00,731,1,,,not_applicable
2021-11-15 07:00:00,Decision Tree,7,2.796781043907271,2.822310544062012,2019-11-15 07:00:00,2021-11-15 07:00:00,2021-11-15 07:00:00,731,1,-0.42290985504429074,0.42290985504429074,"{'max_depth': None, 'min_samples_leaf': 1, 'min_samples_split': 20}"
2021-11-15 07:00:00,ARX,7,2.796781043907271,3.1952950755612166,2019-11-15 07:00:00,2021-11-15 07:00:00,2021-11-15 07:00:00,731,1,-0.3032104293734177,0.3032104293734177,{'model__alpha': 0.01}
2021-11-15 07:00:00,Random Forest,7,2.796781043907271,2.696274459146514,2019-11-15 07:00:00,2021-11-15 07:00:00,2021-11-15 07:00:00,731,1,-0.28640559026943707,0.28640559026943707,"{'max_depth': 10, 'max_features': 0.5, 'min_samples_leaf': 2, 'n_estimators': 100}"
2021-11-15 07:00:00,Neural Network,7,2.796781043907271,3.2752905506526537,2019-11-15 07:00:00,2021-11-15 07:00:00,2021-11-15 07:00:00,731,1,-0.35941423956503044,0.35941423956503044,"{'regressor__model__alpha': 0.0001, 'regressor__model__hidden_layer_sizes': (64, 32), 'regressor__model__learning_rate_init': 0.0001}"
2021-11-15 07:00:00,Naive,7,2.796781043907271,2.264459315764198,2019-11-15 07:00:00,2021-11-15 07:00:00,2021-11-15 07:00:00,731,1,,,not_applicable
2021-11-16 07:00:00,Decision Tree,7,2.9428002860402946,2.819473932933708,2019-11-16 07:00:00,2021-11-16 07:00:00,2021-11-16 07:00:00,731,1,-0.42290985504429074,0.42290985504429074,"{'max_depth': None, 'min_samples_leaf': 1, 'min_samples_split': 20}"
2021-11-16 07:00:00,ARX,7,2.9428002860402946,3.365690359672312,2019-11-16 07:00:00,2021-11-16 07:00:00,2021-11-16 07:00:00,731,1,-0.3032104293734177,0.3032104293734177,{'model__alpha': 0.01}
2021-11-16 07:00:00,Random Forest,7,2.9428002860402946,2.728293637039715,2019-11-16 07:00:00,2021-11-16 07:00:00,2021-11-16 07:00:00,731,1,-0.28640559026943707,0.28640559026943707,"{'max_depth': 10, 'max_features': 0.5, 'min_samples_leaf': 2, 'n_estimators': 100}"
2021-11-16 07:00:00,Neural Network,7,2.9428002860402946,2.924241571203927,2019-11-16 07:00:00,2021-11-16 07:00:00,2021-11-16 07:00:00,731,1,-0.35941423956503044,0.35941423956503044,"{'regressor__model__alpha': 0.0001, 'regressor__model__hidden_layer_sizes': (64, 32), 'regressor__model__learning_rate_init': 0.0001}"
2021-11-16 07:00:00,Naive,7,2.9428002860402946,2.796781043907271,2019-11-16 07:00:00,2021-11-16 07:00:00,2021-11-16 07:00:00,731,1,,,not_applicable
2021-11-17 07:00:00,Decision Tree,7,2.691845134689152,2.8318065682443665,2019-11-17 07:00:00,2021-11-17 07:00:00,2021-11-17 07:00:00,731,1,-0.42290985504429074,0.42290985504429074,"{'max_depth': None, 'min_samples_leaf': 1, 'min_samples_split': 20}"
2021-11-17 07:00:00,ARX,7,2.691845134689152,3.0300333002853104,2019-11-17 07:00:00,2021-11-17 07:00:00,2021-11-17 07:00:00,731,1,-0.3032104293734177,0.3032104293734177,{'model__alpha': 0.01}
2021-11-17 07:00:00,Random Forest,7,2.691845134689152,2.765766800228204,2019-11-17 07:00:00,2021-11-17 07:00:00,2021-11-17 07:00:00,731,1,-0.28640559026943707,0.28640559026943707,"{'max_depth': 10, 'max_features': 0.5, 'min_samples_leaf': 2, 'n_estimators': 100}"
2021-11-17 07:00:00,Neural Network,7,2.691845134689152,3.0338884752098036,2019-11-17 07:00:00,2021-11-17 07:00:00,2021-11-17 07:00:00,731,1,-0.35941423956503044,0.35941423956503044,"{'regressor__model__alpha': 0.0001, 'regressor__model__hidden_layer_sizes': (64, 32), 'regressor__model__learning_rate_init': 0.0001}"
2021-11-17 07:00:00,Naive,7,2.691845134689152,2.9428002860402946,2019-11-17 07:00:00,2021-11-17 07:00:00,2021-11-17 07:00:00,731,1,,,not_applicable
2021-11-18 07:00:00,Decision Tree,7,2.634190190498884,1.3665777922308593,2019-11-18 07:00:00,2021-11-18 07:00:00,2021-11-18 07:00:00,731,1,-0.42290985504429074,0.42290985504429074,"{'max_depth': None, 'min_samples_leaf': 1, 'min_samples_split': 20}"
2021-11-18 07:00:00,ARX,7,2.634190190498884,2.3287562723172353,2019-11-18 07:00:00,2021-11-18 07:00:00,2021-11-18 07:00:00,731,1,-0.3032104293734177,0.3032104293734177,{'model__alpha': 0.01}
2021-11-18 07:00:00,Random Forest,7,2.634190190498884,2.5085158991292515,2019-11-18 07:00:00,2021-11-18 07:00:00,2021-11-18 07:00:00,731,1,-0.28640559026943707,0.28640559026943707,"{'max_depth': 10, 'max_features': 0.5, 'min_samples_leaf': 2, 'n_estimators': 100}"
2021-11-18 07:00:00,Neural Network,7,2.634190190498884,2.5849827431427372,2019-11-18 07:00:00,2021-11-18 07:00:00,2021-11-18 07:00:00,731,1,-0.35941423956503044,0.35941423956503044,"{'regressor__model__alpha': 0.0001, 'regressor__model__hidden_layer_sizes': (64, 32), 'regressor__model__learning_rate_init': 0.0001}"
2021-11-18 07:00:00,Naive,7,2.634190190498884,2.691845134689152,2019-11-18 07:00:00,2021-11-18 07:00:00,2021-11-18 07:00:00,731,1,,,not_applicable
2021-11-19 07:00:00,Decision Tree,7,2.0601871438108392,1.3665777922308593,2019-11-19 07:00:00,2021-11-19 07:00:00,2021-11-19 07:00:00,731,1,-0.42290985504429074,0.42290985504429074,"{'max_depth': None, 'min_samples_leaf': 1, 'min_samples_split': 20}"
2021-11-19 07:00:00,ARX,7,2.0601871438108392,2.0395765864641136,2019-11-19 07:00:00,2021-11-19 07:00:00,2021-11-19 07:00:00,731,1,-0.3032104293734177,0.3032104293734177,{'model__alpha': 0.01}
2021-11-19 07:00:00,Random Forest,7,2.0601871438108392,2.2438653549743113,2019-11-19 07:00:00,2021-11-19 07:00:00,2021-11-19 07:00:00,731,1,-0.28640559026943707,0.28640559026943707,"{'max_depth': 10, 'max_features': 0.5, 'min_samples_leaf': 2, 'n_estimators': 100}"
2021-11-19 07:00:00,Neural Network,7,2.0601871438108392,2.239755472788512,2019-11-19 07:00:00,2021-11-19 07:00:00,2021-11-19 07:00:00,731,1,-0.35941423956503044,0.35941423956503044,"{'regressor__model__alpha': 0.0001, 'regressor__model__hidden_layer_sizes': (64, 32), 'regressor__model__learning_rate_init': 0.0001}"
2021-11-19 07:00:00,Naive,7,2.0601871438108392,2.634190190498884,2019-11-19 07:00:00,2021-11-19 07:00:00,2021-11-19 07:00:00,731,1,,,not_applicable
2021-11-20 07:00:00,Decision Tree,7,1.6587083099046585,2.0359283997821525,2019-11-20 07:00:00,2021-11-20 07:00:00,2021-11-20 07:00:00,731,1,-0.42290985504429074,0.42290985504429074,"{'max_depth': None, 'min_samples_leaf': 1, 'min_samples_split': 20}"
2021-11-20 07:00:00,ARX,7,1.6587083099046585,1.5750242194305,2019-11-20 07:00:00,2021-11-20 07:00:00,2021-11-20 07:00:00,731,1,-0.3032104293734177,0.3032104293734177,{'model__alpha': 0.01}
2021-11-20 07:00:00,Random Forest,7,1.6587083099046585,2.0924144780235214,2019-11-20 07:00:00,2021-11-20 07:00:00,2021-11-20 07:00:00,731,1,-0.28640559026943707,0.28640559026943707,"{'max_depth': 10, 'max_features': 0.5, 'min_samples_leaf': 2, 'n_estimators': 100}"
2021-11-20 07:00:00,Neural Network,7,1.6587083099046585,1.9979379907425656,2019-11-20 07:00:00,2021-11-20 07:00:00,2021-11-20 07:00:00,731,1,-0.35941423956503044,0.35941423956503044,"{'regressor__model__alpha': 0.0001, 'regressor__model__hidden_layer_sizes': (64, 32), 'regressor__model__learning_rate_init': 0.0001}"
2021-11-20 07:00:00,Naive,7,1.6587083099046585,2.0601871438108392,2019-11-20 07:00:00,2021-11-20 07:00:00,2021-11-20 07:00:00,731,1,,,not_applicable
2021-11-21 07:00:00,Decision Tree,7,1.1915831486801003,1.134777309018842,2019-11-21 07:00:00,2021-11-21 07:00:00,2021-11-21 07:00:00,731,1,-0.42290985504429074,0.42290985504429074,"{'max_depth': None, 'min_samples_leaf': 1, 'min_samples_split': 20}"
2021-11-21 07:00:00,ARX,7,1.1915831486801003,1.200826483541556,2019-11-21 07:00:00,2021-11-21 07:00:00,2021-11-21 07:00:00,731,1,-0.3032104293734177,0.3032104293734177,{'model__alpha': 0.01}
2021-11-21 07:00:00,Random Forest,7,1.1915831486801003,1.5751025299288688,2019-11-21 07:00:00,2021-11-21 07:00:00,2021-11-21 07:00:00,731,1,-0.28640559026943707,0.28640559026943707,"{'max_depth': 10, 'max_features': 0.5, 'min_samples_leaf': 2, 'n_estimators': 100}"
2021-11-21 07:00:00,Neural Network,7,1.1915831486801003,1.1803328689031265,2019-11-21 07:00:00,2021-11-21 07:00:00,2021-11-21 07:00:00,731,1,-0.35941423956503044,0.35941423956503044,"{'regressor__model__alpha': 0.0001, 'regressor__model__hidden_layer_sizes': (64, 32), 'regressor__model__learning_rate_init': 0.0001}"
2021-11-21 07:00:00,Naive,7,1.1915831486801003,1.6587083099046585,2019-11-21 07:00:00,2021-11-21 07:00:00,2021-11-21 07:00:00,731,1,,,not_applicable
2021-11-22 07:00:00,Decision Tree,7,2.966199623803425,2.8190828015575287,2019-11-22 07:00:00,2021-11-22 07:00:00,2021-11-22 07:00:00,731,1,-0.42290985504429074,0.42290985504429074,"{'max_depth': None, 'min_samples_leaf': 1, 'min_samples_split': 20}"
2021-11-22 07:00:00,ARX,7,2.966199623803425,2.8719075213136485,2019-11-22 07:00:00,2021-11-22 07:00:00,2021-11-22 07:00:00,731,1,-0.3032104293734177,0.3032104293734177,{'model__alpha': 0.01}
2021-11-22 07:00:00,Random Forest,7,2.966199623803425,2.6788716875158634,2019-11-22 07:00:00,2021-11-22 07:00:00,2021-11-22 07:00:00,731,1,-0.28640559026943707,0.28640559026943707,"{'max_depth': 10, 'max_features': 0.5, 'min_samples_leaf': 2, 'n_estimators': 100}"
2021-11-22 07:00:00,Neural Network,7,2.966199623803425,2.8194417439538904,2019-11-22 07:00:00,2021-11-22 07:00:00,2021-11-22 07:00:00,731,1,-0.35941423956503044,0.35941423956503044,"{'regressor__model__alpha': 0.0001, 'regressor__model__hidden_layer_sizes': (64, 32), 'regressor__model__learning_rate_init': 0.0001}"
2021-11-22 07:00:00,Naive,7,2.966199623803425,1.1915831486801003,2019-11-22 07:00:00,2021-11-22 07:00:00,2021-11-22 07:00:00,731,1,,,not_applicable
2021-11-23 07:00:00,Decision Tree,7,2.8066551192120466,2.8313425367446867,2019-11-23 07:00:00,2021-11-23 07:00:00,2021-11-23 07:00:00,731,1,-0.42290985504429074,0.42290985504429074,"{'max_depth': None, 'min_samples_leaf': 1, 'min_samples_split': 20}"
2021-11-23 07:00:00,ARX,7,2.8066551192120466,2.902713986468035,2019-11-23 07:00:00,2021-11-23 07:00:00,2021-11-23 07:00:00,731,1,-0.3032104293734177,0.3032104293734177,{'model__alpha': 0.01}
2021-11-23 07:00:00,Random Forest,7,2.8066551192120466,2.7922467796510655,2019-11-23 07:00:00,2021-11-23 07:00:00,2021-11-23 07:00:00,731,1,-0.28640559026943707,0.28640559026943707,"{'max_depth': 10, 'max_features': 0.5, 'min_samples_leaf': 2, 'n_estimators': 100}"
2021-11-23 07:00:00,Neural Network,7,2.8066551192120466,2.9227777542097386,2019-11-23 07:00:00,2021-11-23 07:00:00,2021-11-23 07:00:00,731,1,-0.35941423956503044,0.35941423956503044,"{'regressor__model__alpha': 0.0001, 'regressor__model__hidden_layer_sizes': (64, 32), 'regressor__model__learning_rate_init': 0.0001}"
2021-11-23 07:00:00,Naive,7,2.8066551192120466,2.966199623803425,2019-11-23 07:00:00,2021-11-23 07:00:00,2021-11-23 07:00:00,731,1,,,not_applicable
2021-11-24 07:00:00,Decision Tree,7,3.02097213460186,2.829443504626792,2019-11-24 07:00:00,2021-11-24 07:00:00,2021-11-24 07:00:00,731,1,-0.42290985504429074,0.42290985504429074,"{'max_depth': None, 'min_samples_leaf': 1, 'min_samples_split': 20}"
2021-11-24 07:00:00,ARX,7,3.02097213460186,3.26152567537736,2019-11-24 07:00:00,2021-11-24 07:00:00,2021-11-24 07:00:00,731,1,-0.3032104293734177,0.3032104293734177,{'model__alpha': 0.01}
2021-11-24 07:00:00,Random Forest,7,3.02097213460186,2.8037641711310526,2019-11-24 07:00:00,2021-11-24 07:00:00,2021-11-24 07:00:00,731,1,-0.28640559026943707,0.28640559026943707,"{'max_depth': 10, 'max_features': 0.5, 'min_samples_leaf': 2, 'n_estimators': 100}"
2021-11-24 07:00:00,Neural Network,7,3.02097213460186,3.0470388441075364,2019-11-24 07:00:00,2021-11-24 07:00:00,2021-11-24 07:00:00,731,1,-0.35941423956503044,0.35941423956503044,"{'regressor__model__alpha': 0.0001, 'regressor__model__hidden_layer_sizes': (64, 32), 'regressor__model__learning_rate_init': 0.0001}"
2021-11-24 07:00:00,Naive,7,3.02097213460186,2.8066551192120466,2019-11-24 07:00:00,2021-11-24 07:00:00,2021-11-24 07:00:00,731,1,,,not_applicable
2021-11-25 07:00:00,Decision Tree,7,3.1073082677828414,2.7928126637167368,2019-11-25 07:00:00,2021-11-25 07:00:00,2021-11-25 07:00:00,731,1,-0.42290985504429074,0.42290985504429074,"{'max_depth': None, 'min_samples_leaf': 1, 'min_samples_split': 20}"
2021-11-25 07:00:00,ARX,7,3.1073082677828414,3.2208751899787216,2019-11-25 07:00:00,2021-11-25 07:00:00,2021-11-25 07:00:00,731,1,-0.3032104293734177,0.3032104293734177,{'model__alpha': 0.01}
2021-11-25 07:00:00,Random Forest,7,3.1073082677828414,2.8696227606120077,2019-11-25 07:00:00,2021-11-25 07:00:00,2021-11-25 07:00:00,731,1,-0.28640559026943707,0.28640559026943707,"{'max_depth': 10, 'max_features': 0.5, 'min_samples_leaf': 2, 'n_estimators': 100}"
2021-11-25 07:00:00,Neural Network,7,3.1073082677828414,3.1880289264559463,2019-11-25 07:00:00,2021-11-25 07:00:00,2021-11-25 07:00:00,731,1,-0.35941423956503044,0.35941423956503044,"{'regressor__model__alpha': 0.0001, 'regressor__model__hidden_layer_sizes': (64, 32), 'regressor__model__learning_rate_init': 0.0001}"
2021-11-25 07:00:00,Naive,7,3.1073082677828414,3.02097213460186,2019-11-25 07:00:00,2021-11-25 07:00:00,2021-11-25 07:00:00,731,1,,,not_applicable
2021-11-26 07:00:00,Decision Tree,7,2.868105805399037,2.227193075135281,2019-11-26 07:00:00,2021-11-26 07:00:00,2021-11-26 07:00:00,731,1,-0.42290985504429074,0.42290985504429074,"{'max_depth': None, 'min_samples_leaf': 1, 'min_samples_split': 20}"
2021-11-26 07:00:00,ARX,7,2.868105805399037,2.7537511981868006,2019-11-26 07:00:00,2021-11-26 07:00:00,2021-11-26 07:00:00,731,1,-0.3032104293734177,0.3032104293734177,{'model__alpha': 0.01}
2021-11-26 07:00:00,Random Forest,7,2.868105805399037,2.4859615553916528,2019-11-26 07:00:00,2021-11-26 07:00:00,2021-11-26 07:00:00,731,1,-0.28640559026943707,0.28640559026943707,"{'max_depth': 10, 'max_features': 0.5, 'min_samples_leaf': 2, 'n_estimators': 100}"
2021-11-26 07:00:00,Neural Network,7,2.868105805399037,2.797158508291175,2019-11-26 07:00:00,2021-11-26 07:00:00,2021-11-26 07:00:00,731,1,-0.35941423956503044,0.35941423956503044,"{'regressor__model__alpha': 0.0001, 'regressor__model__hidden_layer_sizes': (64, 32), 'regressor__model__learning_rate_init': 0.0001}"
2021-11-26 07:00:00,Naive,7,2.868105805399037,3.1073082677828414,2019-11-26 07:00:00,2021-11-26 07:00:00,2021-11-26 07:00:00,731,1,,,not_applicable
2021-11-27 07:00:00,Decision Tree,7,2.432492249693751,2.2039322590441595,2019-11-27 07:00:00,2021-11-27 07:00:00,2021-11-27 07:00:00,731,1,-0.42290985504429074,0.42290985504429074,"{'max_depth': None, 'min_samples_leaf': 1, 'min_samples_split': 20}"
2021-11-27 07:00:00,ARX,7,2.432492249693751,1.9865049507143766,2019-11-27 07:00:00,2021-11-27 07:00:00,2021-11-27 07:00:00,731,1,-0.3032104293734177,0.3032104293734177,{'model__alpha': 0.01}
2021-11-27 07:00:00,Random Forest,7,2.432492249693751,2.17435800936611,2019-11-27 07:00:00,2021-11-27 07:00:00,2021-11-27 07:00:00,731,1,-0.28640559026943707,0.28640559026943707,"{'max_depth': 10, 'max_features': 0.5, 'min_samples_leaf': 2, 'n_estimators': 100}"
2021-11-27 07:00:00,Neural Network,7,2.432492249693751,2.298721015093388,2019-11-27 07:00:00,2021-11-27 07:00:00,2021-11-27 07:00:00,731,1,-0.35941423956503044,0.35941423956503044,"{'regressor__model__alpha': 0.0001, 'regressor__model__hidden_layer_sizes': (64, 32), 'regressor__model__learning_rate_init': 0.0001}"
2021-11-27 07:00:00,Naive,7,2.432492249693751,2.868105805399037,2019-11-27 07:00:00,2021-11-27 07:00:00,2021-11-27 07:00:00,731,1,,,not_applicable
2021-11-28 07:00:00,Decision Tree,7,2.397578667514692,2.1227486502071145,2019-11-28 07:00:00,2021-11-28 07:00:00,2021-11-28 07:00:00,731,1,-0.42290985504429074,0.42290985504429074,"{'max_depth': None, 'min_samples_leaf': 1, 'min_samples_split': 20}"
2021-11-28 07:00:00,ARX,7,2.397578667514692,2.1920769293496534,2019-11-28 07:00:00,2021-11-28 07:00:00,2021-11-28 07:00:00,731,1,-0.3032104293734177,0.3032104293734177,{'model__alpha': 0.01}
2021-11-28 07:00:00,Random Forest,7,2.397578667514692,2.2662152849671475,2019-11-28 07:00:00,2021-11-28 07:00:00,2021-11-28 07:00:00,731,1,-0.28640559026943707,0.28640559026943707,"{'max_depth': 10, 'max_features': 0.5, 'min_samples_leaf': 2, 'n_estimators': 100}"
2021-11-28 07:00:00,Neural Network,7,2.397578667514692,2.2724200280550884,2019-11-28 07:00:00,2021-11-28 07:00:00,2021-11-28 07:00:00,731,1,-0.35941423956503044,0.35941423956503044,"{'regressor__model__alpha': 0.0001, 'regressor__model__hidden_layer_sizes': (64, 32), 'regressor__model__learning_rate_init': 0.0001}"
2021-11-28 07:00:00,Naive,7,2.397578667514692,2.432492249693751,2019-11-28 07:00:00,2021-11-28 07:00:00,2021-11-28 07:00:00,731,1,,,not_applicable
2021-11-29 07:00:00,Decision Tree,7,2.939788449774565,2.891405919942201,2019-11-29 07:00:00,2021-11-29 07:00:00,2021-11-29 07:00:00,731,1,-0.42290985504429074,0.42290985504429074,"{'max_depth': None, 'min_samples_leaf': 1, 'min_samples_split': 20}"
2021-11-29 07:00:00,ARX,7,2.939788449774565,3.2954460884178634,2019-11-29 07:00:00,2021-11-29 07:00:00,2021-11-29 07:00:00,731,1,-0.3032104293734177,0.3032104293734177,{'model__alpha': 0.01}
2021-11-29 07:00:00,Random Forest,7,2.939788449774565,2.821807622395596,2019-11-29 07:00:00,2021-11-29 07:00:00,2021-11-29 07:00:00,731,1,-0.28640559026943707,0.28640559026943707,"{'max_depth': 10, 'max_features': 0.5, 'min_samples_leaf': 2, 'n_estimators': 100}"
2021-11-29 07:00:00,Neural Network,7,2.939788449774565,3.013094686932134,2019-11-29 07:00:00,2021-11-29 07:00:00,2021-11-29 07:00:00,731,1,-0.35941423956503044,0.35941423956503044,"{'regressor__model__alpha': 0.0001, 'regressor__model__hidden_layer_sizes': (64, 32), 'regressor__model__learning_rate_init': 0.0001}"
2021-11-29 07:00:00,Naive,7,2.939788449774565,2.397578667514692,2019-11-29 07:00:00,2021-11-29 07:00:00,2021-11-29 07:00:00,731,1,,,not_applicable
2021-11-30 07:00:00,Decision Tree,7,1.4180754334367365,3.0225866415986444,2019-11-30 07:00:00,2021-11-30 07:00:00,2021-11-30 07:00:00,731,1,-0.42290985504429074,0.42290985504429074,"{'max_depth': None, 'min_samples_leaf': 1, 'min_samples_split': 20}"
2021-11-30 07:00:00,ARX,7,1.4180754334367365,2.293582796209064,2019-11-30 07:00:00,2021-11-30 07:00:00,2021-11-30 07:00:00,731,1,-0.3032104293734177,0.3032104293734177,{'model__alpha': 0.01}
2021-11-30 07:00:00,Random Forest,7,1.4180754334367365,2.8841183356251037,2019-11-30 07:00:00,2021-11-30 07:00:00,2021-11-30 07:00:00,731,1,-0.28640559026943707,0.28640559026943707,"{'max_depth': 10, 'max_features': 0.5, 'min_samples_leaf': 2, 'n_estimators': 100}"
2021-11-30 07:00:00,Neural Network,7,1.4180754334367365,2.534103422111357,2019-11-30 07:00:00,2021-11-30 07:00:00,2021-11-30 07:00:00,731,1,-0.35941423956503044,0.35941423956503044,"{'regressor__model__alpha': 0.0001, 'regressor__model__hidden_layer_sizes': (64, 32), 'regressor__model__learning_rate_init': 0.0001}"
2021-11-30 07:00:00,Naive,7,1.4180754334367365,2.939788449774565,2019-11-30 07:00:00,2021-11-30 07:00:00,2021-11-30 07:00:00,731,1,,,not_applicable
2021-12-01 07:00:00,Decision Tree,7,1.6637291919245742,2.2710942818145843,2019-12-01 07:00:00,2021-12-01 07:00:00,2021-12-01 07:00:00,731,1,-0.42290985504429074,0.42290985504429074,"{'max_depth': None, 'min_samples_leaf': 1, 'min_samples_split': 20}"
2021-12-01 07:00:00,ARX,7,1.6637291919245742,2.280749561302987,2019-12-01 07:00:00,2021-12-01 07:00:00,2021-12-01 07:00:00,731,1,-0.3032104293734177,0.3032104293734177,{'model__alpha': 0.01}
2021-12-01 07:00:00,Random Forest,7,1.6637291919245742,2.3064897683544516,2019-12-01 07:00:00,2021-12-01 07:00:00,2021-12-01 07:00:00,731,1,-0.28640559026943707,0.28640559026943707,"{'max_depth': 10, 'max_features': 0.5, 'min_samples_leaf': 2, 'n_estimators': 100}"
2021-12-01 07:00:00,Neural Network,7,1.6637291919245742,2.098370282845064,2019-12-01 07:00:00,2021-12-01 07:00:00,2021-12-01 07:00:00,731,1,-0.35941423956503044,0.35941423956503044,"{'regressor__model__alpha': 0.0001, 'regressor__model__hidden_layer_sizes': (64, 32), 'regressor__model__learning_rate_init': 0.0001}"
2021-12-01 07:00:00,Naive,7,1.6637291919245742,1.4180754334367365,2019-12-01 07:00:00,2021-12-01 07:00:00,2021-12-01 07:00:00,731,1,,,not_applicable
2021-12-02 07:00:00,Decision Tree,7,2.5268245777007365,1.7961353417208332,2019-12-02 07:00:00,2021-12-02 07:00:00,2021-12-02 07:00:00,731,1,-0.42290985504429074,0.42290985504429074,"{'max_depth': None, 'min_samples_leaf': 1, 'min_samples_split': 20}"
2021-12-02 07:00:00,ARX,7,2.5268245777007365,2.396616910687089,2019-12-02 07:00:00,2021-12-02 07:00:00,2021-12-02 07:00:00,731,1,-0.3032104293734177,0.3032104293734177,{'model__alpha': 0.01}
2021-12-02 07:00:00,Random Forest,7,2.5268245777007365,1.8590018820562073,2019-12-02 07:00:00,2021-12-02 07:00:00,2021-12-02 07:00:00,731,1,-0.28640559026943707,0.28640559026943707,"{'max_depth': 10, 'max_features': 0.5, 'min_samples_leaf': 2, 'n_estimators': 100}"
2021-12-02 07:00:00,Neural Network,7,2.5268245777007365,1.805542193246625,2019-12-02 07:00:00,2021-12-02 07:00:00,2021-12-02 07:00:00,731,1,-0.35941423956503044,0.35941423956503044,"{'regressor__model__alpha': 0.0001, 'regressor__model__hidden_layer_sizes': (64, 32), 'regressor__model__learning_rate_init': 0.0001}"
2021-12-02 07:00:00,Naive,7,2.5268245777007365,1.6637291919245742,2019-12-02 07:00:00,2021-12-02 07:00:00,2021-12-02 07:00:00,731,1,,,not_applicable
2021-12-03 07:00:00,Decision Tree,7,2.7148369887788655,2.7810292636839544,2019-12-03 07:00:00,2021-12-03 07:00:00,2021-12-03 07:00:00,731,1,-0.42290985504429074,0.42290985504429074,"{'max_depth': None, 'min_samples_leaf': 1, 'min_samples_split': 20}"
2021-12-03 07:00:00,ARX,7,2.7148369887788655,2.6948236812379665,2019-12-03 07:00:00,2021-12-03 07:00:00,2021-12-03 07:00:00,731,1,-0.3032104293734177,0.3032104293734177,{'model__alpha': 0.01}
2021-12-03 07:00:00,Random Forest,7,2.7148369887788655,2.626528261585251,2019-12-03 07:00:00,2021-12-03 07:00:00,2021-12-03 07:00:00,731,1,-0.28640559026943707,0.28640559026943707,"{'max_depth': 10, 'max_features': 0.5, 'min_samples_leaf': 2, 'n_estimators': 100}"
2021-12-03 07:00:00,Neural Network,7,2.7148369887788655,2.5293981806934154,2019-12-03 07:00:00,2021-12-03 07:00:00,2021-12-03 07:00:00,731,1,-0.35941423956503044,0.35941423956503044,"{'regressor__model__alpha': 0.0001, 'regressor__model__hidden_layer_sizes': (64, 32), 'regressor__model__learning_rate_init': 0.0001}"
2021-12-03 07:00:00,Naive,7,2.7148369887788655,2.5268245777007365,2019-12-03 07:00:00,2021-12-03 07:00:00,2021-12-03 07:00:00,731,1,,,not_applicable
2021-12-04 07:00:00,Decision Tree,7,2.5063416689038758,2.72290382956486,2019-12-04 07:00:00,2021-12-04 07:00:00,2021-12-04 07:00:00,731,1,-0.42290985504429074,0.42290985504429074,"{'max_depth': None, 'min_samples_leaf': 1, 'min_samples_split': 20}"
2021-12-04 07:00:00,ARX,7,2.5063416689038758,1.9804007347736463,2019-12-04 07:00:00,2021-12-04 07:00:00,2021-12-04 07:00:00,731,1,-0.3032104293734177,0.3032104293734177,{'model__alpha': 0.01}
2021-12-04 07:00:00,Random Forest,7,2.5063416689038758,2.223243571449058,2019-12-04 07:00:00,2021-12-04 07:00:00,2021-12-04 07:00:00,731,1,-0.28640559026943707,0.28640559026943707,"{'max_depth': 10, 'max_features': 0.5, 'min_samples_leaf': 2, 'n_estimators': 100}"
2021-12-04 07:00:00,Neural Network,7,2.5063416689038758,2.3677980625793955,2019-12-04 07:00:00,2021-12-04 07:00:00,2021-12-04 07:00:00,731,1,-0.35941423956503044,0.35941423956503044,"{'regressor__model__alpha': 0.0001, 'regressor__model__hidden_layer_sizes': (64, 32), 'regressor__model__learning_rate_init': 0.0001}"
2021-12-04 07:00:00,Naive,7,2.5063416689038758,2.7148369887788655,2019-12-04 07:00:00,2021-12-04 07:00:00,2021-12-04 07:00:00,731,1,,,not_applicable
2021-12-05 07:00:00,Decision Tree,7,1.3644354635087916,2.2277110611081548,2019-12-05 07:00:00,2021-12-05 07:00:00,2021-12-05 07:00:00,731,1,-0.42290985504429074,0.42290985504429074,"{'max_depth': None, 'min_samples_leaf': 1, 'min_samples_split': 20}"
2021-12-05 07:00:00,ARX,7,1.3644354635087916,1.7017930590081205,2019-12-05 07:00:00,2021-12-05 07:00:00,2021-12-05 07:00:00,731,1,-0.3032104293734177,0.3032104293734177,{'model__alpha': 0.01}
2021-12-05 07:00:00,Random Forest,7,1.3644354635087916,2.3651559730498137,2019-12-05 07:00:00,2021-12-05 07:00:00,2021-12-05 07:00:00,731,1,-0.28640559026943707,0.28640559026943707,"{'max_depth': 10, 'max_features': 0.5, 'min_samples_leaf': 2, 'n_estimators': 100}"
2021-12-05 07:00:00,Neural Network,7,1.3644354635087916,2.176146011913616,2019-12-05 07:00:00,2021-12-05 07:00:00,2021-12-05 07:00:00,731,1,-0.35941423956503044,0.35941423956503044,"{'regressor__model__alpha': 0.0001, 'regressor__model__hidden_layer_sizes': (64, 32), 'regressor__model__learning_rate_init': 0.0001}"
2021-12-05 07:00:00,Naive,7,1.3644354635087916,2.5063416689038758,2019-12-05 07:00:00,2021-12-05 07:00:00,2021-12-05 07:00:00,731,1,,,not_applicable
2021-12-06 07:00:00,Decision Tree,7,3.1265520895506436,2.6370371231047254,2019-12-06 07:00:00,2021-12-06 07:00:00,2021-12-06 07:00:00,731,1,-0.42290985504429074,0.42290985504429074,"{'max_depth': None, 'min_samples_leaf': 1, 'min_samples_split': 20}"
2021-12-06 07:00:00,ARX,7,3.1265520895506436,3.3321885960512923,2019-12-06 07:00:00,2021-12-06 07:00:00,2021-12-06 07:00:00,731,1,-0.3032104293734177,0.3032104293734177,{'model__alpha': 0.01}
2021-12-06 07:00:00,Random Forest,7,3.1265520895506436,2.6523005488844875,2019-12-06 07:00:00,2021-12-06 07:00:00,2021-12-06 07:00:00,731,1,-0.28640559026943707,0.28640559026943707,"{'max_depth': 10, 'max_features': 0.5, 'min_samples_leaf': 2, 'n_estimators': 100}"
2021-12-06 07:00:00,Neural Network,7,3.1265520895506436,3.140221086680762,2019-12-06 07:00:00,2021-12-06 07:00:00,2021-12-06 07:00:00,731,1,-0.35941423956503044,0.35941423956503044,"{'regressor__model__alpha': 0.0001, 'regressor__model__hidden_layer_sizes': (64, 32), 'regressor__model__learning_rate_init': 0.0001}"
2021-12-06 07:00:00,Naive,7,3.1265520895506436,1.3644354635087916,2019-12-06 07:00:00,2021-12-06 07:00:00,2021-12-06 07:00:00,731,1,,,not_applicable
2021-12-07 07:00:00,Decision Tree,7,2.867996939464383,2.8359076912628636,2019-12-07 07:00:00,2021-12-07 07:00:00,2021-12-07 07:00:00,731,1,-0.42290985504429074,0.42290985504429074,"{'max_depth': None, 'min_samples_leaf': 1, 'min_samples_split': 20}"
2021-12-07 07:00:00,ARX,7,2.867996939464383,2.8472326569478126,2019-12-07 07:00:00,2021-12-07 07:00:00,2021-12-07 07:00:00,731,1,-0.3032104293734177,0.3032104293734177,{'model__alpha': 0.01}
2021-12-07 07:00:00,Random Forest,7,2.867996939464383,2.471412447701796,2019-12-07 07:00:00,2021-12-07 07:00:00,2021-12-07 07:00:00,731,1,-0.28640559026943707,0.28640559026943707,"{'max_depth': 10, 'max_features': 0.5, 'min_samples_leaf': 2, 'n_estimators': 100}"
2021-12-07 07:00:00,Neural Network,7,2.867996939464383,2.3026729861813453,2019-12-07 07:00:00,2021-12-07 07:00:00,2021-12-07 07:00:00,731,1,-0.35941423956503044,0.35941423956503044,"{'regressor__model__alpha': 0.0001, 'regressor__model__hidden_layer_sizes': (64, 32), 'regressor__model__learning_rate_init': 0.0001}"
2021-12-07 07:00:00,Naive,7,2.867996939464383,3.1265520895506436,2019-12-07 07:00:00,2021-12-07 07:00:00,2021-12-07 07:00:00,731,1,,,not_applicable
2021-12-08 07:00:00,Decision Tree,7,2.279983196477224,2.636248532922014,2019-12-08 07:00:00,2021-12-08 07:00:00,2021-12-08 07:00:00,731,1,-0.42290985504429074,0.42290985504429074,"{'max_depth': None, 'min_samples_leaf': 1, 'min_samples_split': 20}"
2021-12-08 07:00:00,ARX,7,2.279983196477224,2.229253605175676,2019-12-08 07:00:00,2021-12-08 07:00:00,2021-12-08 07:00:00,731,1,-0.3032104293734177,0.3032104293734177,{'model__alpha': 0.01}
2021-12-08 07:00:00,Random Forest,7,2.279983196477224,2.385887420523416,2019-12-08 07:00:00,2021-12-08 07:00:00,2021-12-08 07:00:00,731,1,-0.28640559026943707,0.28640559026943707,"{'max_depth': 10, 'max_features': 0.5, 'min_samples_leaf': 2, 'n_estimators': 100}"
2021-12-08 07:00:00,Neural Network,7,2.279983196477224,2.1266260835524577,2019-12-08 07:00:00,2021-12-08 07:00:00,2021-12-08 07:00:00,731,1,-0.35941423956503044,0.35941423956503044,"{'regressor__model__alpha': 0.0001, 'regressor__model__hidden_layer_sizes': (64, 32), 'regressor__model__learning_rate_init': 0.0001}"
2021-12-08 07:00:00,Naive,7,2.279983196477224,2.867996939464383,2019-12-08 07:00:00,2021-12-08 07:00:00,2021-12-08 07:00:00,731,1,,,not_applicable
2021-12-09 07:00:00,Decision Tree,7,2.97094791329488,2.8772429935525765,2019-12-09 07:00:00,2021-12-09 07:00:00,2021-12-09 07:00:00,731,1,-0.42290985504429074,0.42290985504429074,"{'max_depth': None, 'min_samples_leaf': 1, 'min_samples_split': 20}"
2021-12-09 07:00:00,ARX,7,2.97094791329488,3.2794112314207355,2019-12-09 07:00:00,2021-12-09 07:00:00,2021-12-09 07:00:00,731,1,-0.3032104293734177,0.3032104293734177,{'model__alpha': 0.01}
2021-12-09 07:00:00,Random Forest,7,2.97094791329488,2.7241904824292265,2019-12-09 07:00:00,2021-12-09 07:00:00,2021-12-09 07:00:00,731,1,-0.28640559026943707,0.28640559026943707,"{'max_depth': 10, 'max_features': 0.5, 'min_samples_leaf': 2, 'n_estimators': 100}"
2021-12-09 07:00:00,Neural Network,7,2.97094791329488,3.237798957269573,2019-12-09 07:00:00,2021-12-09 07:00:00,2021-12-09 07:00:00,731,1,-0.35941423956503044,0.35941423956503044,"{'regressor__model__alpha': 0.0001, 'regressor__model__hidden_layer_sizes': (64, 32), 'regressor__model__learning_rate_init': 0.0001}"
2021-12-09 07:00:00,Naive,7,2.97094791329488,2.279983196477224,2019-12-09 07:00:00,2021-12-09 07:00:00,2021-12-09 07:00:00,731,1,,,not_applicable
2021-12-10 07:00:00,Decision Tree,7,2.8663317955032372,3.103241685370349,2019-12-10 07:00:00,2021-12-10 07:00:00,2021-12-10 07:00:00,731,1,-0.42290985504429074,0.42290985504429074,"{'max_depth': None, 'min_samples_leaf': 1, 'min_samples_split': 20}"
2021-12-10 07:00:00,ARX,7,2.8663317955032372,3.1913594440456348,2019-12-10 07:00:00,2021-12-10 07:00:00,2021-12-10 07:00:00,731,1,-0.3032104293734177,0.3032104293734177,{'model__alpha': 0.01}
2021-12-10 07:00:00,Random Forest,7,2.8663317955032372,2.84732296317372,2019-12-10 07:00:00,2021-12-10 07:00:00,2021-12-10 07:00:00,731,1,-0.28640559026943707,0.28640559026943707,"{'max_depth': 10, 'max_features': 0.5, 'min_samples_leaf': 2, 'n_estimators': 100}"
2021-12-10 07:00:00,Neural Network,7,2.8663317955032372,2.974414553742164,2019-12-10 07:00:00,2021-12-10 07:00:00,2021-12-10 07:00:00,731,1,-0.35941423956503044,0.35941423956503044,"{'regressor__model__alpha': 0.0001, 'regressor__model__hidden_layer_sizes': (64, 32), 'regressor__model__learning_rate_init': 0.0001}"
2021-12-10 07:00:00,Naive,7,2.8663317955032372,2.97094791329488,2019-12-10 07:00:00,2021-12-10 07:00:00,2021-12-10 07:00:00,731,1,,,not_applicable
2021-12-11 07:00:00,Decision Tree,7,2.6882445664822012,3.0637567037258298,2019-12-11 07:00:00,2021-12-11 07:00:00,2021-12-11 07:00:00,731,1,-0.42290985504429074,0.42290985504429074,"{'max_depth': None, 'min_samples_leaf': 1, 'min_samples_split': 20}"
2021-12-11 07:00:00,ARX,7,2.6882445664822012,2.648861967860824,2019-12-11 07:00:00,2021-12-11 07:00:00,2021-12-11 07:00:00,731,1,-0.3032104293734177,0.3032104293734177,{'model__alpha': 0.01}
2021-12-11 07:00:00,Random Forest,7,2.6882445664822012,2.711735013315498,2019-12-11 07:00:00,2021-12-11 07:00:00,2021-12-11 07:00:00,731,1,-0.28640559026943707,0.28640559026943707,"{'max_depth': 10, 'max_features': 0.5, 'min_samples_leaf': 2, 'n_estimators': 100}"
2021-12-11 07:00:00,Neural Network,7,2.6882445664822012,2.797222134670369,2019-12-11 07:00:00,2021-12-11 07:00:00,2021-12-11 07:00:00,731,1,-0.35941423956503044,0.35941423956503044,"{'regressor__model__alpha': 0.0001, 'regressor__model__hidden_layer_sizes': (64, 32), 'regressor__model__learning_rate_init': 0.0001}"
2021-12-11 07:00:00,Naive,7,2.6882445664822012,2.8663317955032372,2019-12-11 07:00:00,2021-12-11 07:00:00,2021-12-11 07:00:00,731,1,,,not_applicable
2021-12-12 07:00:00,Decision Tree,7,1.5924449725434493,1.555561860533648,2019-12-12 07:00:00,2021-12-12 07:00:00,2021-12-12 07:00:00,731,1,-0.42290985504429074,0.42290985504429074,"{'max_depth': None, 'min_samples_leaf': 1, 'min_samples_split': 20}"
2021-12-12 07:00:00,ARX,7,1.5924449725434493,1.6059769661963297,2019-12-12 07:00:00,2021-12-12 07:00:00,2021-12-12 07:00:00,731,1,-0.3032104293734177,0.3032104293734177,{'model__alpha': 0.01}
2021-12-12 07:00:00,Random Forest,7,1.5924449725434493,2.280630948333945,2019-12-12 07:00:00,2021-12-12 07:00:00,2021-12-12 07:00:00,731,1,-0.28640559026943707,0.28640559026943707,"{'max_depth': 10, 'max_features': 0.5, 'min_samples_leaf': 2, 'n_estimators': 100}"
2021-12-12 07:00:00,Neural Network,7,1.5924449725434493,1.5077088690587468,2019-12-12 07:00:00,2021-12-12 07:00:00,2021-12-12 07:00:00,731,1,-0.35941423956503044,0.35941423956503044,"{'regressor__model__alpha': 0.0001, 'regressor__model__hidden_layer_sizes': (64, 32), 'regressor__model__learning_rate_init': 0.0001}"
2021-12-12 07:00:00,Naive,7,1.5924449725434493,2.6882445664822012,2019-12-12 07:00:00,2021-12-12 07:00:00,2021-12-12 07:00:00,731,1,,,not_applicable
2021-12-13 07:00:00,Decision Tree,7,2.977180640750257,2.6469483122138033,2019-12-13 07:00:00,2021-12-13 07:00:00,2021-12-13 07:00:00,731,1,-0.42290985504429074,0.42290985504429074,"{'max_depth': None, 'min_samples_leaf': 1, 'min_samples_split': 20}"
2021-12-13 07:00:00,ARX,7,2.977180640750257,3.308907613524735,2019-12-13 07:00:00,2021-12-13 07:00:00,2021-12-13 07:00:00,731,1,-0.3032104293734177,0.3032104293734177,{'model__alpha': 0.01}
2021-12-13 07:00:00,Random Forest,7,2.977180640750257,2.793204831771807,2019-12-13 07:00:00,2021-12-13 07:00:00,2021-12-13 07:00:00,731,1,-0.28640559026943707,0.28640559026943707,"{'max_depth': 10, 'max_features': 0.5, 'min_samples_leaf': 2, 'n_estimators': 100}"
2021-12-13 07:00:00,Neural Network,7,2.977180640750257,3.0249950639733614,2019-12-13 07:00:00,2021-12-13 07:00:00,2021-12-13 07:00:00,731,1,-0.35941423956503044,0.35941423956503044,"{'regressor__model__alpha': 0.0001, 'regressor__model__hidden_layer_sizes': (64, 32), 'regressor__model__learning_rate_init': 0.0001}"
2021-12-13 07:00:00,Naive,7,2.977180640750257,1.5924449725434493,2019-12-13 07:00:00,2021-12-13 07:00:00,2021-12-13 07:00:00,731,1,,,not_applicable
2021-12-14 07:00:00,Decision Tree,7,2.9963288080981876,2.8189954826393504,2019-12-14 07:00:00,2021-12-14 07:00:00,2021-12-14 07:00:00,731,1,-0.42290985504429074,0.42290985504429074,"{'max_depth': None, 'min_samples_leaf': 1, 'min_samples_split': 20}"
2021-12-14 07:00:00,ARX,7,2.9963288080981876,3.178920461683229,2019-12-14 07:00:00,2021-12-14 07:00:00,2021-12-14 07:00:00,731,1,-0.3032104293734177,0.3032104293734177,{'model__alpha': 0.01}
2021-12-14 07:00:00,Random Forest,7,2.9963288080981876,2.919858952754546,2019-12-14 07:00:00,2021-12-14 07:00:00,2021-12-14 07:00:00,731,1,-0.28640559026943707,0.28640559026943707,"{'max_depth': 10, 'max_features': 0.5, 'min_samples_leaf': 2, 'n_estimators': 100}"
2021-12-14 07:00:00,Neural Network,7,2.9963288080981876,2.8874393546965584,2019-12-14 07:00:00,2021-12-14 07:00:00,2021-12-14 07:00:00,731,1,-0.35941423956503044,0.35941423956503044,"{'regressor__model__alpha': 0.0001, 'regressor__model__hidden_layer_sizes': (64, 32), 'regressor__model__learning_rate_init': 0.0001}"
2021-12-14 07:00:00,Naive,7,2.9963288080981876,2.977180640750257,2019-12-14 07:00:00,2021-12-14 07:00:00,2021-12-14 07:00:00,731,1,,,not_applicable
2021-12-15 07:00:00,Decision Tree,7,3.0564303600053826,2.8395562041382467,2019-12-15 07:00:00,2021-12-15 07:00:00,2021-12-15 07:00:00,731,1,-0.42290985504429074,0.42290985504429074,"{'max_depth': None, 'min_samples_leaf': 1, 'min_samples_split': 20}"
2021-12-15 07:00:00,ARX,7,3.0564303600053826,3.134607123975177,2019-12-15 07:00:00,2021-12-15 07:00:00,2021-12-15 07:00:00,731,1,-0.3032104293734177,0.3032104293734177,{'model__alpha': 0.01}
2021-12-15 07:00:00,Random Forest,7,3.0564303600053826,2.654469479097584,2019-12-15 07:00:00,2021-12-15 07:00:00,2021-12-15 07:00:00,731,1,-0.28640559026943707,0.28640559026943707,"{'max_depth': 10, 'max_features': 0.5, 'min_samples_leaf': 2, 'n_estimators': 100}"
2021-12-15 07:00:00,Neural Network,7,3.0564303600053826,2.6791667603238305,2019-12-15 07:00:00,2021-12-15 07:00:00,2021-12-15 07:00:00,731,1,-0.35941423956503044,0.35941423956503044,"{'regressor__model__alpha': 0.0001, 'regressor__model__hidden_layer_sizes': (64, 32), 'regressor__model__learning_rate_init': 0.0001}"
2021-12-15 07:00:00,Naive,7,3.0564303600053826,2.9963288080981876,2019-12-15 07:00:00,2021-12-15 07:00:00,2021-12-15 07:00:00,731,1,,,not_applicable
2021-12-16 07:00:00,Decision Tree,7,3.251732654046941,3.082171474630099,2019-12-16 07:00:00,2021-12-16 07:00:00,2021-12-16 07:00:00,731,1,-0.42290985504429074,0.42290985504429074,"{'max_depth': None, 'min_samples_leaf': 1, 'min_samples_split': 20}"
2021-12-16 07:00:00,ARX,7,3.251732654046941,3.3236190564502257,2019-12-16 07:00:00,2021-12-16 07:00:00,2021-12-16 07:00:00,731,1,-0.3032104293734177,0.3032104293734177,{'model__alpha': 0.01}
2021-12-16 07:00:00,Random Forest,7,3.251732654046941,2.949174122515589,2019-12-16 07:00:00,2021-12-16 07:00:00,2021-12-16 07:00:00,731,1,-0.28640559026943707,0.28640559026943707,"{'max_depth': 10, 'max_features': 0.5, 'min_samples_leaf': 2, 'n_estimators': 100}"
2021-12-16 07:00:00,Neural Network,7,3.251732654046941,3.1024950197945484,2019-12-16 07:00:00,2021-12-16 07:00:00,2021-12-16 07:00:00,731,1,-0.35941423956503044,0.35941423956503044,"{'regressor__model__alpha': 0.0001, 'regressor__model__hidden_layer_sizes': (64, 32), 'regressor__model__learning_rate_init': 0.0001}"
2021-12-16 07:00:00,Naive,7,3.251732654046941,3.0564303600053826,2019-12-16 07:00:00,2021-12-16 07:00:00,2021-12-16 07:00:00,731,1,,,not_applicable
2021-12-17 07:00:00,Decision Tree,7,3.210583038547655,3.1033666220572043,2019-12-17 07:00:00,2021-12-17 07:00:00,2021-12-17 07:00:00,731,1,-0.42290985504429074,0.42290985504429074,"{'max_depth': None, 'min_samples_leaf': 1, 'min_samples_split': 20}"
2021-12-17 07:00:00,ARX,7,3.210583038547655,3.3214184057491662,2019-12-17 07:00:00,2021-12-17 07:00:00,2021-12-17 07:00:00,731,1,-0.3032104293734177,0.3032104293734177,{'model__alpha': 0.01}
2021-12-17 07:00:00,Random Forest,7,3.210583038547655,3.024380202275461,2019-12-17 07:00:00,2021-12-17 07:00:00,2021-12-17 07:00:00,731,1,-0.28640559026943707,0.28640559026943707,"{'max_depth': 10, 'max_features': 0.5, 'min_samples_leaf': 2, 'n_estimators': 100}"
2021-12-17 07:00:00,Neural Network,7,3.210583038547655,3.290919311045291,2019-12-17 07:00:00,2021-12-17 07:00:00,2021-12-17 07:00:00,731,1,-0.35941423956503044,0.35941423956503044,"{'regressor__model__alpha': 0.0001, 'regressor__model__hidden_layer_sizes': (64, 32), 'regressor__model__learning_rate_init': 0.0001}"
2021-12-17 07:00:00,Naive,7,3.210583038547655,3.251732654046941,2019-12-17 07:00:00,2021-12-17 07:00:00,2021-12-17 07:00:00,731,1,,,not_applicable
2021-12-18 07:00:00,Decision Tree,7,2.902962516689908,2.5232748090339503,2019-12-18 07:00:00,2021-12-18 07:00:00,2021-12-18 07:00:00,731,1,-0.42290985504429074,0.42290985504429074,"{'max_depth': None, 'min_samples_leaf': 1, 'min_samples_split': 20}"
2021-12-18 07:00:00,ARX,7,2.902962516689908,2.592651858775425,2019-12-18 07:00:00,2021-12-18 07:00:00,2021-12-18 07:00:00,731,1,-0.3032104293734177,0.3032104293734177,{'model__alpha': 0.01}
2021-12-18 07:00:00,Random Forest,7,2.902962516689908,2.857811701702522,2019-12-18 07:00:00,2021-12-18 07:00:00,2021-12-18 07:00:00,731,1,-0.28640559026943707,0.28640559026943707,"{'max_depth': 10, 'max_features': 0.5, 'min_samples_leaf': 2, 'n_estimators': 100}"
2021-12-18 07:00:00,Neural Network,7,2.902962516689908,3.0149079802238514,2019-12-18 07:00:00,2021-12-18 07:00:00,2021-12-18 07:00:00,731,1,-0.35941423956503044,0.35941423956503044,"{'regressor__model__alpha': 0.0001, 'regressor__model__hidden_layer_sizes': (64, 32), 'regressor__model__learning_rate_init': 0.0001}"
2021-12-18 07:00:00,Naive,7,2.902962516689908,3.210583038547655,2019-12-18 07:00:00,2021-12-18 07:00:00,2021-12-18 07:00:00,731,1,,,not_applicable
2021-12-19 07:00:00,Decision Tree,7,0.5338234147073453,1.4784402180261205,2019-12-19 07:00:00,2021-12-19 07:00:00,2021-12-19 07:00:00,731,1,-0.42290985504429074,0.42290985504429074,"{'max_depth': None, 'min_samples_leaf': 1, 'min_samples_split': 20}"
2021-12-19 07:00:00,ARX,7,0.5338234147073453,1.011474335042871,2019-12-19 07:00:00,2021-12-19 07:00:00,2021-12-19 07:00:00,731,1,-0.3032104293734177,0.3032104293734177,{'model__alpha': 0.01}
2021-12-19 07:00:00,Random Forest,7,0.5338234147073453,1.7462189667316286,2019-12-19 07:00:00,2021-12-19 07:00:00,2021-12-19 07:00:00,731,1,-0.28640559026943707,0.28640559026943707,"{'max_depth': 10, 'max_features': 0.5, 'min_samples_leaf': 2, 'n_estimators': 100}"
2021-12-19 07:00:00,Neural Network,7,0.5338234147073453,1.2369802331573343,2019-12-19 07:00:00,2021-12-19 07:00:00,2021-12-19 07:00:00,731,1,-0.35941423956503044,0.35941423956503044,"{'regressor__model__alpha': 0.0001, 'regressor__model__hidden_layer_sizes': (64, 32), 'regressor__model__learning_rate_init': 0.0001}"
2021-12-19 07:00:00,Naive,7,0.5338234147073453,2.902962516689908,2019-12-19 07:00:00,2021-12-19 07:00:00,2021-12-19 07:00:00,731,1,,,not_applicable
2021-12-20 07:00:00,Decision Tree,7,3.212635989720742,3.0795268839821275,2019-12-20 07:00:00,2021-12-20 07:00:00,2021-12-20 07:00:00,731,1,-0.42290985504429074,0.42290985504429074,"{'max_depth': None, 'min_samples_leaf': 1, 'min_samples_split': 20}"
2021-12-20 07:00:00,ARX,7,3.212635989720742,3.262900188847123,2019-12-20 07:00:00,2021-12-20 07:00:00,2021-12-20 07:00:00,731,1,-0.3032104293734177,0.3032104293734177,{'model__alpha': 0.01}
2021-12-20 07:00:00,Random Forest,7,3.212635989720742,2.640729722028505,2019-12-20 07:00:00,2021-12-20 07:00:00,2021-12-20 07:00:00,731,1,-0.28640559026943707,0.28640559026943707,"{'max_depth': 10, 'max_features': 0.5, 'min_samples_leaf': 2, 'n_estimators': 100}"
2021-12-20 07:00:00,Neural Network,7,3.212635989720742,3.264438087733101,2019-12-20 07:00:00,2021-12-20 07:00:00,2021-12-20 07:00:00,731,1,-0.35941423956503044,0.35941423956503044,"{'regressor__model__alpha': 0.0001, 'regressor__model__hidden_layer_sizes': (64, 32), 'regressor__model__learning_rate_init': 0.0001}"
2021-12-20 07:00:00,Naive,7,3.212635989720742,0.5338234147073453,2019-12-20 07:00:00,2021-12-20 07:00:00,2021-12-20 07:00:00,731,1,,,not_applicable
2021-12-21 07:00:00,Decision Tree,7,3.3952044370923087,3.0906193094603456,2019-12-21 07:00:00,2021-12-21 07:00:00,2021-12-21 07:00:00,731,1,-0.42290985504429074,0.42290985504429074,"{'max_depth': None, 'min_samples_leaf': 1, 'min_samples_split': 20}"
2021-12-21 07:00:00,ARX,7,3.3952044370923087,3.547322592497938,2019-12-21 07:00:00,2021-12-21 07:00:00,2021-12-21 07:00:00,731,1,-0.3032104293734177,0.3032104293734177,{'model__alpha': 0.01}
2021-12-21 07:00:00,Random Forest,7,3.3952044370923087,2.916224744870959,2019-12-21 07:00:00,2021-12-21 07:00:00,2021-12-21 07:00:00,731,1,-0.28640559026943707,0.28640559026943707,"{'max_depth': 10, 'max_features': 0.5, 'min_samples_leaf': 2, 'n_estimators': 100}"
2021-12-21 07:00:00,Neural Network,7,3.3952044370923087,3.2776538567432403,2019-12-21 07:00:00,2021-12-21 07:00:00,2021-12-21 07:00:00,731,1,-0.35941423956503044,0.35941423956503044,"{'regressor__model__alpha': 0.0001, 'regressor__model__hidden_layer_sizes': (64, 32), 'regressor__model__learning_rate_init': 0.0001}"
2021-12-21 07:00:00,Naive,7,3.3952044370923087,3.212635989720742,2019-12-21 07:00:00,2021-12-21 07:00:00,2021-12-21 07:00:00,731,1,,,not_applicable
2021-12-22 07:00:00,Decision Tree,7,3.46644966689853,3.149577858347122,2019-12-22 07:00:00,2021-12-22 07:00:00,2021-12-22 07:00:00,731,1,-0.42290985504429074,0.42290985504429074,"{'max_depth': None, 'min_samples_leaf': 1, 'min_samples_split': 20}"
2021-12-22 07:00:00,ARX,7,3.46644966689853,3.4414942943368136,2019-12-22 07:00:00,2021-12-22 07:00:00,2021-12-22 07:00:00,731,1,-0.3032104293734177,0.3032104293734177,{'model__alpha': 0.01}
2021-12-22 07:00:00,Random Forest,7,3.46644966689853,2.9934676717257043,2019-12-22 07:00:00,2021-12-22 07:00:00,2021-12-22 07:00:00,731,1,-0.28640559026943707,0.28640559026943707,"{'max_depth': 10, 'max_features': 0.5, 'min_samples_leaf': 2, 'n_estimators': 100}"
2021-12-22 07:00:00,Neural Network,7,3.46644966689853,3.3595996489094038,2019-12-22 07:00:00,2021-12-22 07:00:00,2021-12-22 07:00:00,731,1,-0.35941423956503044,0.35941423956503044,"{'regressor__model__alpha': 0.0001, 'regressor__model__hidden_layer_sizes': (64, 32), 'regressor__model__learning_rate_init': 0.0001}"
2021-12-22 07:00:00,Naive,7,3.46644966689853,3.3952044370923087,2019-12-22 07:00:00,2021-12-22 07:00:00,2021-12-22 07:00:00,731,1,,,not_applicable
2021-12-23 07:00:00,Decision Tree,7,3.2492246189711222,3.1759838423930726,2019-12-23 07:00:00,2021-12-23 07:00:00,2021-12-23 07:00:00,731,1,-0.42290985504429074,0.42290985504429074,"{'max_depth': None, 'min_samples_leaf': 1, 'min_samples_split': 20}"
2021-12-23 07:00:00,ARX,7,3.2492246189711222,3.1795530590055625,2019-12-23 07:00:00,2021-12-23 07:00:00,2021-12-23 07:00:00,731,1,-0.3032104293734177,0.3032104293734177,{'model__alpha': 0.01}
2021-12-23 07:00:00,Random Forest,7,3.2492246189711222,3.097458689598473,2019-12-23 07:00:00,2021-12-23 07:00:00,2021-12-23 07:00:00,731,1,-0.28640559026943707,0.28640559026943707,"{'max_depth': 10, 'max_features': 0.5, 'min_samples_leaf': 2, 'n_estimators': 100}"
2021-12-23 07:00:00,Neural Network,7,3.2492246189711222,3.4729331257546425,2019-12-23 07:00:00,2021-12-23 07:00:00,2021-12-23 07:00:00,731,1,-0.35941423956503044,0.35941423956503044,"{'regressor__model__alpha': 0.0001, 'regressor__model__hidden_layer_sizes': (64, 32), 'regressor__model__learning_rate_init': 0.0001}"
2021-12-23 07:00:00,Naive,7,3.2492246189711222,3.46644966689853,2019-12-23 07:00:00,2021-12-23 07:00:00,2021-12-23 07:00:00,731,1,,,not_applicable
2021-12-24 07:00:00,Decision Tree,7,2.0705601657638906,2.4548354612717755,2019-12-24 07:00:00,2021-12-24 07:00:00,2021-12-24 07:00:00,731,1,-0.42290985504429074,0.42290985504429074,"{'max_depth': None, 'min_samples_leaf': 1, 'min_samples_split': 20}"
2021-12-24 07:00:00,ARX,7,2.0705601657638906,1.7807137919475235,2019-12-24 07:00:00,2021-12-24 07:00:00,2021-12-24 07:00:00,731,1,-0.3032104293734177,0.3032104293734177,{'model__alpha': 0.01}
2021-12-24 07:00:00,Random Forest,7,2.0705601657638906,2.4029662579734663,2019-12-24 07:00:00,2021-12-24 07:00:00,2021-12-24 07:00:00,731,1,-0.28640559026943707,0.28640559026943707,"{'max_depth': 10, 'max_features': 0.5, 'min_samples_leaf': 2, 'n_estimators': 100}"
2021-12-24 07:00:00,Neural Network,7,2.0705601657638906,2.975478136460461,2019-12-24 07:00:00,2021-12-24 07:00:00,2021-12-24 07:00:00,731,1,-0.35941423956503044,0.35941423956503044,"{'regressor__model__alpha': 0.0001, 'regressor__model__hidden_layer_sizes': (64, 32), 'regressor__model__learning_rate_init': 0.0001}"
2021-12-24 07:00:00,Naive,7,2.0705601657638906,3.2492246189711222,2019-12-24 07:00:00,2021-12-24 07:00:00,2021-12-24 07:00:00,731,1,,,not_applicable
2021-12-25 07:00:00,Decision Tree,7,1.922304717594852,1.8714540541278928,2019-12-25 07:00:00,2021-12-25 07:00:00,2021-12-25 07:00:00,731,1,-0.42290985504429074,0.42290985504429074,"{'max_depth': None, 'min_samples_leaf': 1, 'min_samples_split': 20}"
2021-12-25 07:00:00,ARX,7,1.922304717594852,1.7589951376970065,2019-12-25 07:00:00,2021-12-25 07:00:00,2021-12-25 07:00:00,731,1,-0.3032104293734177,0.3032104293734177,{'model__alpha': 0.01}
2021-12-25 07:00:00,Random Forest,7,1.922304717594852,2.7171184325138658,2019-12-25 07:00:00,2021-12-25 07:00:00,2021-12-25 07:00:00,731,1,-0.28640559026943707,0.28640559026943707,"{'max_depth': 10, 'max_features': 0.5, 'min_samples_leaf': 2, 'n_estimators': 100}"
2021-12-25 07:00:00,Neural Network,7,1.922304717594852,1.3606152252813222,2019-12-25 07:00:00,2021-12-25 07:00:00,2021-12-25 07:00:00,731,1,-0.35941423956503044,0.35941423956503044,"{'regressor__model__alpha': 0.0001, 'regressor__model__hidden_layer_sizes': (64, 32), 'regressor__model__learning_rate_init': 0.0001}"
2021-12-25 07:00:00,Naive,7,1.922304717594852,2.0705601657638906,2019-12-25 07:00:00,2021-12-25 07:00:00,2021-12-25 07:00:00,731,1,,,not_applicable
2021-12-26 07:00:00,Decision Tree,7,2.0965904364992576,1.8816241868212846,2019-12-26 07:00:00,2021-12-26 07:00:00,2021-12-26 07:00:00,731,1,-0.42290985504429074,0.42290985504429074,"{'max_depth': None, 'min_samples_leaf': 1, 'min_samples_split': 20}"
2021-12-26 07:00:00,ARX,7,2.0965904364992576,1.1234205256817749,2019-12-26 07:00:00,2021-12-26 07:00:00,2021-12-26 07:00:00,731,1,-0.3032104293734177,0.3032104293734177,{'model__alpha': 0.01}
2021-12-26 07:00:00,Random Forest,7,2.0965904364992576,1.9117554489461204,2019-12-26 07:00:00,2021-12-26 07:00:00,2021-12-26 07:00:00,731,1,-0.28640559026943707,0.28640559026943707,"{'max_depth': 10, 'max_features': 0.5, 'min_samples_leaf': 2, 'n_estimators': 100}"
2021-12-26 07:00:00,Neural Network,7,2.0965904364992576,0.4860770116522149,2019-12-26 07:00:00,2021-12-26 07:00:00,2021-12-26 07:00:00,731,1,-0.35941423956503044,0.35941423956503044,"{'regressor__model__alpha': 0.0001, 'regressor__model__hidden_layer_sizes': (64, 32), 'regressor__model__learning_rate_init': 0.0001}"
2021-12-26 07:00:00,Naive,7,2.0965904364992576,1.922304717594852,2019-12-26 07:00:00,2021-12-26 07:00:00,2021-12-26 07:00:00,731,1,,,not_applicable
2021-12-27 07:00:00,Decision Tree,7,1.8272877833025547,1.5735516960205291,2019-12-27 07:00:00,2021-12-27 07:00:00,2021-12-27 07:00:00,731,1,-0.42290985504429074,0.42290985504429074,"{'max_depth': None, 'min_samples_leaf': 1, 'min_samples_split': 20}"
2021-12-27 07:00:00,ARX,7,1.8272877833025547,2.31330713650957,2019-12-27 07:00:00,2021-12-27 07:00:00,2021-12-27 07:00:00,731,1,-0.3032104293734177,0.3032104293734177,{'model__alpha': 0.01}
2021-12-27 07:00:00,Random Forest,7,1.8272877833025547,2.347397849086425,2019-12-27 07:00:00,2021-12-27 07:00:00,2021-12-27 07:00:00,731,1,-0.28640559026943707,0.28640559026943707,"{'max_depth': 10, 'max_features': 0.5, 'min_samples_leaf': 2, 'n_estimators': 100}"
2021-12-27 07:00:00,Neural Network,7,1.8272877833025547,2.3912116227967966,2019-12-27 07:00:00,2021-12-27 07:00:00,2021-12-27 07:00:00,731,1,-0.35941423956503044,0.35941423956503044,"{'regressor__model__alpha': 0.0001, 'regressor__model__hidden_layer_sizes': (64, 32), 'regressor__model__learning_rate_init': 0.0001}"
2021-12-27 07:00:00,Naive,7,1.8272877833025547,2.0965904364992576,2019-12-27 07:00:00,2021-12-27 07:00:00,2021-12-27 07:00:00,731,1,,,not_applicable
2021-12-28 07:00:00,Decision Tree,7,1.4108248224304303,2.5631554386498285,2019-12-28 07:00:00,2021-12-28 07:00:00,2021-12-28 07:00:00,731,1,-0.42290985504429074,0.42290985504429074,"{'max_depth': None, 'min_samples_leaf': 1, 'min_samples_split': 20}"
2021-12-28 07:00:00,ARX,7,1.4108248224304303,2.101476409168965,2019-12-28 07:00:00,2021-12-28 07:00:00,2021-12-28 07:00:00,731,1,-0.3032104293734177,0.3032104293734177,{'model__alpha': 0.01}
2021-12-28 07:00:00,Random Forest,7,1.4108248224304303,2.1120530171492358,2019-12-28 07:00:00,2021-12-28 07:00:00,2021-12-28 07:00:00,731,1,-0.28640559026943707,0.28640559026943707,"{'max_depth': 10, 'max_features': 0.5, 'min_samples_leaf': 2, 'n_estimators': 100}"
2021-12-28 07:00:00,Neural Network,7,1.4108248224304303,2.255489860897682,2019-12-28 07:00:00,2021-12-28 07:00:00,2021-12-28 07:00:00,731,1,-0.35941423956503044,0.35941423956503044,"{'regressor__model__alpha': 0.0001, 'regressor__model__hidden_layer_sizes': (64, 32), 'regressor__model__learning_rate_init': 0.0001}"
2021-12-28 07:00:00,Naive,7,1.4108248224304303,1.8272877833025547,2019-12-28 07:00:00,2021-12-28 07:00:00,2021-12-28 07:00:00,731,1,,,not_applicable
2021-12-29 07:00:00,Decision Tree,7,2.278728567740067,2.4960506213745997,2019-12-29 07:00:00,2021-12-29 07:00:00,2021-12-29 07:00:00,731,1,-0.42290985504429074,0.42290985504429074,"{'max_depth': None, 'min_samples_leaf': 1, 'min_samples_split': 20}"
2021-12-29 07:00:00,ARX,7,2.278728567740067,2.4137422703789997,2019-12-29 07:00:00,2021-12-29 07:00:00,2021-12-29 07:00:00,731,1,-0.3032104293734177,0.3032104293734177,{'model__alpha': 0.01}
2021-12-29 07:00:00,Random Forest,7,2.278728567740067,2.1320307066855353,2019-12-29 07:00:00,2021-12-29 07:00:00,2021-12-29 07:00:00,731,1,-0.28640559026943707,0.28640559026943707,"{'max_depth': 10, 'max_features': 0.5, 'min_samples_leaf': 2, 'n_estimators': 100}"
2021-12-29 07:00:00,Neural Network,7,2.278728567740067,2.36185836104844,2019-12-29 07:00:00,2021-12-29 07:00:00,2021-12-29 07:00:00,731,1,-0.35941423956503044,0.35941423956503044,"{'regressor__model__alpha': 0.0001, 'regressor__model__hidden_layer_sizes': (64, 32), 'regressor__model__learning_rate_init': 0.0001}"
2021-12-29 07:00:00,Naive,7,2.278728567740067,1.4108248224304303,2019-12-29 07:00:00,2021-12-29 07:00:00,2021-12-29 07:00:00,731,1,,,not_applicable
2021-12-30 07:00:00,Decision Tree,7,1.3303899146587244,1.55722047205173,2019-12-30 07:00:00,2021-12-30 07:00:00,2021-12-30 07:00:00,731,1,-0.42290985504429074,0.42290985504429074,"{'max_depth': None, 'min_samples_leaf': 1, 'min_samples_split': 20}"
2021-12-30 07:00:00,ARX,7,1.3303899146587244,1.6519154713718653,2019-12-30 07:00:00,2021-12-30 07:00:00,2021-12-30 07:00:00,731,1,-0.3032104293734177,0.3032104293734177,{'model__alpha': 0.01}
2021-12-30 07:00:00,Random Forest,7,1.3303899146587244,1.9340289807411062,2019-12-30 07:00:00,2021-12-30 07:00:00,2021-12-30 07:00:00,731,1,-0.28640559026943707,0.28640559026943707,"{'max_depth': 10, 'max_features': 0.5, 'min_samples_leaf': 2, 'n_estimators': 100}"
2021-12-30 07:00:00,Neural Network,7,1.3303899146587244,1.5878583472904102,2019-12-30 07:00:00,2021-12-30 07:00:00,2021-12-30 07:00:00,731,1,-0.35941423956503044,0.35941423956503044,"{'regressor__model__alpha': 0.0001, 'regressor__model__hidden_layer_sizes': (64, 32), 'regressor__model__learning_rate_init': 0.0001}"
2021-12-30 07:00:00,Naive,7,1.3303899146587244,2.278728567740067,2019-12-30 07:00:00,2021-12-30 07:00:00,2021-12-30 07:00:00,731,1,,,not_applicable
2021-12-31 07:00:00,Decision Tree,7,-1.205666129280719,0.9561919424814252,2019-12-31 07:00:00,2021-12-31 07:00:00,2021-12-31 07:00:00,731,1,-0.42290985504429074,0.42290985504429074,"{'max_depth': None, 'min_samples_leaf': 1, 'min_samples_split': 20}"
2021-12-31 07:00:00,ARX,7,-1.205666129280719,0.5750909082562357,2019-12-31 07:00:00,2021-12-31 07:00:00,2021-12-31 07:00:00,731,1,-0.3032104293734177,0.3032104293734177,{'model__alpha': 0.01}
2021-12-31 07:00:00,Random Forest,7,-1.205666129280719,0.6051513303988919,2019-12-31 07:00:00,2021-12-31 07:00:00,2021-12-31 07:00:00,731,1,-0.28640559026943707,0.28640559026943707,"{'max_depth': 10, 'max_features': 0.5, 'min_samples_leaf': 2, 'n_estimators': 100}"
2021-12-31 07:00:00,Neural Network,7,-1.205666129280719,0.19003872379829767,2019-12-31 07:00:00,2021-12-31 07:00:00,2021-12-31 07:00:00,731,1,-0.35941423956503044,0.35941423956503044,"{'regressor__model__alpha': 0.0001, 'regressor__model__hidden_layer_sizes': (64, 32), 'regressor__model__learning_rate_init': 0.0001}"
2021-12-31 07:00:00,Naive,7,-1.205666129280719,1.3303899146587244,2019-12-31 07:00:00,2021-12-31 07:00:00,2021-12-31 07:00:00,731,1,,,not_applicable
2022-01-01 07:00:00,Decision Tree,7,-0.06525937826149233,-0.37314348811948206,2020-01-01 07:00:00,2022-01-01 07:00:00,2022-01-01 07:00:00,731,1,-0.42290985504429074,0.42290985504429074,"{'max_depth': None, 'min_samples_leaf': 1, 'min_samples_split': 20}"
2022-01-01 07:00:00,ARX,7,-0.06525937826149233,-0.6585417556239836,2020-01-01 07:00:00,2022-01-01 07:00:00,2022-01-01 07:00:00,731,1,-0.3032104293734177,0.3032104293734177,{'model__alpha': 0.01}
2022-01-01 07:00:00,Random Forest,7,-0.06525937826149233,-1.0480693958585956,2020-01-01 07:00:00,2022-01-01 07:00:00,2022-01-01 07:00:00,731,1,-0.28640559026943707,0.28640559026943707,"{'max_depth': 10, 'max_features': 0.5, 'min_samples_leaf': 2, 'n_estimators': 100}"
2022-01-01 07:00:00,Neural Network,7,-0.06525937826149233,-2.5002957392018246,2020-01-01 07:00:00,2022-01-01 07:00:00,2022-01-01 07:00:00,731,1,-0.35941423956503044,0.35941423956503044,"{'regressor__model__alpha': 0.0001, 'regressor__model__hidden_layer_sizes': (64, 32), 'regressor__model__learning_rate_init': 0.0001}"
2022-01-01 07:00:00,Naive,7,-0.06525937826149233,-1.205666129280719,2020-01-01 07:00:00,2022-01-01 07:00:00,2022-01-01 07:00:00,731,1,,,not_applicable
2022-01-02 07:00:00,Decision Tree,7,-0.11466920100659066,0.762008062984866,2020-01-02 07:00:00,2022-01-02 07:00:00,2022-01-02 07:00:00,731,1,-0.42290985504429074,0.42290985504429074,"{'max_depth': None, 'min_samples_leaf': 1, 'min_samples_split': 20}"
2022-01-02 07:00:00,ARX,7,-0.11466920100659066,0.8852690802911926,2020-01-02 07:00:00,2022-01-02 07:00:00,2022-01-02 07:00:00,731,1,-0.3032104293734177,0.3032104293734177,{'model__alpha': 0.01}
2022-01-02 07:00:00,Random Forest,7,-0.11466920100659066,0.7808823482083327,2020-01-02 07:00:00,2022-01-02 07:00:00,2022-01-02 07:00:00,731,1,-0.28640559026943707,0.28640559026943707,"{'max_depth': 10, 'max_features': 0.5, 'min_samples_leaf': 2, 'n_estimators': 100}"
2022-01-02 07:00:00,Neural Network,7,-0.11466920100659066,-1.1261086441203456,2020-01-02 07:00:00,2022-01-02 07:00:00,2022-01-02 07:00:00,731,1,-0.35941423956503044,0.35941423956503044,"{'regressor__model__alpha': 0.0001, 'regressor__model__hidden_layer_sizes': (64, 32), 'regressor__model__learning_rate_init': 0.0001}"
2022-01-02 07:00:00,Naive,7,-0.11466920100659066,-0.06525937826149233,2020-01-02 07:00:00,2022-01-02 07:00:00,2022-01-02 07:00:00,731,1,,,not_applicable
2022-01-03 07:00:00,Decision Tree,7,1.165570965628068,-0.16228546220936785,2020-01-03 07:00:00,2022-01-03 07:00:00,2022-01-03 07:00:00,731,1,-0.42290985504429074,0.42290985504429074,"{'max_depth': None, 'min_samples_leaf': 1, 'min_samples_split': 20}"
2022-01-03 07:00:00,ARX,7,1.165570965628068,0.6424941588137528,2020-01-03 07:00:00,2022-01-03 07:00:00,2022-01-03 07:00:00,731,1,-0.3032104293734177,0.3032104293734177,{'model__alpha': 0.01}
2022-01-03 07:00:00,Random Forest,7,1.165570965628068,0.4601167664257881,2020-01-03 07:00:00,2022-01-03 07:00:00,2022-01-03 07:00:00,731,1,-0.28640559026943707,0.28640559026943707,"{'max_depth': 10, 'max_features': 0.5, 'min_samples_leaf': 2, 'n_estimators': 100}"
2022-01-03 07:00:00,Neural Network,7,1.165570965628068,0.5551300390494465,2020-01-03 07:00:00,2022-01-03 07:00:00,2022-01-03 07:00:00,731,1,-0.35941423956503044,0.35941423956503044,"{'regressor__model__alpha': 0.0001, 'regressor__model__hidden_layer_sizes': (64, 32), 'regressor__model__learning_rate_init': 0.0001}"
2022-01-03 07:00:00,Naive,7,1.165570965628068,-0.11466920100659066,2020-01-03 07:00:00,2022-01-03 07:00:00,2022-01-03 07:00:00,731,1,,,not_applicable
2022-01-04 07:00:00,Decision Tree,7,2.223021447728725,2.3873895945573333,2020-01-04 07:00:00,2022-01-04 07:00:00,2022-01-04 07:00:00,731,1,-0.42290985504429074,0.42290985504429074,"{'max_depth': None, 'min_samples_leaf': 1, 'min_samples_split': 20}"
2022-01-04 07:00:00,ARX,7,2.223021447728725,2.048783005993342,2020-01-04 07:00:00,2022-01-04 07:00:00,2022-01-04 07:00:00,731,1,-0.3032104293734177,0.3032104293734177,{'model__alpha': 0.01}
2022-01-04 07:00:00,Random Forest,7,2.223021447728725,1.747358889456785,2020-01-04 07:00:00,2022-01-04 07:00:00,2022-01-04 07:00:00,731,1,-0.28640559026943707,0.28640559026943707,"{'max_depth': 10, 'max_features': 0.5, 'min_samples_leaf': 2, 'n_estimators': 100}"
2022-01-04 07:00:00,Neural Network,7,2.223021447728725,2.3624240420420426,2020-01-04 07:00:00,2022-01-04 07:00:00,2022-01-04 07:00:00,731,1,-0.35941423956503044,0.35941423956503044,"{'regressor__model__alpha': 0.0001, 'regressor__model__hidden_layer_sizes': (64, 32), 'regressor__model__learning_rate_init': 0.0001}"
2022-01-04 07:00:00,Naive,7,2.223021447728725,1.165570965628068,2020-01-04 07:00:00,2022-01-04 07:00:00,2022-01-04 07:00:00,731,1,,,not_applicable
2022-01-05 07:00:00,Decision Tree,7,1.3698832460213723,1.55722047205173,2020-01-05 07:00:00,2022-01-05 07:00:00,2022-01-05 07:00:00,731,1,-0.42290985504429074,0.42290985504429074,"{'max_depth': None, 'min_samples_leaf': 1, 'min_samples_split': 20}"
2022-01-05 07:00:00,ARX,7,1.3698832460213723,1.6450147114181246,2020-01-05 07:00:00,2022-01-05 07:00:00,2022-01-05 07:00:00,731,1,-0.3032104293734177,0.3032104293734177,{'model__alpha': 0.01}
2022-01-05 07:00:00,Random Forest,7,1.3698832460213723,1.9039353207973873,2020-01-05 07:00:00,2022-01-05 07:00:00,2022-01-05 07:00:00,731,1,-0.28640559026943707,0.28640559026943707,"{'max_depth': 10, 'max_features': 0.5, 'min_samples_leaf': 2, 'n_estimators': 100}"
2022-01-05 07:00:00,Neural Network,7,1.3698832460213723,2.2127337682768147,2020-01-05 07:00:00,2022-01-05 07:00:00,2022-01-05 07:00:00,731,1,-0.35941423956503044,0.35941423956503044,"{'regressor__model__alpha': 0.0001, 'regressor__model__hidden_layer_sizes': (64, 32), 'regressor__model__learning_rate_init': 0.0001}"
2022-01-05 07:00:00,Naive,7,1.3698832460213723,2.223021447728725,2020-01-05 07:00:00,2022-01-05 07:00:00,2022-01-05 07:00:00,731,1,,,not_applicable
2022-01-06 07:00:00,Decision Tree,7,2.495112988339449,2.1465250725077154,2020-01-06 07:00:00,2022-01-06 07:00:00,2022-01-06 07:00:00,731,1,-0.42290985504429074,0.42290985504429074,"{'max_depth': None, 'min_samples_leaf': 1, 'min_samples_split': 20}"
2022-01-06 07:00:00,ARX,7,2.495112988339449,1.863830508001155,2020-01-06 07:00:00,2022-01-06 07:00:00,2022-01-06 07:00:00,731,1,-0.3032104293734177,0.3032104293734177,{'model__alpha': 0.01}
2022-01-06 07:00:00,Random Forest,7,2.495112988339449,1.7878604322085963,2020-01-06 07:00:00,2022-01-06 07:00:00,2022-01-06 07:00:00,731,1,-0.28640559026943707,0.28640559026943707,"{'max_depth': 10, 'max_features': 0.5, 'min_samples_leaf': 2, 'n_estimators': 100}"
2022-01-06 07:00:00,Neural Network,7,2.495112988339449,1.3384296738269388,2020-01-06 07:00:00,2022-01-06 07:00:00,2022-01-06 07:00:00,731,1,-0.35941423956503044,0.35941423956503044,"{'regressor__model__alpha': 0.0001, 'regressor__model__hidden_layer_sizes': (64, 32), 'regressor__model__learning_rate_init': 0.0001}"
2022-01-06 07:00:00,Naive,7,2.495112988339449,1.3698832460213723,2020-01-06 07:00:00,2022-01-06 07:00:00,2022-01-06 07:00:00,731,1,,,not_applicable
2022-01-07 07:00:00,Decision Tree,7,1.969853530716478,2.7879934583851393,2020-01-07 07:00:00,2022-01-07 07:00:00,2022-01-07 07:00:00,731,1,-0.42290985504429074,0.42290985504429074,"{'max_depth': None, 'min_samples_leaf': 1, 'min_samples_split': 20}"
2022-01-07 07:00:00,ARX,7,1.969853530716478,1.606110000110485,2020-01-07 07:00:00,2022-01-07 07:00:00,2022-01-07 07:00:00,731,1,-0.3032104293734177,0.3032104293734177,{'model__alpha': 0.01}
2022-01-07 07:00:00,Random Forest,7,1.969853530716478,2.146774686949809,2020-01-07 07:00:00,2022-01-07 07:00:00,2022-01-07 07:00:00,731,1,-0.28640559026943707,0.28640559026943707,"{'max_depth': 10, 'max_features': 0.5, 'min_samples_leaf': 2, 'n_estimators': 100}"
2022-01-07 07:00:00,Neural Network,7,1.969853530716478,1.2153929518269317,2020-01-07 07:00:00,2022-01-07 07:00:00,2022-01-07 07:00:00,731,1,-0.35941423956503044,0.35941423956503044,"{'regressor__model__alpha': 0.0001, 'regressor__model__hidden_layer_sizes': (64, 32), 'regressor__model__learning_rate_init': 0.0001}"
2022-01-07 07:00:00,Naive,7,1.969853530716478,2.495112988339449,2020-01-07 07:00:00,2022-01-07 07:00:00,2022-01-07 07:00:00,731,1,,,not_applicable
2022-01-08 07:00:00,Decision Tree,7,2.2057442852192026,2.208650482310528,2020-01-08 07:00:00,2022-01-08 07:00:00,2022-01-08 07:00:00,731,1,-0.42290985504429074,0.42290985504429074,"{'max_depth': None, 'min_samples_leaf': 1, 'min_samples_split': 20}"
2022-01-08 07:00:00,ARX,7,2.2057442852192026,1.7755405196282705,2020-01-08 07:00:00,2022-01-08 07:00:00,2022-01-08 07:00:00,731,1,-0.3032104293734177,0.3032104293734177,{'model__alpha': 0.01}
2022-01-08 07:00:00,Random Forest,7,2.2057442852192026,2.0434276779755542,2020-01-08 07:00:00,2022-01-08 07:00:00,2022-01-08 07:00:00,731,1,-0.28640559026943707,0.28640559026943707,"{'max_depth': 10, 'max_features': 0.5, 'min_samples_leaf': 2, 'n_estimators': 100}"
2022-01-08 07:00:00,Neural Network,7,2.2057442852192026,0.980315977014785,2020-01-08 07:00:00,2022-01-08 07:00:00,2022-01-08 07:00:00,731,1,-0.35941423956503044,0.35941423956503044,"{'regressor__model__alpha': 0.0001, 'regressor__model__hidden_layer_sizes': (64, 32), 'regressor__model__learning_rate_init': 0.0001}"
2022-01-08 07:00:00,Naive,7,2.2057442852192026,1.969853530716478,2020-01-08 07:00:00,2022-01-08 07:00:00,2022-01-08 07:00:00,731,1,,,not_applicable
2022-01-09 07:00:00,Decision Tree,7,1.0493480473625805,-0.2040273622094982,2020-01-09 07:00:00,2022-01-09 07:00:00,2022-01-09 07:00:00,731,1,-0.42290985504429074,0.42290985504429074,"{'max_depth': None, 'min_samples_leaf': 1, 'min_samples_split': 20}"
2022-01-09 07:00:00,ARX,7,1.0493480473625805,0.7061130341996107,2020-01-09 07:00:00,2022-01-09 07:00:00,2022-01-09 07:00:00,731,1,-0.3032104293734177,0.3032104293734177,{'model__alpha': 0.01}
2022-01-09 07:00:00,Random Forest,7,1.0493480473625805,0.9740284763360699,2020-01-09 07:00:00,2022-01-09 07:00:00,2022-01-09 07:00:00,731,1,-0.28640559026943707,0.28640559026943707,"{'max_depth': 10, 'max_features': 0.5, 'min_samples_leaf': 2, 'n_estimators': 100}"
2022-01-09 07:00:00,Neural Network,7,1.0493480473625805,0.9005593742610017,2020-01-09 07:00:00,2022-01-09 07:00:00,2022-01-09 07:00:00,731,1,-0.35941423956503044,0.35941423956503044,"{'regressor__model__alpha': 0.0001, 'regressor__model__hidden_layer_sizes': (64, 32), 'regressor__model__learning_rate_init': 0.0001}"
2022-01-09 07:00:00,Naive,7,1.0493480473625805,2.2057442852192026,2020-01-09 07:00:00,2022-01-09 07:00:00,2022-01-09 07:00:00,731,1,,,not_applicable
2022-01-10 07:00:00,Decision Tree,7,2.803488837388769,2.960617164829549,2020-01-10 07:00:00,2022-01-10 07:00:00,2022-01-10 07:00:00,731,1,-0.42290985504429074,0.42290985504429074,"{'max_depth': None, 'min_samples_leaf': 1, 'min_samples_split': 20}"
2022-01-10 07:00:00,ARX,7,2.803488837388769,3.20730120967143,2020-01-10 07:00:00,2022-01-10 07:00:00,2022-01-10 07:00:00,731,1,-0.3032104293734177,0.3032104293734177,{'model__alpha': 0.01}
2022-01-10 07:00:00,Random Forest,7,2.803488837388769,2.401002564372109,2020-01-10 07:00:00,2022-01-10 07:00:00,2022-01-10 07:00:00,731,1,-0.28640559026943707,0.28640559026943707,"{'max_depth': 10, 'max_features': 0.5, 'min_samples_leaf': 2, 'n_estimators': 100}"
2022-01-10 07:00:00,Neural Network,7,2.803488837388769,2.6632688283404624,2020-01-10 07:00:00,2022-01-10 07:00:00,2022-01-10 07:00:00,731,1,-0.35941423956503044,0.35941423956503044,"{'regressor__model__alpha': 0.0001, 'regressor__model__hidden_layer_sizes': (64, 32), 'regressor__model__learning_rate_init': 0.0001}"
2022-01-10 07:00:00,Naive,7,2.803488837388769,1.0493480473625805,2020-01-10 07:00:00,2022-01-10 07:00:00,2022-01-10 07:00:00,731,1,,,not_applicable
2022-01-11 07:00:00,Decision Tree,7,2.7940394367016745,2.7879934583851393,2020-01-11 07:00:00,2022-01-11 07:00:00,2022-01-11 07:00:00,731,1,-0.42290985504429074,0.42290985504429074,"{'max_depth': None, 'min_samples_leaf': 1, 'min_samples_split': 20}"
2022-01-11 07:00:00,ARX,7,2.7940394367016745,3.232945355501151,2020-01-11 07:00:00,2022-01-11 07:00:00,2022-01-11 07:00:00,731,1,-0.3032104293734177,0.3032104293734177,{'model__alpha': 0.01}
2022-01-11 07:00:00,Random Forest,7,2.7940394367016745,2.6718495836130582,2020-01-11 07:00:00,2022-01-11 07:00:00,2022-01-11 07:00:00,731,1,-0.28640559026943707,0.28640559026943707,"{'max_depth': 10, 'max_features': 0.5, 'min_samples_leaf': 2, 'n_estimators': 100}"
2022-01-11 07:00:00,Neural Network,7,2.7940394367016745,2.4465439972309966,2020-01-11 07:00:00,2022-01-11 07:00:00,2022-01-11 07:00:00,731,1,-0.35941423956503044,0.35941423956503044,"{'regressor__model__alpha': 0.0001, 'regressor__model__hidden_layer_sizes': (64, 32), 'regressor__model__learning_rate_init': 0.0001}"
2022-01-11 07:00:00,Naive,7,2.7940394367016745,2.803488837388769,2020-01-11 07:00:00,2022-01-11 07:00:00,2022-01-11 07:00:00,731,1,,,not_applicable
2022-01-12 07:00:00,Decision Tree,7,2.686300332458959,2.7883491041684647,2020-01-12 07:00:00,2022-01-12 07:00:00,2022-01-12 07:00:00,731,1,-0.42290985504429074,0.42290985504429074,"{'max_depth': None, 'min_samples_leaf': 1, 'min_samples_split': 20}"
2022-01-12 07:00:00,ARX,7,2.686300332458959,3.236148842134998,2020-01-12 07:00:00,2022-01-12 07:00:00,2022-01-12 07:00:00,731,1,-0.3032104293734177,0.3032104293734177,{'model__alpha': 0.01}
2022-01-12 07:00:00,Random Forest,7,2.686300332458959,2.722737519287711,2020-01-12 07:00:00,2022-01-12 07:00:00,2022-01-12 07:00:00,731,1,-0.28640559026943707,0.28640559026943707,"{'max_depth': 10, 'max_features': 0.5, 'min_samples_leaf': 2, 'n_estimators': 100}"
2022-01-12 07:00:00,Neural Network,7,2.686300332458959,2.5587039947222947,2020-01-12 07:00:00,2022-01-12 07:00:00,2022-01-12 07:00:00,731,1,-0.35941423956503044,0.35941423956503044,"{'regressor__model__alpha': 0.0001, 'regressor__model__hidden_layer_sizes': (64, 32), 'regressor__model__learning_rate_init': 0.0001}"
2022-01-12 07:00:00,Naive,7,2.686300332458959,2.7940394367016745,2020-01-12 07:00:00,2022-01-12 07:00:00,2022-01-12 07:00:00,731,1,,,not_applicable
2022-01-13 07:00:00,Decision Tree,7,2.3915527527066867,2.6787372417154565,2020-01-13 07:00:00,2022-01-13 07:00:00,2022-01-13 07:00:00,731,1,-0.42290985504429074,0.42290985504429074,"{'max_depth': None, 'min_samples_leaf': 1, 'min_samples_split': 20}"
2022-01-13 07:00:00,ARX,7,2.3915527527066867,2.720450937267776,2020-01-13 07:00:00,2022-01-13 07:00:00,2022-01-13 07:00:00,731,1,-0.3032104293734177,0.3032104293734177,{'model__alpha': 0.01}
2022-01-13 07:00:00,Random Forest,7,2.3915527527066867,2.6595484857101432,2020-01-13 07:00:00,2022-01-13 07:00:00,2022-01-13 07:00:00,731,1,-0.28640559026943707,0.28640559026943707,"{'max_depth': 10, 'max_features': 0.5, 'min_samples_leaf': 2, 'n_estimators': 100}"
2022-01-13 07:00:00,Neural Network,7,2.3915527527066867,2.558516349500838,2020-01-13 07:00:00,2022-01-13 07:00:00,2022-01-13 07:00:00,731,1,-0.35941423956503044,0.35941423956503044,"{'regressor__model__alpha': 0.0001, 'regressor__model__hidden_layer_sizes': (64, 32), 'regressor__model__learning_rate_init': 0.0001}"
2022-01-13 07:00:00,Naive,7,2.3915527527066867,2.686300332458959,2020-01-13 07:00:00,2022-01-13 07:00:00,2022-01-13 07:00:00,731,1,,,not_applicable
2022-01-14 07:00:00,Decision Tree,7,2.2355686269600343,2.507067362821341,2020-01-14 07:00:00,2022-01-14 07:00:00,2022-01-14 07:00:00,731,1,-0.42290985504429074,0.42290985504429074,"{'max_depth': None, 'min_samples_leaf': 1, 'min_samples_split': 20}"
2022-01-14 07:00:00,ARX,7,2.2355686269600343,2.434838953702109,2020-01-14 07:00:00,2022-01-14 07:00:00,2022-01-14 07:00:00,731,1,-0.3032104293734177,0.3032104293734177,{'model__alpha': 0.01}
2022-01-14 07:00:00,Random Forest,7,2.2355686269600343,2.4184374435203853,2020-01-14 07:00:00,2022-01-14 07:00:00,2022-01-14 07:00:00,731,1,-0.28640559026943707,0.28640559026943707,"{'max_depth': 10, 'max_features': 0.5, 'min_samples_leaf': 2, 'n_estimators': 100}"
2022-01-14 07:00:00,Neural Network,7,2.2355686269600343,1.852237822910886,2020-01-14 07:00:00,2022-01-14 07:00:00,2022-01-14 07:00:00,731,1,-0.35941423956503044,0.35941423956503044,"{'regressor__model__alpha': 0.0001, 'regressor__model__hidden_layer_sizes': (64, 32), 'regressor__model__learning_rate_init': 0.0001}"
2022-01-14 07:00:00,Naive,7,2.2355686269600343,2.3915527527066867,2020-01-14 07:00:00,2022-01-14 07:00:00,2022-01-14 07:00:00,731,1,,,not_applicable
2022-01-15 07:00:00,Decision Tree,7,2.315542220257675,2.5022420764498015,2020-01-15 07:00:00,2022-01-15 07:00:00,2022-01-15 07:00:00,731,1,-0.42290985504429074,0.42290985504429074,"{'max_depth': None, 'min_samples_leaf': 1, 'min_samples_split': 20}"
2022-01-15 07:00:00,ARX,7,2.315542220257675,2.529408706599461,2020-01-15 07:00:00,2022-01-15 07:00:00,2022-01-15 07:00:00,731,1,-0.3032104293734177,0.3032104293734177,{'model__alpha': 0.01}
2022-01-15 07:00:00,Random Forest,7,2.315542220257675,2.382192031186634,2020-01-15 07:00:00,2022-01-15 07:00:00,2022-01-15 07:00:00,731,1,-0.28640559026943707,0.28640559026943707,"{'max_depth': 10, 'max_features': 0.5, 'min_samples_leaf': 2, 'n_estimators': 100}"
2022-01-15 07:00:00,Neural Network,7,2.315542220257675,2.1921621549607786,2020-01-15 07:00:00,2022-01-15 07:00:00,2022-01-15 07:00:00,731,1,-0.35941423956503044,0.35941423956503044,"{'regressor__model__alpha': 0.0001, 'regressor__model__hidden_layer_sizes': (64, 32), 'regressor__model__learning_rate_init': 0.0001}"
2022-01-15 07:00:00,Naive,7,2.315542220257675,2.2355686269600343,2020-01-15 07:00:00,2022-01-15 07:00:00,2022-01-15 07:00:00,731,1,,,not_applicable
2022-01-16 07:00:00,Decision Tree,7,1.5714682062246863,1.1635679502531955,2020-01-16 07:00:00,2022-01-16 07:00:00,2022-01-16 07:00:00,731,1,-0.42290985504429074,0.42290985504429074,"{'max_depth': None, 'min_samples_leaf': 1, 'min_samples_split': 20}"
2022-01-16 07:00:00,ARX,7,1.5714682062246863,2.012291535911443,2020-01-16 07:00:00,2022-01-16 07:00:00,2022-01-16 07:00:00,731,1,-0.3032104293734177,0.3032104293734177,{'model__alpha': 0.01}
2022-01-16 07:00:00,Random Forest,7,1.5714682062246863,2.090042981615136,2020-01-16 07:00:00,2022-01-16 07:00:00,2022-01-16 07:00:00,731,1,-0.28640559026943707,0.28640559026943707,"{'max_depth': 10, 'max_features': 0.5, 'min_samples_leaf': 2, 'n_estimators': 100}"
2022-01-16 07:00:00,Neural Network,7,1.5714682062246863,1.373772821479152,2020-01-16 07:00:00,2022-01-16 07:00:00,2022-01-16 07:00:00,731,1,-0.35941423956503044,0.35941423956503044,"{'regressor__model__alpha': 0.0001, 'regressor__model__hidden_layer_sizes': (64, 32), 'regressor__model__learning_rate_init': 0.0001}"
2022-01-16 07:00:00,Naive,7,1.5714682062246863,2.315542220257675,2020-01-16 07:00:00,2022-01-16 07:00:00,2022-01-16 07:00:00,731,1,,,not_applicable
2022-01-17 07:00:00,Decision Tree,7,1.333646669195354,1.5060410935989983,2020-01-17 07:00:00,2022-01-17 07:00:00,2022-01-17 07:00:00,731,1,-0.42290985504429074,0.42290985504429074,"{'max_depth': None, 'min_samples_leaf': 1, 'min_samples_split': 20}"
2022-01-17 07:00:00,ARX,7,1.333646669195354,1.8451145541227174,2020-01-17 07:00:00,2022-01-17 07:00:00,2022-01-17 07:00:00,731,1,-0.3032104293734177,0.3032104293734177,{'model__alpha': 0.01}
2022-01-17 07:00:00,Random Forest,7,1.333646669195354,2.0196919359107866,2020-01-17 07:00:00,2022-01-17 07:00:00,2022-01-17 07:00:00,731,1,-0.28640559026943707,0.28640559026943707,"{'max_depth': 10, 'max_features': 0.5, 'min_samples_leaf': 2, 'n_estimators': 100}"
2022-01-17 07:00:00,Neural Network,7,1.333646669195354,1.0542423257484599,2020-01-17 07:00:00,2022-01-17 07:00:00,2022-01-17 07:00:00,731,1,-0.35941423956503044,0.35941423956503044,"{'regressor__model__alpha': 0.0001, 'regressor__model__hidden_layer_sizes': (64, 32), 'regressor__model__learning_rate_init': 0.0001}"
2022-01-17 07:00:00,Naive,7,1.333646669195354,1.5714682062246863,2020-01-17 07:00:00,2022-01-17 07:00:00,2022-01-17 07:00:00,731,1,,,not_applicable
2022-01-18 07:00:00,Decision Tree,7,2.6586425602200747,2.8844510643019845,2020-01-18 07:00:00,2022-01-18 07:00:00,2022-01-18 07:00:00,731,1,-0.42290985504429074,0.42290985504429074,"{'max_depth': None, 'min_samples_leaf': 1, 'min_samples_split': 20}"
2022-01-18 07:00:00,ARX,7,2.6586425602200747,3.2331549398973864,2020-01-18 07:00:00,2022-01-18 07:00:00,2022-01-18 07:00:00,731,1,-0.3032104293734177,0.3032104293734177,{'model__alpha': 0.01}
2022-01-18 07:00:00,Random Forest,7,2.6586425602200747,2.6657318788796585,2020-01-18 07:00:00,2022-01-18 07:00:00,2022-01-18 07:00:00,731,1,-0.28640559026943707,0.28640559026943707,"{'max_depth': 10, 'max_features': 0.5, 'min_samples_leaf': 2, 'n_estimators': 100}"
2022-01-18 07:00:00,Neural Network,7,2.6586425602200747,2.752101349991971,2020-01-18 07:00:00,2022-01-18 07:00:00,2022-01-18 07:00:00,731,1,-0.35941423956503044,0.35941423956503044,"{'regressor__model__alpha': 0.0001, 'regressor__model__hidden_layer_sizes': (64, 32), 'regressor__model__learning_rate_init': 0.0001}"
2022-01-18 07:00:00,Naive,7,2.6586425602200747,1.333646669195354,2020-01-18 07:00:00,2022-01-18 07:00:00,2022-01-18 07:00:00,731,1,,,not_applicable
2022-01-19 07:00:00,Decision Tree,7,2.426998423162556,2.696373463468944,2020-01-19 07:00:00,2022-01-19 07:00:00,2022-01-19 07:00:00,731,1,-0.42290985504429074,0.42290985504429074,"{'max_depth': None, 'min_samples_leaf': 1, 'min_samples_split': 20}"
2022-01-19 07:00:00,ARX,7,2.426998423162556,2.981079740929027,2020-01-19 07:00:00,2022-01-19 07:00:00,2022-01-19 07:00:00,731,1,-0.3032104293734177,0.3032104293734177,{'model__alpha': 0.01}
2022-01-19 07:00:00,Random Forest,7,2.426998423162556,2.569751875999559,2020-01-19 07:00:00,2022-01-19 07:00:00,2022-01-19 07:00:00,731,1,-0.28640559026943707,0.28640559026943707,"{'max_depth': 10, 'max_features': 0.5, 'min_samples_leaf': 2, 'n_estimators': 100}"
2022-01-19 07:00:00,Neural Network,7,2.426998423162556,2.5927521553849493,2020-01-19 07:00:00,2022-01-19 07:00:00,2022-01-19 07:00:00,731,1,-0.35941423956503044,0.35941423956503044,"{'regressor__model__alpha': 0.0001, 'regressor__model__hidden_layer_sizes': (64, 32), 'regressor__model__learning_rate_init': 0.0001}"
2022-01-19 07:00:00,Naive,7,2.426998423162556,2.6586425602200747,2020-01-19 07:00:00,2022-01-19 07:00:00,2022-01-19 07:00:00,731,1,,,not_applicable
2022-01-20 07:00:00,Decision Tree,7,1.5415657065804047,1.5197530268456585,2020-01-20 07:00:00,2022-01-20 07:00:00,2022-01-20 07:00:00,731,1,-0.42290985504429074,0.42290985504429074,"{'max_depth': None, 'min_samples_leaf': 1, 'min_samples_split': 20}"
2022-01-20 07:00:00,ARX,7,1.5415657065804047,1.7937852222833963,2020-01-20 07:00:00,2022-01-20 07:00:00,2022-01-20 07:00:00,731,1,-0.3032104293734177,0.3032104293734177,{'model__alpha': 0.01}
2022-01-20 07:00:00,Random Forest,7,1.5415657065804047,2.0847011714134522,2020-01-20 07:00:00,2022-01-20 07:00:00,2022-01-20 07:00:00,731,1,-0.28640559026943707,0.28640559026943707,"{'max_depth': 10, 'max_features': 0.5, 'min_samples_leaf': 2, 'n_estimators': 100}"
2022-01-20 07:00:00,Neural Network,7,1.5415657065804047,1.3778119459271314,2020-01-20 07:00:00,2022-01-20 07:00:00,2022-01-20 07:00:00,731,1,-0.35941423956503044,0.35941423956503044,"{'regressor__model__alpha': 0.0001, 'regressor__model__hidden_layer_sizes': (64, 32), 'regressor__model__learning_rate_init': 0.0001}"
2022-01-20 07:00:00,Naive,7,1.5415657065804047,2.426998423162556,2020-01-20 07:00:00,2022-01-20 07:00:00,2022-01-20 07:00:00,731,1,,,not_applicable
2022-01-21 07:00:00,Decision Tree,7,2.302587785286503,1.5233884734681162,2020-01-21 07:00:00,2022-01-21 07:00:00,2022-01-21 07:00:00,731,1,-0.42290985504429074,0.42290985504429074,"{'max_depth': None, 'min_samples_leaf': 1, 'min_samples_split': 20}"
2022-01-21 07:00:00,ARX,7,2.302587785286503,2.366723699372545,2020-01-21 07:00:00,2022-01-21 07:00:00,2022-01-21 07:00:00,731,1,-0.3032104293734177,0.3032104293734177,{'model__alpha': 0.01}
2022-01-21 07:00:00,Random Forest,7,2.302587785286503,2.01400829240445,2020-01-21 07:00:00,2022-01-21 07:00:00,2022-01-21 07:00:00,731,1,-0.28640559026943707,0.28640559026943707,"{'max_depth': 10, 'max_features': 0.5, 'min_samples_leaf': 2, 'n_estimators': 100}"
2022-01-21 07:00:00,Neural Network,7,2.302587785286503,1.7640104206029306,2020-01-21 07:00:00,2022-01-21 07:00:00,2022-01-21 07:00:00,731,1,-0.35941423956503044,0.35941423956503044,"{'regressor__model__alpha': 0.0001, 'regressor__model__hidden_layer_sizes': (64, 32), 'regressor__model__learning_rate_init': 0.0001}"
2022-01-21 07:00:00,Naive,7,2.302587785286503,1.5415657065804047,2020-01-21 07:00:00,2022-01-21 07:00:00,2022-01-21 07:00:00,731,1,,,not_applicable
2022-01-22 07:00:00,Decision Tree,7,1.8539371987324904,1.3204553320476369,2020-01-22 07:00:00,2022-01-22 07:00:00,2022-01-22 07:00:00,731,1,-0.42290985504429074,0.42290985504429074,"{'max_depth': None, 'min_samples_leaf': 1, 'min_samples_split': 20}"
2022-01-22 07:00:00,ARX,7,1.8539371987324904,1.7506079657625937,2020-01-22 07:00:00,2022-01-22 07:00:00,2022-01-22 07:00:00,731,1,-0.3032104293734177,0.3032104293734177,{'model__alpha': 0.01}
2022-01-22 07:00:00,Random Forest,7,1.8539371987324904,1.6871010711694716,2020-01-22 07:00:00,2022-01-22 07:00:00,2022-01-22 07:00:00,731,1,-0.28640559026943707,0.28640559026943707,"{'max_depth': 10, 'max_features': 0.5, 'min_samples_leaf': 2, 'n_estimators': 100}"
2022-01-22 07:00:00,Neural Network,7,1.8539371987324904,1.8406901799593816,2020-01-22 07:00:00,2022-01-22 07:00:00,2022-01-22 07:00:00,731,1,-0.35941423956503044,0.35941423956503044,"{'regressor__model__alpha': 0.0001, 'regressor__model__hidden_layer_sizes': (64, 32), 'regressor__model__learning_rate_init': 0.0001}"
2022-01-22 07:00:00,Naive,7,1.8539371987324904,2.302587785286503,2020-01-22 07:00:00,2022-01-22 07:00:00,2022-01-22 07:00:00,731,1,,,not_applicable
2022-01-23 07:00:00,Decision Tree,7,2.0562620748465688,2.2863429744774706,2020-01-23 07:00:00,2022-01-23 07:00:00,2022-01-23 07:00:00,731,1,-0.42290985504429074,0.42290985504429074,"{'max_depth': None, 'min_samples_leaf': 1, 'min_samples_split': 20}"
2022-01-23 07:00:00,ARX,7,2.0562620748465688,1.8862885044951403,2020-01-23 07:00:00,2022-01-23 07:00:00,2022-01-23 07:00:00,731,1,-0.3032104293734177,0.3032104293734177,{'model__alpha': 0.01}
2022-01-23 07:00:00,Random Forest,7,2.0562620748465688,1.982035844658195,2020-01-23 07:00:00,2022-01-23 07:00:00,2022-01-23 07:00:00,731,1,-0.28640559026943707,0.28640559026943707,"{'max_depth': 10, 'max_features': 0.5, 'min_samples_leaf': 2, 'n_estimators': 100}"
2022-01-23 07:00:00,Neural Network,7,2.0562620748465688,1.712164124977646,2020-01-23 07:00:00,2022-01-23 07:00:00,2022-01-23 07:00:00,731,1,-0.35941423956503044,0.35941423956503044,"{'regressor__model__alpha': 0.0001, 'regressor__model__hidden_layer_sizes': (64, 32), 'regressor__model__learning_rate_init': 0.0001}"
2022-01-23 07:00:00,Naive,7,2.0562620748465688,1.8539371987324904,2020-01-23 07:00:00,2022-01-23 07:00:00,2022-01-23 07:00:00,731,1,,,not_applicable
2022-01-24 07:00:00,Decision Tree,7,2.5946268659825056,2.6875634351843787,2020-01-24 07:00:00,2022-01-24 07:00:00,2022-01-24 07:00:00,731,1,-0.42290985504429074,0.42290985504429074,"{'max_depth': None, 'min_samples_leaf': 1, 'min_samples_split': 20}"
2022-01-24 07:00:00,ARX,7,2.5946268659825056,3.197607854208864,2020-01-24 07:00:00,2022-01-24 07:00:00,2022-01-24 07:00:00,731,1,-0.3032104293734177,0.3032104293734177,{'model__alpha': 0.01}
2022-01-24 07:00:00,Random Forest,7,2.5946268659825056,2.46058073040076,2020-01-24 07:00:00,2022-01-24 07:00:00,2022-01-24 07:00:00,731,1,-0.28640559026943707,0.28640559026943707,"{'max_depth': 10, 'max_features': 0.5, 'min_samples_leaf': 2, 'n_estimators': 100}"
2022-01-24 07:00:00,Neural Network,7,2.5946268659825056,2.6764754436293003,2020-01-24 07:00:00,2022-01-24 07:00:00,2022-01-24 07:00:00,731,1,-0.35941423956503044,0.35941423956503044,"{'regressor__model__alpha': 0.0001, 'regressor__model__hidden_layer_sizes': (64, 32), 'regressor__model__learning_rate_init': 0.0001}"
2022-01-24 07:00:00,Naive,7,2.5946268659825056,2.0562620748465688,2020-01-24 07:00:00,2022-01-24 07:00:00,2022-01-24 07:00:00,731,1,,,not_applicable
2022-01-25 07:00:00,Decision Tree,7,2.936225277462438,2.6758704763944237,2020-01-25 07:00:00,2022-01-25 07:00:00,2022-01-25 07:00:00,731,1,-0.42290985504429074,0.42290985504429074,"{'max_depth': None, 'min_samples_leaf': 1, 'min_samples_split': 20}"
2022-01-25 07:00:00,ARX,7,2.936225277462438,3.3823697714885275,2020-01-25 07:00:00,2022-01-25 07:00:00,2022-01-25 07:00:00,731,1,-0.3032104293734177,0.3032104293734177,{'model__alpha': 0.01}
2022-01-25 07:00:00,Random Forest,7,2.936225277462438,2.699343072321919,2020-01-25 07:00:00,2022-01-25 07:00:00,2022-01-25 07:00:00,731,1,-0.28640559026943707,0.28640559026943707,"{'max_depth': 10, 'max_features': 0.5, 'min_samples_leaf': 2, 'n_estimators': 100}"
2022-01-25 07:00:00,Neural Network,7,2.936225277462438,2.7184862713796143,2020-01-25 07:00:00,2022-01-25 07:00:00,2022-01-25 07:00:00,731,1,-0.35941423956503044,0.35941423956503044,"{'regressor__model__alpha': 0.0001, 'regressor__model__hidden_layer_sizes': (64, 32), 'regressor__model__learning_rate_init': 0.0001}"
2022-01-25 07:00:00,Naive,7,2.936225277462438,2.5946268659825056,2020-01-25 07:00:00,2022-01-25 07:00:00,2022-01-25 07:00:00,731,1,,,not_applicable
2022-01-26 07:00:00,Decision Tree,7,2.709067690394778,2.6551951360230124,2020-01-26 07:00:00,2022-01-26 07:00:00,2022-01-26 07:00:00,731,1,-0.42290985504429074,0.42290985504429074,"{'max_depth': None, 'min_samples_leaf': 1, 'min_samples_split': 20}"
2022-01-26 07:00:00,ARX,7,2.709067690394778,2.961867002249586,2020-01-26 07:00:00,2022-01-26 07:00:00,2022-01-26 07:00:00,731,1,-0.3032104293734177,0.3032104293734177,{'model__alpha': 0.01}
2022-01-26 07:00:00,Random Forest,7,2.709067690394778,2.7287567168762585,2020-01-26 07:00:00,2022-01-26 07:00:00,2022-01-26 07:00:00,731,1,-0.28640559026943707,0.28640559026943707,"{'max_depth': 10, 'max_features': 0.5, 'min_samples_leaf': 2, 'n_estimators': 100}"
2022-01-26 07:00:00,Neural Network,7,2.709067690394778,2.6405828937865707,2020-01-26 07:00:00,2022-01-26 07:00:00,2022-01-26 07:00:00,731,1,-0.35941423956503044,0.35941423956503044,"{'regressor__model__alpha': 0.0001, 'regressor__model__hidden_layer_sizes': (64, 32), 'regressor__model__learning_rate_init': 0.0001}"
2022-01-26 07:00:00,Naive,7,2.709067690394778,2.936225277462438,2020-01-26 07:00:00,2022-01-26 07:00:00,2022-01-26 07:00:00,731,1,,,not_applicable
2022-01-27 07:00:00,Decision Tree,7,1.733145943141444,1.6838860520259296,2020-01-27 07:00:00,2022-01-27 07:00:00,2022-01-27 07:00:00,731,1,-0.42290985504429074,0.42290985504429074,"{'max_depth': None, 'min_samples_leaf': 1, 'min_samples_split': 20}"
2022-01-27 07:00:00,ARX,7,1.733145943141444,1.8426070690523717,2020-01-27 07:00:00,2022-01-27 07:00:00,2022-01-27 07:00:00,731,1,-0.3032104293734177,0.3032104293734177,{'model__alpha': 0.01}
2022-01-27 07:00:00,Random Forest,7,1.733145943141444,2.298446161235237,2020-01-27 07:00:00,2022-01-27 07:00:00,2022-01-27 07:00:00,731,1,-0.28640559026943707,0.28640559026943707,"{'max_depth': 10, 'max_features': 0.5, 'min_samples_leaf': 2, 'n_estimators': 100}"
2022-01-27 07:00:00,Neural Network,7,1.733145943141444,1.860271195287185,2020-01-27 07:00:00,2022-01-27 07:00:00,2022-01-27 07:00:00,731,1,-0.35941423956503044,0.35941423956503044,"{'regressor__model__alpha': 0.0001, 'regressor__model__hidden_layer_sizes': (64, 32), 'regressor__model__learning_rate_init': 0.0001}"
2022-01-27 07:00:00,Naive,7,1.733145943141444,2.709067690394778,2020-01-27 07:00:00,2022-01-27 07:00:00,2022-01-27 07:00:00,731,1,,,not_applicable
2022-01-28 07:00:00,Decision Tree,7,2.04808132909464,1.9318657724173824,2020-01-28 07:00:00,2022-01-28 07:00:00,2022-01-28 07:00:00,731,1,-0.42290985504429074,0.42290985504429074,"{'max_depth': None, 'min_samples_leaf': 1, 'min_samples_split': 20}"
2022-01-28 07:00:00,ARX,7,2.04808132909464,1.7401796581030613,2020-01-28 07:00:00,2022-01-28 07:00:00,2022-01-28 07:00:00,731,1,-0.3032104293734177,0.3032104293734177,{'model__alpha': 0.01}
2022-01-28 07:00:00,Random Forest,7,2.04808132909464,1.8926249317879411,2020-01-28 07:00:00,2022-01-28 07:00:00,2022-01-28 07:00:00,731,1,-0.28640559026943707,0.28640559026943707,"{'max_depth': 10, 'max_features': 0.5, 'min_samples_leaf': 2, 'n_estimators': 100}"
2022-01-28 07:00:00,Neural Network,7,2.04808132909464,1.2240488636206581,2020-01-28 07:00:00,2022-01-28 07:00:00,2022-01-28 07:00:00,731,1,-0.35941423956503044,0.35941423956503044,"{'regressor__model__alpha': 0.0001, 'regressor__model__hidden_layer_sizes': (64, 32), 'regressor__model__learning_rate_init': 0.0001}"
2022-01-28 07:00:00,Naive,7,2.04808132909464,1.733145943141444,2020-01-28 07:00:00,2022-01-28 07:00:00,2022-01-28 07:00:00,731,1,,,not_applicable
2022-01-29 07:00:00,Decision Tree,7,0.9684357675178827,1.5094495474256424,2020-01-29 07:00:00,2022-01-29 07:00:00,2022-01-29 07:00:00,731,1,-0.42290985504429074,0.42290985504429074,"{'max_depth': None, 'min_samples_leaf': 1, 'min_samples_split': 20}"
2022-01-29 07:00:00,ARX,7,0.9684357675178827,1.1979471542655973,2020-01-29 07:00:00,2022-01-29 07:00:00,2022-01-29 07:00:00,731,1,-0.3032104293734177,0.3032104293734177,{'model__alpha': 0.01}
2022-01-29 07:00:00,Random Forest,7,0.9684357675178827,1.9034925284071322,2020-01-29 07:00:00,2022-01-29 07:00:00,2022-01-29 07:00:00,731,1,-0.28640559026943707,0.28640559026943707,"{'max_depth': 10, 'max_features': 0.5, 'min_samples_leaf': 2, 'n_estimators': 100}"
2022-01-29 07:00:00,Neural Network,7,0.9684357675178827,0.6118983493933607,2020-01-29 07:00:00,2022-01-29 07:00:00,2022-01-29 07:00:00,731,1,-0.35941423956503044,0.35941423956503044,"{'regressor__model__alpha': 0.0001, 'regressor__model__hidden_layer_sizes': (64, 32), 'regressor__model__learning_rate_init': 0.0001}"
2022-01-29 07:00:00,Naive,7,0.9684357675178827,2.04808132909464,2020-01-29 07:00:00,2022-01-29 07:00:00,2022-01-29 07:00:00,731,1,,,not_applicable
2022-01-30 07:00:00,Decision Tree,7,-0.9628292017373725,1.044832707352897,2020-01-30 07:00:00,2022-01-30 07:00:00,2022-01-30 07:00:00,731,1,-0.42290985504429074,0.42290985504429074,"{'max_depth': None, 'min_samples_leaf': 1, 'min_samples_split': 20}"
2022-01-30 07:00:00,ARX,7,-0.9628292017373725,0.3399826882368546,2020-01-30 07:00:00,2022-01-30 07:00:00,2022-01-30 07:00:00,731,1,-0.3032104293734177,0.3032104293734177,{'model__alpha': 0.01}
2022-01-30 07:00:00,Random Forest,7,-0.9628292017373725,0.08372343097725517,2020-01-30 07:00:00,2022-01-30 07:00:00,2022-01-30 07:00:00,731,1,-0.28640559026943707,0.28640559026943707,"{'max_depth': 10, 'max_features': 0.5, 'min_samples_leaf': 2, 'n_estimators': 100}"
2022-01-30 07:00:00,Neural Network,7,-0.9628292017373725,-0.17235634445753323,2020-01-30 07:00:00,2022-01-30 07:00:00,2022-01-30 07:00:00,731,1,-0.35941423956503044,0.35941423956503044,"{'regressor__model__alpha': 0.0001, 'regressor__model__hidden_layer_sizes': (64, 32), 'regressor__model__learning_rate_init': 0.0001}"
2022-01-30 07:00:00,Naive,7,-0.9628292017373725,0.9684357675178827,2020-01-30 07:00:00,2022-01-30 07:00:00,2022-01-30 07:00:00,731,1,,,not_applicable
2022-01-31 07:00:00,Decision Tree,7,2.4339995366097544,1.5486905672670928,2020-01-31 07:00:00,2022-01-31 07:00:00,2022-01-31 07:00:00,731,1,-0.42290985504429074,0.42290985504429074,"{'max_depth': None, 'min_samples_leaf': 1, 'min_samples_split': 20}"
2022-01-31 07:00:00,ARX,7,2.4339995366097544,2.3238282723122374,2020-01-31 07:00:00,2022-01-31 07:00:00,2022-01-31 07:00:00,731,1,-0.3032104293734177,0.3032104293734177,{'model__alpha': 0.01}
2022-01-31 07:00:00,Random Forest,7,2.4339995366097544,2.0428047359954355,2020-01-31 07:00:00,2022-01-31 07:00:00,2022-01-31 07:00:00,731,1,-0.28640559026943707,0.28640559026943707,"{'max_depth': 10, 'max_features': 0.5, 'min_samples_leaf': 2, 'n_estimators': 100}"
2022-01-31 07:00:00,Neural Network,7,2.4339995366097544,1.7547865551955328,2020-01-31 07:00:00,2022-01-31 07:00:00,2022-01-31 07:00:00,731,1,-0.35941423956503044,0.35941423956503044,"{'regressor__model__alpha': 0.0001, 'regressor__model__hidden_layer_sizes': (64, 32), 'regressor__model__learning_rate_init': 0.0001}"
2022-01-31 07:00:00,Naive,7,2.4339995366097544,-0.9628292017373725,2020-01-31 07:00:00,2022-01-31 07:00:00,2022-01-31 07:00:00,731,1,,,not_applicable
2022-02-01 07:00:00,Decision Tree,7,2.4267994422492305,1.832910338138753,2020-02-01 07:00:00,2022-02-01 07:00:00,2022-02-01 07:00:00,731,1,-0.42290985504429074,0.42290985504429074,"{'max_depth': None, 'min_samples_leaf': 1, 'min_samples_split': 20}"
2022-02-01 07:00:00,ARX,7,2.4267994422492305,2.35821270004674,2020-02-01 07:00:00,2022-02-01 07:00:00,2022-02-01 07:00:00,731,1,-0.3032104293734177,0.3032104293734177,{'model__alpha': 0.01}
2022-02-01 07:00:00,Random Forest,7,2.4267994422492305,2.3781652579586465,2020-02-01 07:00:00,2022-02-01 07:00:00,2022-02-01 07:00:00,731,1,-0.28640559026943707,0.28640559026943707,"{'max_depth': 10, 'max_features': 0.5, 'min_samples_leaf': 2, 'n_estimators': 100}"
2022-02-01 07:00:00,Neural Network,7,2.4267994422492305,1.8657080339385548,2020-02-01 07:00:00,2022-02-01 07:00:00,2022-02-01 07:00:00,731,1,-0.35941423956503044,0.35941423956503044,"{'regressor__model__alpha': 0.0001, 'regressor__model__hidden_layer_sizes': (64, 32), 'regressor__model__learning_rate_init': 0.0001}"
2022-02-01 07:00:00,Naive,7,2.4267994422492305,2.4339995366097544,2020-02-01 07:00:00,2022-02-01 07:00:00,2022-02-01 07:00:00,731,1,,,not_applicable
2022-02-02 07:00:00,Decision Tree,7,1.6864822134994757,1.4234377219135361,2020-02-02 07:00:00,2022-02-02 07:00:00,2022-02-02 07:00:00,731,1,-0.42290985504429074,0.42290985504429074,"{'max_depth': None, 'min_samples_leaf': 1, 'min_samples_split': 20}"
2022-02-02 07:00:00,ARX,7,1.6864822134994757,1.318401959253487,2020-02-02 07:00:00,2022-02-02 07:00:00,2022-02-02 07:00:00,731,1,-0.3032104293734177,0.3032104293734177,{'model__alpha': 0.01}
2022-02-02 07:00:00,Random Forest,7,1.6864822134994757,1.550064734352848,2020-02-02 07:00:00,2022-02-02 07:00:00,2022-02-02 07:00:00,731,1,-0.28640559026943707,0.28640559026943707,"{'max_depth': 10, 'max_features': 0.5, 'min_samples_leaf': 2, 'n_estimators': 100}"
2022-02-02 07:00:00,Neural Network,7,1.6864822134994757,1.1329398159281983,2020-02-02 07:00:00,2022-02-02 07:00:00,2022-02-02 07:00:00,731,1,-0.35941423956503044,0.35941423956503044,"{'regressor__model__alpha': 0.0001, 'regressor__model__hidden_layer_sizes': (64, 32), 'regressor__model__learning_rate_init': 0.0001}"
2022-02-02 07:00:00,Naive,7,1.6864822134994757,2.4267994422492305,2020-02-02 07:00:00,2022-02-02 07:00:00,2022-02-02 07:00:00,731,1,,,not_applicable
2022-02-03 07:00:00,Decision Tree,7,2.259135870231898,2.669848503814291,2020-02-03 07:00:00,2022-02-03 07:00:00,2022-02-03 07:00:00,731,1,-0.42290985504429074,0.42290985504429074,"{'max_depth': None, 'min_samples_leaf': 1, 'min_samples_split': 20}"
2022-02-03 07:00:00,ARX,7,2.259135870231898,2.4878839165051367,2020-02-03 07:00:00,2022-02-03 07:00:00,2022-02-03 07:00:00,731,1,-0.3032104293734177,0.3032104293734177,{'model__alpha': 0.01}
2022-02-03 07:00:00,Random Forest,7,2.259135870231898,2.3582068129574068,2020-02-03 07:00:00,2022-02-03 07:00:00,2022-02-03 07:00:00,731,1,-0.28640559026943707,0.28640559026943707,"{'max_depth': 10, 'max_features': 0.5, 'min_samples_leaf': 2, 'n_estimators': 100}"
2022-02-03 07:00:00,Neural Network,7,2.259135870231898,2.654755975024911,2020-02-03 07:00:00,2022-02-03 07:00:00,2022-02-03 07:00:00,731,1,-0.35941423956503044,0.35941423956503044,"{'regressor__model__alpha': 0.0001, 'regressor__model__hidden_layer_sizes': (64, 32), 'regressor__model__learning_rate_init': 0.0001}"
2022-02-03 07:00:00,Naive,7,2.259135870231898,1.6864822134994757,2020-02-03 07:00:00,2022-02-03 07:00:00,2022-02-03 07:00:00,731,1,,,not_applicable
2022-02-04 07:00:00,Decision Tree,7,2.141505119764582,2.423717089034219,2020-02-04 07:00:00,2022-02-04 07:00:00,2022-02-04 07:00:00,731,1,-0.42290985504429074,0.42290985504429074,"{'max_depth': None, 'min_samples_leaf': 1, 'min_samples_split': 20}"
2022-02-04 07:00:00,ARX,7,2.141505119764582,2.2460382559945646,2020-02-04 07:00:00,2022-02-04 07:00:00,2022-02-04 07:00:00,731,1,-0.3032104293734177,0.3032104293734177,{'model__alpha': 0.01}
2022-02-04 07:00:00,Random Forest,7,2.141505119764582,2.200009592988659,2020-02-04 07:00:00,2022-02-04 07:00:00,2022-02-04 07:00:00,731,1,-0.28640559026943707,0.28640559026943707,"{'max_depth': 10, 'max_features': 0.5, 'min_samples_leaf': 2, 'n_estimators': 100}"
2022-02-04 07:00:00,Neural Network,7,2.141505119764582,1.6768453332366517,2020-02-04 07:00:00,2022-02-04 07:00:00,2022-02-04 07:00:00,731,1,-0.35941423956503044,0.35941423956503044,"{'regressor__model__alpha': 0.0001, 'regressor__model__hidden_layer_sizes': (64, 32), 'regressor__model__learning_rate_init': 0.0001}"
2022-02-04 07:00:00,Naive,7,2.141505119764582,2.259135870231898,2020-02-04 07:00:00,2022-02-04 07:00:00,2022-02-04 07:00:00,731,1,,,not_applicable
2022-02-05 07:00:00,Decision Tree,7,1.4052461021630478,1.5094570296566965,2020-02-05 07:00:00,2022-02-05 07:00:00,2022-02-05 07:00:00,731,1,-0.42290985504429074,0.42290985504429074,"{'max_depth': None, 'min_samples_leaf': 1, 'min_samples_split': 20}"
2022-02-05 07:00:00,ARX,7,1.4052461021630478,0.9293002720630869,2020-02-05 07:00:00,2022-02-05 07:00:00,2022-02-05 07:00:00,731,1,-0.3032104293734177,0.3032104293734177,{'model__alpha': 0.01}
2022-02-05 07:00:00,Random Forest,7,1.4052461021630478,1.2604970586235702,2020-02-05 07:00:00,2022-02-05 07:00:00,2022-02-05 07:00:00,731,1,-0.28640559026943707,0.28640559026943707,"{'max_depth': 10, 'max_features': 0.5, 'min_samples_leaf': 2, 'n_estimators': 100}"
2022-02-05 07:00:00,Neural Network,7,1.4052461021630478,-0.1284572538556482,2020-02-05 07:00:00,2022-02-05 07:00:00,2022-02-05 07:00:00,731,1,-0.35941423956503044,0.35941423956503044,"{'regressor__model__alpha': 0.0001, 'regressor__model__hidden_layer_sizes': (64, 32), 'regressor__model__learning_rate_init': 0.0001}"
2022-02-05 07:00:00,Naive,7,1.4052461021630478,2.141505119764582,2020-02-05 07:00:00,2022-02-05 07:00:00,2022-02-05 07:00:00,731,1,,,not_applicable
2022-02-06 07:00:00,Decision Tree,7,-1.062047855012076,0.7410942073467354,2020-02-06 07:00:00,2022-02-06 07:00:00,2022-02-06 07:00:00,731,1,-0.42290985504429074,0.42290985504429074,"{'max_depth': None, 'min_samples_leaf': 1, 'min_samples_split': 20}"
2022-02-06 07:00:00,ARX,7,-1.062047855012076,-0.4782218273884057,2020-02-06 07:00:00,2022-02-06 07:00:00,2022-02-06 07:00:00,731,1,-0.3032104293734177,0.3032104293734177,{'model__alpha': 0.01}
2022-02-06 07:00:00,Random Forest,7,-1.062047855012076,-0.24665921316798148,2020-02-06 07:00:00,2022-02-06 07:00:00,2022-02-06 07:00:00,731,1,-0.28640559026943707,0.28640559026943707,"{'max_depth': 10, 'max_features': 0.5, 'min_samples_leaf': 2, 'n_estimators': 100}"
2022-02-06 07:00:00,Neural Network,7,-1.062047855012076,-0.9411714980683237,2020-02-06 07:00:00,2022-02-06 07:00:00,2022-02-06 07:00:00,731,1,-0.35941423956503044,0.35941423956503044,"{'regressor__model__alpha': 0.0001, 'regressor__model__hidden_layer_sizes': (64, 32), 'regressor__model__learning_rate_init': 0.0001}"
2022-02-06 07:00:00,Naive,7,-1.062047855012076,1.4052461021630478,2020-02-06 07:00:00,2022-02-06 07:00:00,2022-02-06 07:00:00,731,1,,,not_applicable
2022-02-07 07:00:00,Decision Tree,7,1.5633294001117914,1.4840535678889628,2020-02-07 07:00:00,2022-02-07 07:00:00,2022-02-07 07:00:00,731,1,-0.42290985504429074,0.42290985504429074,"{'max_depth': None, 'min_samples_leaf': 1, 'min_samples_split': 20}"
2022-02-07 07:00:00,ARX,7,1.5633294001117914,1.6206950888948215,2020-02-07 07:00:00,2022-02-07 07:00:00,2022-02-07 07:00:00,731,1,-0.3032104293734177,0.3032104293734177,{'model__alpha': 0.01}
2022-02-07 07:00:00,Random Forest,7,1.5633294001117914,1.7405358988733164,2020-02-07 07:00:00,2022-02-07 07:00:00,2022-02-07 07:00:00,731,1,-0.28640559026943707,0.28640559026943707,"{'max_depth': 10, 'max_features': 0.5, 'min_samples_leaf': 2, 'n_estimators': 100}"
2022-02-07 07:00:00,Neural Network,7,1.5633294001117914,1.6731866069509467,2020-02-07 07:00:00,2022-02-07 07:00:00,2022-02-07 07:00:00,731,1,-0.35941423956503044,0.35941423956503044,"{'regressor__model__alpha': 0.0001, 'regressor__model__hidden_layer_sizes': (64, 32), 'regressor__model__learning_rate_init': 0.0001}"
2022-02-07 07:00:00,Naive,7,1.5633294001117914,-1.062047855012076,2020-02-07 07:00:00,2022-02-07 07:00:00,2022-02-07 07:00:00,731,1,,,not_applicable
2022-02-08 07:00:00,Decision Tree,7,1.5637706458092082,1.4906598872408647,2020-02-08 07:00:00,2022-02-08 07:00:00,2022-02-08 07:00:00,731,1,-0.42290985504429074,0.42290985504429074,"{'max_depth': None, 'min_samples_leaf': 1, 'min_samples_split': 20}"
2022-02-08 07:00:00,ARX,7,1.5637706458092082,1.804833576544457,2020-02-08 07:00:00,2022-02-08 07:00:00,2022-02-08 07:00:00,731,1,-0.3032104293734177,0.3032104293734177,{'model__alpha': 0.01}
2022-02-08 07:00:00,Random Forest,7,1.5637706458092082,1.7452485062959004,2020-02-08 07:00:00,2022-02-08 07:00:00,2022-02-08 07:00:00,731,1,-0.28640559026943707,0.28640559026943707,"{'max_depth': 10, 'max_features': 0.5, 'min_samples_leaf': 2, 'n_estimators': 100}"
2022-02-08 07:00:00,Neural Network,7,1.5637706458092082,2.677642974449807,2020-02-08 07:00:00,2022-02-08 07:00:00,2022-02-08 07:00:00,731,1,-0.35941423956503044,0.35941423956503044,"{'regressor__model__alpha': 0.0001, 'regressor__model__hidden_layer_sizes': (64, 32), 'regressor__model__learning_rate_init': 0.0001}"
2022-02-08 07:00:00,Naive,7,1.5637706458092082,1.5633294001117914,2020-02-08 07:00:00,2022-02-08 07:00:00,2022-02-08 07:00:00,731,1,,,not_applicable
2022-02-09 07:00:00,Decision Tree,7,2.002896131947842,1.496283791746122,2020-02-09 07:00:00,2022-02-09 07:00:00,2022-02-09 07:00:00,731,1,-0.42290985504429074,0.42290985504429074,"{'max_depth': None, 'min_samples_leaf': 1, 'min_samples_split': 20}"
2022-02-09 07:00:00,ARX,7,2.002896131947842,2.0124849931859545,2020-02-09 07:00:00,2022-02-09 07:00:00,2022-02-09 07:00:00,731,1,-0.3032104293734177,0.3032104293734177,{'model__alpha': 0.01}
2022-02-09 07:00:00,Random Forest,7,2.002896131947842,1.8647405297603574,2020-02-09 07:00:00,2022-02-09 07:00:00,2022-02-09 07:00:00,731,1,-0.28640559026943707,0.28640559026943707,"{'max_depth': 10, 'max_features': 0.5, 'min_samples_leaf': 2, 'n_estimators': 100}"
2022-02-09 07:00:00,Neural Network,7,2.002896131947842,2.100469850352113,2020-02-09 07:00:00,2022-02-09 07:00:00,2022-02-09 07:00:00,731,1,-0.35941423956503044,0.35941423956503044,"{'regressor__model__alpha': 0.0001, 'regressor__model__hidden_layer_sizes': (64, 32), 'regressor__model__learning_rate_init': 0.0001}"
2022-02-09 07:00:00,Naive,7,2.002896131947842,1.5637706458092082,2020-02-09 07:00:00,2022-02-09 07:00:00,2022-02-09 07:00:00,731,1,,,not_applicable
2022-02-10 07:00:00,Decision Tree,7,2.353457867872228,2.185716424654994,2020-02-10 07:00:00,2022-02-10 07:00:00,2022-02-10 07:00:00,731,1,-0.42290985504429074,0.42290985504429074,"{'max_depth': None, 'min_samples_leaf': 1, 'min_samples_split': 20}"
2022-02-10 07:00:00,ARX,7,2.353457867872228,2.82626055692157,2020-02-10 07:00:00,2022-02-10 07:00:00,2022-02-10 07:00:00,731,1,-0.3032104293734177,0.3032104293734177,{'model__alpha': 0.01}
2022-02-10 07:00:00,Random Forest,7,2.353457867872228,2.39452985504114,2020-02-10 07:00:00,2022-02-10 07:00:00,2022-02-10 07:00:00,731,1,-0.28640559026943707,0.28640559026943707,"{'max_depth': 10, 'max_features': 0.5, 'min_samples_leaf': 2, 'n_estimators': 100}"
2022-02-10 07:00:00,Neural Network,7,2.353457867872228,2.3255206209908765,2020-02-10 07:00:00,2022-02-10 07:00:00,2022-02-10 07:00:00,731,1,-0.35941423956503044,0.35941423956503044,"{'regressor__model__alpha': 0.0001, 'regressor__model__hidden_layer_sizes': (64, 32), 'regressor__model__learning_rate_init': 0.0001}"
2022-02-10 07:00:00,Naive,7,2.353457867872228,2.002896131947842,2020-02-10 07:00:00,2022-02-10 07:00:00,2022-02-10 07:00:00,731,1,,,not_applicable
2022-02-11 07:00:00,Decision Tree,7,2.2847984965124266,2.2186508671254472,2020-02-11 07:00:00,2022-02-11 07:00:00,2022-02-11 07:00:00,731,1,-0.42290985504429074,0.42290985504429074,"{'max_depth': None, 'min_samples_leaf': 1, 'min_samples_split': 20}"
2022-02-11 07:00:00,ARX,7,2.2847984965124266,2.392711288595978,2020-02-11 07:00:00,2022-02-11 07:00:00,2022-02-11 07:00:00,731,1,-0.3032104293734177,0.3032104293734177,{'model__alpha': 0.01}
2022-02-11 07:00:00,Random Forest,7,2.2847984965124266,2.0841057751205008,2020-02-11 07:00:00,2022-02-11 07:00:00,2022-02-11 07:00:00,731,1,-0.28640559026943707,0.28640559026943707,"{'max_depth': 10, 'max_features': 0.5, 'min_samples_leaf': 2, 'n_estimators': 100}"
2022-02-11 07:00:00,Neural Network,7,2.2847984965124266,1.7695663473644525,2020-02-11 07:00:00,2022-02-11 07:00:00,2022-02-11 07:00:00,731,1,-0.35941423956503044,0.35941423956503044,"{'regressor__model__alpha': 0.0001, 'regressor__model__hidden_layer_sizes': (64, 32), 'regressor__model__learning_rate_init': 0.0001}"
2022-02-11 07:00:00,Naive,7,2.2847984965124266,2.353457867872228,2020-02-11 07:00:00,2022-02-11 07:00:00,2022-02-11 07:00:00,731,1,,,not_applicable
2022-02-12 07:00:00,Decision Tree,7,1.8780041089580262,2.3166568216852665,2020-02-12 07:00:00,2022-02-12 07:00:00,2022-02-12 07:00:00,731,1,-0.42290985504429074,0.42290985504429074,"{'max_depth': None, 'min_samples_leaf': 1, 'min_samples_split': 20}"
2022-02-12 07:00:00,ARX,7,1.8780041089580262,2.082763045933395,2020-02-12 07:00:00,2022-02-12 07:00:00,2022-02-12 07:00:00,731,1,-0.3032104293734177,0.3032104293734177,{'model__alpha': 0.01}
2022-02-12 07:00:00,Random Forest,7,1.8780041089580262,2.149985383966524,2020-02-12 07:00:00,2022-02-12 07:00:00,2022-02-12 07:00:00,731,1,-0.28640559026943707,0.28640559026943707,"{'max_depth': 10, 'max_features': 0.5, 'min_samples_leaf': 2, 'n_estimators': 100}"
2022-02-12 07:00:00,Neural Network,7,1.8780041089580262,1.5972691921717685,2020-02-12 07:00:00,2022-02-12 07:00:00,2022-02-12 07:00:00,731,1,-0.35941423956503044,0.35941423956503044,"{'regressor__model__alpha': 0.0001, 'regressor__model__hidden_layer_sizes': (64, 32), 'regressor__model__learning_rate_init': 0.0001}"
2022-02-12 07:00:00,Naive,7,1.8780041089580262,2.2847984965124266,2020-02-12 07:00:00,2022-02-12 07:00:00,2022-02-12 07:00:00,731,1,,,not_applicable
2022-02-13 07:00:00,Decision Tree,7,0.9543558396037058,1.317578088674855,2020-02-13 07:00:00,2022-02-13 07:00:00,2022-02-13 07:00:00,731,1,-0.42290985504429074,0.42290985504429074,"{'max_depth': None, 'min_samples_leaf': 1, 'min_samples_split': 20}"
2022-02-13 07:00:00,ARX,7,0.9543558396037058,0.8121096630087101,2020-02-13 07:00:00,2022-02-13 07:00:00,2022-02-13 07:00:00,731,1,-0.3032104293734177,0.3032104293734177,{'model__alpha': 0.01}
2022-02-13 07:00:00,Random Forest,7,0.9543558396037058,1.0016992134233986,2020-02-13 07:00:00,2022-02-13 07:00:00,2022-02-13 07:00:00,731,1,-0.28640559026943707,0.28640559026943707,"{'max_depth': 10, 'max_features': 0.5, 'min_samples_leaf': 2, 'n_estimators': 100}"
2022-02-13 07:00:00,Neural Network,7,0.9543558396037058,0.8802876289265232,2020-02-13 07:00:00,2022-02-13 07:00:00,2022-02-13 07:00:00,731,1,-0.35941423956503044,0.35941423956503044,"{'regressor__model__alpha': 0.0001, 'regressor__model__hidden_layer_sizes': (64, 32), 'regressor__model__learning_rate_init': 0.0001}"
2022-02-13 07:00:00,Naive,7,0.9543558396037058,1.8780041089580262,2020-02-13 07:00:00,2022-02-13 07:00:00,2022-02-13 07:00:00,731,1,,,not_applicable
2022-02-14 07:00:00,Decision Tree,7,1.3965620476501817,1.5020789985585878,2020-02-14 07:00:00,2022-02-14 07:00:00,2022-02-14 07:00:00,731,1,-0.42290985504429074,0.42290985504429074,"{'max_depth': None, 'min_samples_leaf': 1, 'min_samples_split': 20}"
2022-02-14 07:00:00,ARX,7,1.3965620476501817,1.5075711855975018,2020-02-14 07:00:00,2022-02-14 07:00:00,2022-02-14 07:00:00,731,1,-0.3032104293734177,0.3032104293734177,{'model__alpha': 0.01}
2022-02-14 07:00:00,Random Forest,7,1.3965620476501817,1.2848582404117672,2020-02-14 07:00:00,2022-02-14 07:00:00,2022-02-14 07:00:00,731,1,-0.28640559026943707,0.28640559026943707,"{'max_depth': 10, 'max_features': 0.5, 'min_samples_leaf': 2, 'n_estimators': 100}"
2022-02-14 07:00:00,Neural Network,7,1.3965620476501817,1.4925759341667835,2020-02-14 07:00:00,2022-02-14 07:00:00,2022-02-14 07:00:00,731,1,-0.35941423956503044,0.35941423956503044,"{'regressor__model__alpha': 0.0001, 'regressor__model__hidden_layer_sizes': (64, 32), 'regressor__model__learning_rate_init': 0.0001}"
2022-02-14 07:00:00,Naive,7,1.3965620476501817,0.9543558396037058,2020-02-14 07:00:00,2022-02-14 07:00:00,2022-02-14 07:00:00,731,1,,,not_applicable
2022-02-15 07:00:00,Decision Tree,7,2.3382776061419435,1.968239925474212,2020-02-15 07:00:00,2022-02-15 07:00:00,2022-02-15 07:00:00,731,1,-0.42290985504429074,0.42290985504429074,"{'max_depth': None, 'min_samples_leaf': 1, 'min_samples_split': 20}"
2022-02-15 07:00:00,ARX,7,2.3382776061419435,2.300023639825359,2020-02-15 07:00:00,2022-02-15 07:00:00,2022-02-15 07:00:00,731,1,-0.3032104293734177,0.3032104293734177,{'model__alpha': 0.01}
2022-02-15 07:00:00,Random Forest,7,2.3382776061419435,1.8664596000421942,2020-02-15 07:00:00,2022-02-15 07:00:00,2022-02-15 07:00:00,731,1,-0.28640559026943707,0.28640559026943707,"{'max_depth': 10, 'max_features': 0.5, 'min_samples_leaf': 2, 'n_estimators': 100}"
2022-02-15 07:00:00,Neural Network,7,2.3382776061419435,2.1535816421950447,2020-02-15 07:00:00,2022-02-15 07:00:00,2022-02-15 07:00:00,731,1,-0.35941423956503044,0.35941423956503044,"{'regressor__model__alpha': 0.0001, 'regressor__model__hidden_layer_sizes': (64, 32), 'regressor__model__learning_rate_init': 0.0001}"
2022-02-15 07:00:00,Naive,7,2.3382776061419435,1.3965620476501817,2020-02-15 07:00:00,2022-02-15 07:00:00,2022-02-15 07:00:00,731,1,,,not_applicable
2022-02-16 07:00:00,Decision Tree,7,2.0307413846464053,1.5324703874748165,2020-02-16 07:00:00,2022-02-16 07:00:00,2022-02-16 07:00:00,731,1,-0.42290985504429074,0.42290985504429074,"{'max_depth': None, 'min_samples_leaf': 1, 'min_samples_split': 20}"
2022-02-16 07:00:00,ARX,7,2.0307413846464053,1.7925323128734205,2020-02-16 07:00:00,2022-02-16 07:00:00,2022-02-16 07:00:00,731,1,-0.3032104293734177,0.3032104293734177,{'model__alpha': 0.01}
2022-02-16 07:00:00,Random Forest,7,2.0307413846464053,1.6421068253120104,2020-02-16 07:00:00,2022-02-16 07:00:00,2022-02-16 07:00:00,731,1,-0.28640559026943707,0.28640559026943707,"{'max_depth': 10, 'max_features': 0.5, 'min_samples_leaf': 2, 'n_estimators': 100}"
2022-02-16 07:00:00,Neural Network,7,2.0307413846464053,1.5054017227746241,2020-02-16 07:00:00,2022-02-16 07:00:00,2022-02-16 07:00:00,731,1,-0.35941423956503044,0.35941423956503044,"{'regressor__model__alpha': 0.0001, 'regressor__model__hidden_layer_sizes': (64, 32), 'regressor__model__learning_rate_init': 0.0001}"
2022-02-16 07:00:00,Naive,7,2.0307413846464053,2.3382776061419435,2020-02-16 07:00:00,2022-02-16 07:00:00,2022-02-16 07:00:00,731,1,,,not_applicable
2022-02-17 07:00:00,Decision Tree,7,1.4579902370494193,1.7412024645801627,2020-02-17 07:00:00,2022-02-17 07:00:00,2022-02-17 07:00:00,731,1,-0.42290985504429074,0.42290985504429074,"{'max_depth': None, 'min_samples_leaf': 1, 'min_samples_split': 20}"
2022-02-17 07:00:00,ARX,7,1.4579902370494193,1.3125260275450805,2020-02-17 07:00:00,2022-02-17 07:00:00,2022-02-17 07:00:00,731,1,-0.3032104293734177,0.3032104293734177,{'model__alpha': 0.01}
2022-02-17 07:00:00,Random Forest,7,1.4579902370494193,1.6454336908398437,2020-02-17 07:00:00,2022-02-17 07:00:00,2022-02-17 07:00:00,731,1,-0.28640559026943707,0.28640559026943707,"{'max_depth': 10, 'max_features': 0.5, 'min_samples_leaf': 2, 'n_estimators': 100}"
2022-02-17 07:00:00,Neural Network,7,1.4579902370494193,0.7133825844589992,2020-02-17 07:00:00,2022-02-17 07:00:00,2022-02-17 07:00:00,731,1,-0.35941423956503044,0.35941423956503044,"{'regressor__model__alpha': 0.0001, 'regressor__model__hidden_layer_sizes': (64, 32), 'regressor__model__learning_rate_init': 0.0001}"
2022-02-17 07:00:00,Naive,7,1.4579902370494193,2.0307413846464053,2020-02-17 07:00:00,2022-02-17 07:00:00,2022-02-17 07:00:00,731,1,,,not_applicable
2022-02-18 07:00:00,Decision Tree,7,2.026097218477237,1.3544703735761676,2020-02-18 07:00:00,2022-02-18 07:00:00,2022-02-18 07:00:00,731,1,-0.42290985504429074,0.42290985504429074,"{'max_depth': None, 'min_samples_leaf': 1, 'min_samples_split': 20}"
2022-02-18 07:00:00,ARX,7,2.026097218477237,1.7145643605505216,2020-02-18 07:00:00,2022-02-18 07:00:00,2022-02-18 07:00:00,731,1,-0.3032104293734177,0.3032104293734177,{'model__alpha': 0.01}
2022-02-18 07:00:00,Random Forest,7,2.026097218477237,1.3580043301106497,2020-02-18 07:00:00,2022-02-18 07:00:00,2022-02-18 07:00:00,731,1,-0.28640559026943707,0.28640559026943707,"{'max_depth': 10, 'max_features': 0.5, 'min_samples_leaf': 2, 'n_estimators': 100}"
2022-02-18 07:00:00,Neural Network,7,2.026097218477237,1.7460171768119803,2020-02-18 07:00:00,2022-02-18 07:00:00,2022-02-18 07:00:00,731,1,-0.35941423956503044,0.35941423956503044,"{'regressor__model__alpha': 0.0001, 'regressor__model__hidden_layer_sizes': (64, 32), 'regressor__model__learning_rate_init': 0.0001}"
2022-02-18 07:00:00,Naive,7,2.026097218477237,1.4579902370494193,2020-02-18 07:00:00,2022-02-18 07:00:00,2022-02-18 07:00:00,731,1,,,not_applicable
2022-02-19 07:00:00,Decision Tree,7,-1.0580078061645009,1.0406112128908986,2020-02-19 07:00:00,2022-02-19 07:00:00,2022-02-19 07:00:00,731,1,-0.42290985504429074,0.42290985504429074,"{'max_depth': None, 'min_samples_leaf': 1, 'min_samples_split': 20}"
2022-02-19 07:00:00,ARX,7,-1.0580078061645009,0.5726804889741357,2020-02-19 07:00:00,2022-02-19 07:00:00,2022-02-19 07:00:00,731,1,-0.3032104293734177,0.3032104293734177,{'model__alpha': 0.01}
2022-02-19 07:00:00,Random Forest,7,-1.0580078061645009,1.316503262551301,2020-02-19 07:00:00,2022-02-19 07:00:00,2022-02-19 07:00:00,731,1,-0.28640559026943707,0.28640559026943707,"{'max_depth': 10, 'max_features': 0.5, 'min_samples_leaf': 2, 'n_estimators': 100}"
2022-02-19 07:00:00,Neural Network,7,-1.0580078061645009,0.8735323017802541,2020-02-19 07:00:00,2022-02-19 07:00:00,2022-02-19 07:00:00,731,1,-0.35941423956503044,0.35941423956503044,"{'regressor__model__alpha': 0.0001, 'regressor__model__hidden_layer_sizes': (64, 32), 'regressor__model__learning_rate_init': 0.0001}"
2022-02-19 07:00:00,Naive,7,-1.0580078061645009,2.026097218477237,2020-02-19 07:00:00,2022-02-19 07:00:00,2022-02-19 07:00:00,731,1,,,not_applicable
2022-02-20 07:00:00,Decision Tree,7,0.7500694090667133,0.601924725828235,2020-02-20 07:00:00,2022-02-20 07:00:00,2022-02-20 07:00:00,731,1,-0.42290985504429074,0.42290985504429074,"{'max_depth': None, 'min_samples_leaf': 1, 'min_samples_split': 20}"
2022-02-20 07:00:00,ARX,7,0.7500694090667133,0.6324681262021408,2020-02-20 07:00:00,2022-02-20 07:00:00,2022-02-20 07:00:00,731,1,-0.3032104293734177,0.3032104293734177,{'model__alpha': 0.01}
2022-02-20 07:00:00,Random Forest,7,0.7500694090667133,-0.2944126422369223,2020-02-20 07:00:00,2022-02-20 07:00:00,2022-02-20 07:00:00,731,1,-0.28640559026943707,0.28640559026943707,"{'max_depth': 10, 'max_features': 0.5, 'min_samples_leaf': 2, 'n_estimators': 100}"
2022-02-20 07:00:00,Neural Network,7,0.7500694090667133,-0.10197368216771896,2020-02-20 07:00:00,2022-02-20 07:00:00,2022-02-20 07:00:00,731,1,-0.35941423956503044,0.35941423956503044,"{'regressor__model__alpha': 0.0001, 'regressor__model__hidden_layer_sizes': (64, 32), 'regressor__model__learning_rate_init': 0.0001}"
2022-02-20 07:00:00,Naive,7,0.7500694090667133,-1.0580078061645009,2020-02-20 07:00:00,2022-02-20 07:00:00,2022-02-20 07:00:00,731,1,,,not_applicable
2022-02-21 07:00:00,Decision Tree,7,1.2182199321170932,1.4756997608314864,2020-02-21 07:00:00,2022-02-21 07:00:00,2022-02-21 07:00:00,731,1,-0.42290985504429074,0.42290985504429074,"{'max_depth': None, 'min_samples_leaf': 1, 'min_samples_split': 20}"
2022-02-21 07:00:00,ARX,7,1.2182199321170932,0.4741215813365146,2020-02-21 07:00:00,2022-02-21 07:00:00,2022-02-21 07:00:00,731,1,-0.3032104293734177,0.3032104293734177,{'model__alpha': 0.01}
2022-02-21 07:00:00,Random Forest,7,1.2182199321170932,0.6346583693123312,2020-02-21 07:00:00,2022-02-21 07:00:00,2022-02-21 07:00:00,731,1,-0.28640559026943707,0.28640559026943707,"{'max_depth': 10, 'max_features': 0.5, 'min_samples_leaf': 2, 'n_estimators': 100}"
2022-02-21 07:00:00,Neural Network,7,1.2182199321170932,-0.802022722818963,2020-02-21 07:00:00,2022-02-21 07:00:00,2022-02-21 07:00:00,731,1,-0.35941423956503044,0.35941423956503044,"{'regressor__model__alpha': 0.0001, 'regressor__model__hidden_layer_sizes': (64, 32), 'regressor__model__learning_rate_init': 0.0001}"
2022-02-21 07:00:00,Naive,7,1.2182199321170932,0.7500694090667133,2020-02-21 07:00:00,2022-02-21 07:00:00,2022-02-21 07:00:00,731,1,,,not_applicable
2022-02-22 07:00:00,Decision Tree,7,2.01712438023132,1.8673110227482452,2020-02-22 07:00:00,2022-02-22 07:00:00,2022-02-22 07:00:00,731,1,-0.42290985504429074,0.42290985504429074,"{'max_depth': None, 'min_samples_leaf': 1, 'min_samples_split': 20}"
2022-02-22 07:00:00,ARX,7,2.01712438023132,1.6401162646650542,2020-02-22 07:00:00,2022-02-22 07:00:00,2022-02-22 07:00:00,731,1,-0.3032104293734177,0.3032104293734177,{'model__alpha': 0.01}
2022-02-22 07:00:00,Random Forest,7,2.01712438023132,1.578429726765366,2020-02-22 07:00:00,2022-02-22 07:00:00,2022-02-22 07:00:00,731,1,-0.28640559026943707,0.28640559026943707,"{'max_depth': 10, 'max_features': 0.5, 'min_samples_leaf': 2, 'n_estimators': 100}"
2022-02-22 07:00:00,Neural Network,7,2.01712438023132,1.348356020798921,2020-02-22 07:00:00,2022-02-22 07:00:00,2022-02-22 07:00:00,731,1,-0.35941423956503044,0.35941423956503044,"{'regressor__model__alpha': 0.0001, 'regressor__model__hidden_layer_sizes': (64, 32), 'regressor__model__learning_rate_init': 0.0001}"
2022-02-22 07:00:00,Naive,7,2.01712438023132,1.2182199321170932,2020-02-22 07:00:00,2022-02-22 07:00:00,2022-02-22 07:00:00,731,1,,,not_applicable
2022-02-23 07:00:00,Decision Tree,7,1.700638145958235,1.1465665932898117,2020-02-23 07:00:00,2022-02-23 07:00:00,2022-02-23 07:00:00,731,1,-0.42290985504429074,0.42290985504429074,"{'max_depth': None, 'min_samples_leaf': 1, 'min_samples_split': 20}"
2022-02-23 07:00:00,ARX,7,1.700638145958235,1.6528836214414113,2020-02-23 07:00:00,2022-02-23 07:00:00,2022-02-23 07:00:00,731,1,-0.3032104293734177,0.3032104293734177,{'model__alpha': 0.01}
2022-02-23 07:00:00,Random Forest,7,1.700638145958235,1.579848518275292,2020-02-23 07:00:00,2022-02-23 07:00:00,2022-02-23 07:00:00,731,1,-0.28640559026943707,0.28640559026943707,"{'max_depth': 10, 'max_features': 0.5, 'min_samples_leaf': 2, 'n_estimators': 100}"
2022-02-23 07:00:00,Neural Network,7,1.700638145958235,1.4558631396876835,2020-02-23 07:00:00,2022-02-23 07:00:00,2022-02-23 07:00:00,731,1,-0.35941423956503044,0.35941423956503044,"{'regressor__model__alpha': 0.0001, 'regressor__model__hidden_layer_sizes': (64, 32), 'regressor__model__learning_rate_init': 0.0001}"
2022-02-23 07:00:00,Naive,7,1.700638145958235,2.01712438023132,2020-02-23 07:00:00,2022-02-23 07:00:00,2022-02-23 07:00:00,731,1,,,not_applicable
2022-02-24 07:00:00,Decision Tree,7,2.0066515233108526,1.3390353017667322,2020-02-24 07:00:00,2022-02-24 07:00:00,2022-02-24 07:00:00,731,1,-0.42290985504429074,0.42290985504429074,"{'max_depth': None, 'min_samples_leaf': 1, 'min_samples_split': 20}"
2022-02-24 07:00:00,ARX,7,2.0066515233108526,1.8543819154394545,2020-02-24 07:00:00,2022-02-24 07:00:00,2022-02-24 07:00:00,731,1,-0.3032104293734177,0.3032104293734177,{'model__alpha': 0.01}
2022-02-24 07:00:00,Random Forest,7,2.0066515233108526,1.8901712744351369,2020-02-24 07:00:00,2022-02-24 07:00:00,2022-02-24 07:00:00,731,1,-0.28640559026943707,0.28640559026943707,"{'max_depth': 10, 'max_features': 0.5, 'min_samples_leaf': 2, 'n_estimators': 100}"
2022-02-24 07:00:00,Neural Network,7,2.0066515233108526,1.3328949256817084,2020-02-24 07:00:00,2022-02-24 07:00:00,2022-02-24 07:00:00,731,1,-0.35941423956503044,0.35941423956503044,"{'regressor__model__alpha': 0.0001, 'regressor__model__hidden_layer_sizes': (64, 32), 'regressor__model__learning_rate_init': 0.0001}"
2022-02-24 07:00:00,Naive,7,2.0066515233108526,1.700638145958235,2020-02-24 07:00:00,2022-02-24 07:00:00,2022-02-24 07:00:00,731,1,,,not_applicable
2022-02-25 07:00:00,Decision Tree,7,1.5501094002884932,1.5990627493774476,2020-02-25 07:00:00,2022-02-25 07:00:00,2022-02-25 07:00:00,731,1,-0.42290985504429074,0.42290985504429074,"{'max_depth': None, 'min_samples_leaf': 1, 'min_samples_split': 20}"
2022-02-25 07:00:00,ARX,7,1.5501094002884932,1.488221186003377,2020-02-25 07:00:00,2022-02-25 07:00:00,2022-02-25 07:00:00,731,1,-0.3032104293734177,0.3032104293734177,{'model__alpha': 0.01}
2022-02-25 07:00:00,Random Forest,7,1.5501094002884932,1.623647469509132,2020-02-25 07:00:00,2022-02-25 07:00:00,2022-02-25 07:00:00,731,1,-0.28640559026943707,0.28640559026943707,"{'max_depth': 10, 'max_features': 0.5, 'min_samples_leaf': 2, 'n_estimators': 100}"
2022-02-25 07:00:00,Neural Network,7,1.5501094002884932,1.8578079675462122,2020-02-25 07:00:00,2022-02-25 07:00:00,2022-02-25 07:00:00,731,1,-0.35941423956503044,0.35941423956503044,"{'regressor__model__alpha': 0.0001, 'regressor__model__hidden_layer_sizes': (64, 32), 'regressor__model__learning_rate_init': 0.0001}"
2022-02-25 07:00:00,Naive,7,1.5501094002884932,2.0066515233108526,2020-02-25 07:00:00,2022-02-25 07:00:00,2022-02-25 07:00:00,731,1,,,not_applicable
2022-02-26 07:00:00,Decision Tree,7,2.4473762072015375,1.2617366150621738,2020-02-26 07:00:00,2022-02-26 07:00:00,2022-02-26 07:00:00,731,1,-0.42290985504429074,0.42290985504429074,"{'max_depth': None, 'min_samples_leaf': 1, 'min_samples_split': 20}"
2022-02-26 07:00:00,ARX,7,2.4473762072015375,1.6632532013928203,2020-02-26 07:00:00,2022-02-26 07:00:00,2022-02-26 07:00:00,731,1,-0.3032104293734177,0.3032104293734177,{'model__alpha': 0.01}
2022-02-26 07:00:00,Random Forest,7,2.4473762072015375,1.5872853252271346,2020-02-26 07:00:00,2022-02-26 07:00:00,2022-02-26 07:00:00,731,1,-0.28640559026943707,0.28640559026943707,"{'max_depth': 10, 'max_features': 0.5, 'min_samples_leaf': 2, 'n_estimators': 100}"
2022-02-26 07:00:00,Neural Network,7,2.4473762072015375,1.1173212638423202,2020-02-26 07:00:00,2022-02-26 07:00:00,2022-02-26 07:00:00,731,1,-0.35941423956503044,0.35941423956503044,"{'regressor__model__alpha': 0.0001, 'regressor__model__hidden_layer_sizes': (64, 32), 'regressor__model__learning_rate_init': 0.0001}"
2022-02-26 07:00:00,Naive,7,2.4473762072015375,1.5501094002884932,2020-02-26 07:00:00,2022-02-26 07:00:00,2022-02-26 07:00:00,731,1,,,not_applicable
2022-02-27 07:00:00,Decision Tree,7,2.039120700747676,2.1725088166594007,2020-02-27 07:00:00,2022-02-27 07:00:00,2022-02-27 07:00:00,731,1,-0.42290985504429074,0.42290985504429074,"{'max_depth': None, 'min_samples_leaf': 1, 'min_samples_split': 20}"
2022-02-27 07:00:00,ARX,7,2.039120700747676,1.617745597615299,2020-02-27 07:00:00,2022-02-27 07:00:00,2022-02-27 07:00:00,731,1,-0.3032104293734177,0.3032104293734177,{'model__alpha': 0.01}
2022-02-27 07:00:00,Random Forest,7,2.039120700747676,2.0884279492833646,2020-02-27 07:00:00,2022-02-27 07:00:00,2022-02-27 07:00:00,731,1,-0.28640559026943707,0.28640559026943707,"{'max_depth': 10, 'max_features': 0.5, 'min_samples_leaf': 2, 'n_estimators': 100}"
2022-02-27 07:00:00,Neural Network,7,2.039120700747676,1.913538223685483,2020-02-27 07:00:00,2022-02-27 07:00:00,2022-02-27 07:00:00,731,1,-0.35941423956503044,0.35941423956503044,"{'regressor__model__alpha': 0.0001, 'regressor__model__hidden_layer_sizes': (64, 32), 'regressor__model__learning_rate_init': 0.0001}"
2022-02-27 07:00:00,Naive,7,2.039120700747676,2.4473762072015375,2020-02-27 07:00:00,2022-02-27 07:00:00,2022-02-27 07:00:00,731,1,,,not_applicable
2022-02-28 07:00:00,Decision Tree,7,2.678968190388087,2.6509302949293976,2020-02-28 07:00:00,2022-02-28 07:00:00,2022-02-28 07:00:00,731,1,-0.42290985504429074,0.42290985504429074,"{'max_depth': None, 'min_samples_leaf': 1, 'min_samples_split': 20}"
2022-02-28 07:00:00,ARX,7,2.678968190388087,2.8805102823781787,2020-02-28 07:00:00,2022-02-28 07:00:00,2022-02-28 07:00:00,731,1,-0.3032104293734177,0.3032104293734177,{'model__alpha': 0.01}
2022-02-28 07:00:00,Random Forest,7,2.678968190388087,2.261217151683013,2020-02-28 07:00:00,2022-02-28 07:00:00,2022-02-28 07:00:00,731,1,-0.28640559026943707,0.28640559026943707,"{'max_depth': 10, 'max_features': 0.5, 'min_samples_leaf': 2, 'n_estimators': 100}"
2022-02-28 07:00:00,Neural Network,7,2.678968190388087,2.603992542312834,2020-02-28 07:00:00,2022-02-28 07:00:00,2022-02-28 07:00:00,731,1,-0.35941423956503044,0.35941423956503044,"{'regressor__model__alpha': 0.0001, 'regressor__model__hidden_layer_sizes': (64, 32), 'regressor__model__learning_rate_init': 0.0001}"
2022-02-28 07:00:00,Naive,7,2.678968190388087,2.039120700747676,2020-02-28 07:00:00,2022-02-28 07:00:00,2022-02-28 07:00:00,731,1,,,not_applicable
2022-03-01 07:00:00,Decision Tree,7,2.536188046895402,2.2407000769211067,2020-03-01 07:00:00,2022-03-01 07:00:00,2022-03-01 07:00:00,730,1,-0.42290985504429074,0.42290985504429074,"{'max_depth': None, 'min_samples_leaf': 1, 'min_samples_split': 20}"
2022-03-01 07:00:00,ARX,7,2.536188046895402,2.6267100392730605,2020-03-01 07:00:00,2022-03-01 07:00:00,2022-03-01 07:00:00,730,1,-0.3032104293734177,0.3032104293734177,{'model__alpha': 0.01}
2022-03-01 07:00:00,Random Forest,7,2.536188046895402,2.250662578823259,2020-03-01 07:00:00,2022-03-01 07:00:00,2022-03-01 07:00:00,730,1,-0.28640559026943707,0.28640559026943707,"{'max_depth': 10, 'max_features': 0.5, 'min_samples_leaf': 2, 'n_estimators': 100}"
2022-03-01 07:00:00,Neural Network,7,2.536188046895402,2.6267635187917713,2020-03-01 07:00:00,2022-03-01 07:00:00,2022-03-01 07:00:00,730,1,-0.35941423956503044,0.35941423956503044,"{'regressor__model__alpha': 0.0001, 'regressor__model__hidden_layer_sizes': (64, 32), 'regressor__model__learning_rate_init': 0.0001}"
2022-03-01 07:00:00,Naive,7,2.536188046895402,2.678968190388087,2020-03-01 07:00:00,2022-03-01 07:00:00,2022-03-01 07:00:00,730,1,,,not_applicable
2022-03-02 07:00:00,Decision Tree,7,2.6964780520144047,2.6781346382134443,2020-03-02 07:00:00,2022-03-02 07:00:00,2022-03-02 07:00:00,730,1,-0.42290985504429074,0.42290985504429074,"{'max_depth': None, 'min_samples_leaf': 1, 'min_samples_split': 20}"
2022-03-02 07:00:00,ARX,7,2.6964780520144047,3.1990115856425945,2020-03-02 07:00:00,2022-03-02 07:00:00,2022-03-02 07:00:00,730,1,-0.3032104293734177,0.3032104293734177,{'model__alpha': 0.01}
2022-03-02 07:00:00,Random Forest,7,2.6964780520144047,2.578114159718555,2020-03-02 07:00:00,2022-03-02 07:00:00,2022-03-02 07:00:00,730,1,-0.28640559026943707,0.28640559026943707,"{'max_depth': 10, 'max_features': 0.5, 'min_samples_leaf': 2, 'n_estimators': 100}"
2022-03-02 07:00:00,Neural Network,7,2.6964780520144047,2.7703088709032615,2020-03-02 07:00:00,2022-03-02 07:00:00,2022-03-02 07:00:00,730,1,-0.35941423956503044,0.35941423956503044,"{'regressor__model__alpha': 0.0001, 'regressor__model__hidden_layer_sizes': (64, 32), 'regressor__model__learning_rate_init': 0.0001}"
2022-03-02 07:00:00,Naive,7,2.6964780520144047,2.536188046895402,2020-03-02 07:00:00,2022-03-02 07:00:00,2022-03-02 07:00:00,730,1,,,not_applicable
2022-03-03 07:00:00,Decision Tree,7,2.9309681987319967,2.6743726609134986,2020-03-03 07:00:00,2022-03-03 07:00:00,2022-03-03 07:00:00,730,1,-0.42290985504429074,0.42290985504429074,"{'max_depth': None, 'min_samples_leaf': 1, 'min_samples_split': 20}"
2022-03-03 07:00:00,ARX,7,2.9309681987319967,3.06270802120953,2020-03-03 07:00:00,2022-03-03 07:00:00,2022-03-03 07:00:00,730,1,-0.3032104293734177,0.3032104293734177,{'model__alpha': 0.01}
2022-03-03 07:00:00,Random Forest,7,2.9309681987319967,2.625983889655545,2020-03-03 07:00:00,2022-03-03 07:00:00,2022-03-03 07:00:00,730,1,-0.28640559026943707,0.28640559026943707,"{'max_depth': 10, 'max_features': 0.5, 'min_samples_leaf': 2, 'n_estimators': 100}"
2022-03-03 07:00:00,Neural Network,7,2.9309681987319967,2.9607513990315035,2020-03-03 07:00:00,2022-03-03 07:00:00,2022-03-03 07:00:00,730,1,-0.35941423956503044,0.35941423956503044,"{'regressor__model__alpha': 0.0001, 'regressor__model__hidden_layer_sizes': (64, 32), 'regressor__model__learning_rate_init': 0.0001}"
2022-03-03 07:00:00,Naive,7,2.9309681987319967,2.6964780520144047,2020-03-03 07:00:00,2022-03-03 07:00:00,2022-03-03 07:00:00,730,1,,,not_applicable
2022-03-04 07:00:00,Decision Tree,7,2.939689697194633,3.181617748283692,2020-03-04 07:00:00,2022-03-04 07:00:00,2022-03-04 07:00:00,730,1,-0.42290985504429074,0.42290985504429074,"{'max_depth': None, 'min_samples_leaf': 1, 'min_samples_split': 20}"
2022-03-04 07:00:00,ARX,7,2.939689697194633,3.05373044258634,2020-03-04 07:00:00,2022-03-04 07:00:00,2022-03-04 07:00:00,730,1,-0.3032104293734177,0.3032104293734177,{'model__alpha': 0.01}
2022-03-04 07:00:00,Random Forest,7,2.939689697194633,2.92505568001901,2020-03-04 07:00:00,2022-03-04 07:00:00,2022-03-04 07:00:00,730,1,-0.28640559026943707,0.28640559026943707,"{'max_depth': 10, 'max_features': 0.5, 'min_samples_leaf': 2, 'n_estimators': 100}"
2022-03-04 07:00:00,Neural Network,7,2.939689697194633,2.6929141767941016,2020-03-04 07:00:00,2022-03-04 07:00:00,2022-03-04 07:00:00,730,1,-0.35941423956503044,0.35941423956503044,"{'regressor__model__alpha': 0.0001, 'regressor__model__hidden_layer_sizes': (64, 32), 'regressor__model__learning_rate_init': 0.0001}"
2022-03-04 07:00:00,Naive,7,2.939689697194633,2.9309681987319967,2020-03-04 07:00:00,2022-03-04 07:00:00,2022-03-04 07:00:00,730,1,,,not_applicable
2022-03-05 07:00:00,Decision Tree,7,2.8448874347750905,2.5484545508555123,2020-03-05 07:00:00,2022-03-05 07:00:00,2022-03-05 07:00:00,730,1,-0.42290985504429074,0.42290985504429074,"{'max_depth': None, 'min_samples_leaf': 1, 'min_samples_split': 20}"
2022-03-05 07:00:00,ARX,7,2.8448874347750905,2.5645253540583965,2020-03-05 07:00:00,2022-03-05 07:00:00,2022-03-05 07:00:00,730,1,-0.3032104293734177,0.3032104293734177,{'model__alpha': 0.01}
2022-03-05 07:00:00,Random Forest,7,2.8448874347750905,2.7531378713930628,2020-03-05 07:00:00,2022-03-05 07:00:00,2022-03-05 07:00:00,730,1,-0.28640559026943707,0.28640559026943707,"{'max_depth': 10, 'max_features': 0.5, 'min_samples_leaf': 2, 'n_estimators': 100}"
2022-03-05 07:00:00,Neural Network,7,2.8448874347750905,2.58138479813043,2020-03-05 07:00:00,2022-03-05 07:00:00,2022-03-05 07:00:00,730,1,-0.35941423956503044,0.35941423956503044,"{'regressor__model__alpha': 0.0001, 'regressor__model__hidden_layer_sizes': (64, 32), 'regressor__model__learning_rate_init': 0.0001}"
2022-03-05 07:00:00,Naive,7,2.8448874347750905,2.939689697194633,2020-03-05 07:00:00,2022-03-05 07:00:00,2022-03-05 07:00:00,730,1,,,not_applicable
2022-03-06 07:00:00,Decision Tree,7,2.7158180376463217,2.891909639769514,2020-03-06 07:00:00,2022-03-06 07:00:00,2022-03-06 07:00:00,730,1,-0.42290985504429074,0.42290985504429074,"{'max_depth': None, 'min_samples_leaf': 1, 'min_samples_split': 20}"
2022-03-06 07:00:00,ARX,7,2.7158180376463217,2.344276407510071,2020-03-06 07:00:00,2022-03-06 07:00:00,2022-03-06 07:00:00,730,1,-0.3032104293734177,0.3032104293734177,{'model__alpha': 0.01}
2022-03-06 07:00:00,Random Forest,7,2.7158180376463217,2.5685327630940638,2020-03-06 07:00:00,2022-03-06 07:00:00,2022-03-06 07:00:00,730,1,-0.28640559026943707,0.28640559026943707,"{'max_depth': 10, 'max_features': 0.5, 'min_samples_leaf': 2, 'n_estimators': 100}"
2022-03-06 07:00:00,Neural Network,7,2.7158180376463217,2.56459152078735,2020-03-06 07:00:00,2022-03-06 07:00:00,2022-03-06 07:00:00,730,1,-0.35941423956503044,0.35941423956503044,"{'regressor__model__alpha': 0.0001, 'regressor__model__hidden_layer_sizes': (64, 32), 'regressor__model__learning_rate_init': 0.0001}"
2022-03-06 07:00:00,Naive,7,2.7158180376463217,2.8448874347750905,2020-03-06 07:00:00,2022-03-06 07:00:00,2022-03-06 07:00:00,730,1,,,not_applicable
2022-03-07 07:00:00,Decision Tree,7,3.1745752853647,3.188895255073519,2020-03-07 07:00:00,2022-03-07 07:00:00,2022-03-07 07:00:00,730,1,-0.42290985504429074,0.42290985504429074,"{'max_depth': None, 'min_samples_leaf': 1, 'min_samples_split': 20}"
2022-03-07 07:00:00,ARX,7,3.1745752853647,3.463672835595379,2020-03-07 07:00:00,2022-03-07 07:00:00,2022-03-07 07:00:00,730,1,-0.3032104293734177,0.3032104293734177,{'model__alpha': 0.01}
2022-03-07 07:00:00,Random Forest,7,3.1745752853647,2.9600005147220543,2020-03-07 07:00:00,2022-03-07 07:00:00,2022-03-07 07:00:00,730,1,-0.28640559026943707,0.28640559026943707,"{'max_depth': 10, 'max_features': 0.5, 'min_samples_leaf': 2, 'n_estimators': 100}"
2022-03-07 07:00:00,Neural Network,7,3.1745752853647,2.9224261669919915,2020-03-07 07:00:00,2022-03-07 07:00:00,2022-03-07 07:00:00,730,1,-0.35941423956503044,0.35941423956503044,"{'regressor__model__alpha': 0.0001, 'regressor__model__hidden_layer_sizes': (64, 32), 'regressor__model__learning_rate_init': 0.0001}"
2022-03-07 07:00:00,Naive,7,3.1745752853647,2.7158180376463217,2020-03-07 07:00:00,2022-03-07 07:00:00,2022-03-07 07:00:00,730,1,,,not_applicable
2022-03-08 07:00:00,Decision Tree,7,3.496460958073839,3.187701924264451,2020-03-08 07:00:00,2022-03-08 07:00:00,2022-03-08 07:00:00,730,1,-0.42290985504429074,0.42290985504429074,"{'max_depth': None, 'min_samples_leaf': 1, 'min_samples_split': 20}"
2022-03-08 07:00:00,ARX,7,3.496460958073839,3.3329925631993813,2020-03-08 07:00:00,2022-03-08 07:00:00,2022-03-08 07:00:00,730,1,-0.3032104293734177,0.3032104293734177,{'model__alpha': 0.01}
2022-03-08 07:00:00,Random Forest,7,3.496460958073839,3.1342567544756634,2020-03-08 07:00:00,2022-03-08 07:00:00,2022-03-08 07:00:00,730,1,-0.28640559026943707,0.28640559026943707,"{'max_depth': 10, 'max_features': 0.5, 'min_samples_leaf': 2, 'n_estimators': 100}"
2022-03-08 07:00:00,Neural Network,7,3.496460958073839,2.945305339014348,2020-03-08 07:00:00,2022-03-08 07:00:00,2022-03-08 07:00:00,730,1,-0.35941423956503044,0.35941423956503044,"{'regressor__model__alpha': 0.0001, 'regressor__model__hidden_layer_sizes': (64, 32), 'regressor__model__learning_rate_init': 0.0001}"
2022-03-08 07:00:00,Naive,7,3.496460958073839,3.1745752853647,2020-03-08 07:00:00,2022-03-08 07:00:00,2022-03-08 07:00:00,730,1,,,not_applicable
2022-03-09 07:00:00,Decision Tree,7,3.306247947147257,3.2114526191728663,2020-03-09 07:00:00,2022-03-09 07:00:00,2022-03-09 07:00:00,730,1,-0.42290985504429074,0.42290985504429074,"{'max_depth': None, 'min_samples_leaf': 1, 'min_samples_split': 20}"
2022-03-09 07:00:00,ARX,7,3.306247947147257,3.336418515423415,2020-03-09 07:00:00,2022-03-09 07:00:00,2022-03-09 07:00:00,730,1,-0.3032104293734177,0.3032104293734177,{'model__alpha': 0.01}
2022-03-09 07:00:00,Random Forest,7,3.306247947147257,3.2869773737359687,2020-03-09 07:00:00,2022-03-09 07:00:00,2022-03-09 07:00:00,730,1,-0.28640559026943707,0.28640559026943707,"{'max_depth': 10, 'max_features': 0.5, 'min_samples_leaf': 2, 'n_estimators': 100}"
2022-03-09 07:00:00,Neural Network,7,3.306247947147257,3.2144140382808613,2020-03-09 07:00:00,2022-03-09 07:00:00,2022-03-09 07:00:00,730,1,-0.35941423956503044,0.35941423956503044,"{'regressor__model__alpha': 0.0001, 'regressor__model__hidden_layer_sizes': (64, 32), 'regressor__model__learning_rate_init': 0.0001}"
2022-03-09 07:00:00,Naive,7,3.306247947147257,3.496460958073839,2020-03-09 07:00:00,2022-03-09 07:00:00,2022-03-09 07:00:00,730,1,,,not_applicable
2022-03-10 07:00:00,Decision Tree,7,2.9874030156146576,3.2182237140281793,2020-03-10 07:00:00,2022-03-10 07:00:00,2022-03-10 07:00:00,730,1,-0.42290985504429074,0.42290985504429074,"{'max_depth': None, 'min_samples_leaf': 1, 'min_samples_split': 20}"
2022-03-10 07:00:00,ARX,7,2.9874030156146576,3.121461948190113,2020-03-10 07:00:00,2022-03-10 07:00:00,2022-03-10 07:00:00,730,1,-0.3032104293734177,0.3032104293734177,{'model__alpha': 0.01}
2022-03-10 07:00:00,Random Forest,7,2.9874030156146576,3.248890894621702,2020-03-10 07:00:00,2022-03-10 07:00:00,2022-03-10 07:00:00,730,1,-0.28640559026943707,0.28640559026943707,"{'max_depth': 10, 'max_features': 0.5, 'min_samples_leaf': 2, 'n_estimators': 100}"
2022-03-10 07:00:00,Neural Network,7,2.9874030156146576,3.113120516460114,2020-03-10 07:00:00,2022-03-10 07:00:00,2022-03-10 07:00:00,730,1,-0.35941423956503044,0.35941423956503044,"{'regressor__model__alpha': 0.0001, 'regressor__model__hidden_layer_sizes': (64, 32), 'regressor__model__learning_rate_init': 0.0001}"
2022-03-10 07:00:00,Naive,7,2.9874030156146576,3.306247947147257,2020-03-10 07:00:00,2022-03-10 07:00:00,2022-03-10 07:00:00,730,1,,,not_applicable
2022-03-11 07:00:00,Decision Tree,7,1.9413302506735768,2.39417622885707,2020-03-11 07:00:00,2022-03-11 07:00:00,2022-03-11 07:00:00,730,1,-0.42290985504429074,0.42290985504429074,"{'max_depth': None, 'min_samples_leaf': 1, 'min_samples_split': 20}"
2022-03-11 07:00:00,ARX,7,1.9413302506735768,1.9612517417897986,2020-03-11 07:00:00,2022-03-11 07:00:00,2022-03-11 07:00:00,730,1,-0.3032104293734177,0.3032104293734177,{'model__alpha': 0.01}
2022-03-11 07:00:00,Random Forest,7,1.9413302506735768,2.323397487017214,2020-03-11 07:00:00,2022-03-11 07:00:00,2022-03-11 07:00:00,730,1,-0.28640559026943707,0.28640559026943707,"{'max_depth': 10, 'max_features': 0.5, 'min_samples_leaf': 2, 'n_estimators': 100}"
2022-03-11 07:00:00,Neural Network,7,1.9413302506735768,2.3496380628994538,2020-03-11 07:00:00,2022-03-11 07:00:00,2022-03-11 07:00:00,730,1,-0.35941423956503044,0.35941423956503044,"{'regressor__model__alpha': 0.0001, 'regressor__model__hidden_layer_sizes': (64, 32), 'regressor__model__learning_rate_init': 0.0001}"
2022-03-11 07:00:00,Naive,7,1.9413302506735768,2.9874030156146576,2020-03-11 07:00:00,2022-03-11 07:00:00,2022-03-11 07:00:00,730,1,,,not_applicable
2022-03-12 07:00:00,Decision Tree,7,0.8108981985681539,0.44873148851250666,2020-03-12 07:00:00,2022-03-12 07:00:00,2022-03-12 07:00:00,730,1,-0.42290985504429074,0.42290985504429074,"{'max_depth': None, 'min_samples_leaf': 1, 'min_samples_split': 20}"
2022-03-12 07:00:00,ARX,7,0.8108981985681539,0.9825360834438456,2020-03-12 07:00:00,2022-03-12 07:00:00,2022-03-12 07:00:00,730,1,-0.3032104293734177,0.3032104293734177,{'model__alpha': 0.01}
2022-03-12 07:00:00,Random Forest,7,0.8108981985681539,0.5680703444598717,2020-03-12 07:00:00,2022-03-12 07:00:00,2022-03-12 07:00:00,730,1,-0.28640559026943707,0.28640559026943707,"{'max_depth': 10, 'max_features': 0.5, 'min_samples_leaf': 2, 'n_estimators': 100}"
2022-03-12 07:00:00,Neural Network,7,0.8108981985681539,1.3096740316421194,2020-03-12 07:00:00,2022-03-12 07:00:00,2022-03-12 07:00:00,730,1,-0.35941423956503044,0.35941423956503044,"{'regressor__model__alpha': 0.0001, 'regressor__model__hidden_layer_sizes': (64, 32), 'regressor__model__learning_rate_init': 0.0001}"
2022-03-12 07:00:00,Naive,7,0.8108981985681539,1.9413302506735768,2020-03-12 07:00:00,2022-03-12 07:00:00,2022-03-12 07:00:00,730,1,,,not_applicable
2022-03-13 07:00:00,Decision Tree,7,0.8694035445516691,1.3363515598476134,2020-03-13 07:00:00,2022-03-13 07:00:00,2022-03-13 07:00:00,730,1,-0.42290985504429074,0.42290985504429074,"{'max_depth': None, 'min_samples_leaf': 1, 'min_samples_split': 20}"
2022-03-13 07:00:00,ARX,7,0.8694035445516691,1.2506517741373597,2020-03-13 07:00:00,2022-03-13 07:00:00,2022-03-13 07:00:00,730,1,-0.3032104293734177,0.3032104293734177,{'model__alpha': 0.01}
2022-03-13 07:00:00,Random Forest,7,0.8694035445516691,0.8738891326086766,2020-03-13 07:00:00,2022-03-13 07:00:00,2022-03-13 07:00:00,730,1,-0.28640559026943707,0.28640559026943707,"{'max_depth': 10, 'max_features': 0.5, 'min_samples_leaf': 2, 'n_estimators': 100}"
2022-03-13 07:00:00,Neural Network,7,0.8694035445516691,1.3118126687100014,2020-03-13 07:00:00,2022-03-13 07:00:00,2022-03-13 07:00:00,730,1,-0.35941423956503044,0.35941423956503044,"{'regressor__model__alpha': 0.0001, 'regressor__model__hidden_layer_sizes': (64, 32), 'regressor__model__learning_rate_init': 0.0001}"
2022-03-13 07:00:00,Naive,7,0.8694035445516691,0.8108981985681539,2020-03-13 07:00:00,2022-03-13 07:00:00,2022-03-13 07:00:00,730,1,,,not_applicable
2022-03-14 07:00:00,Decision Tree,7,2.672773170903609,2.3998775449698666,2020-03-14 07:00:00,2022-03-14 07:00:00,2022-03-14 07:00:00,730,1,-0.42290985504429074,0.42290985504429074,"{'max_depth': None, 'min_samples_leaf': 1, 'min_samples_split': 20}"
2022-03-14 07:00:00,ARX,7,2.672773170903609,2.646962334082677,2020-03-14 07:00:00,2022-03-14 07:00:00,2022-03-14 07:00:00,730,1,-0.3032104293734177,0.3032104293734177,{'model__alpha': 0.01}
2022-03-14 07:00:00,Random Forest,7,2.672773170903609,2.039536666539055,2020-03-14 07:00:00,2022-03-14 07:00:00,2022-03-14 07:00:00,730,1,-0.28640559026943707,0.28640559026943707,"{'max_depth': 10, 'max_features': 0.5, 'min_samples_leaf': 2, 'n_estimators': 100}"
2022-03-14 07:00:00,Neural Network,7,2.672773170903609,3.251838812170295,2020-03-14 07:00:00,2022-03-14 07:00:00,2022-03-14 07:00:00,730,1,-0.35941423956503044,0.35941423956503044,"{'regressor__model__alpha': 0.0001, 'regressor__model__hidden_layer_sizes': (64, 32), 'regressor__model__learning_rate_init': 0.0001}"
2022-03-14 07:00:00,Naive,7,2.672773170903609,0.8694035445516691,2020-03-14 07:00:00,2022-03-14 07:00:00,2022-03-14 07:00:00,730,1,,,not_applicable
2022-03-15 07:00:00,Decision Tree,7,2.682510384869676,2.870104410990629,2020-03-15 07:00:00,2022-03-15 07:00:00,2022-03-15 07:00:00,730,1,-0.42290985504429074,0.42290985504429074,"{'max_depth': None, 'min_samples_leaf': 1, 'min_samples_split': 20}"
2022-03-15 07:00:00,ARX,7,2.682510384869676,3.2575274952796787,2020-03-15 07:00:00,2022-03-15 07:00:00,2022-03-15 07:00:00,730,1,-0.3032104293734177,0.3032104293734177,{'model__alpha': 0.01}
2022-03-15 07:00:00,Random Forest,7,2.682510384869676,2.7276104911839605,2020-03-15 07:00:00,2022-03-15 07:00:00,2022-03-15 07:00:00,730,1,-0.28640559026943707,0.28640559026943707,"{'max_depth': 10, 'max_features': 0.5, 'min_samples_leaf': 2, 'n_estimators': 100}"
2022-03-15 07:00:00,Neural Network,7,2.682510384869676,2.4240045797476744,2020-03-15 07:00:00,2022-03-15 07:00:00,2022-03-15 07:00:00,730,1,-0.35941423956503044,0.35941423956503044,"{'regressor__model__alpha': 0.0001, 'regressor__model__hidden_layer_sizes': (64, 32), 'regressor__model__learning_rate_init': 0.0001}"
2022-03-15 07:00:00,Naive,7,2.682510384869676,2.672773170903609,2020-03-15 07:00:00,2022-03-15 07:00:00,2022-03-15 07:00:00,730,1,,,not_applicable
2022-03-16 07:00:00,Decision Tree,7,2.595911168199223,2.6412430267920066,2020-03-16 07:00:00,2022-03-16 07:00:00,2022-03-16 07:00:00,730,1,-0.42290985504429074,0.42290985504429074,"{'max_depth': None, 'min_samples_leaf': 1, 'min_samples_split': 20}"
2022-03-16 07:00:00,ARX,7,2.595911168199223,3.1338652649591525,2020-03-16 07:00:00,2022-03-16 07:00:00,2022-03-16 07:00:00,730,1,-0.3032104293734177,0.3032104293734177,{'model__alpha': 0.01}
2022-03-16 07:00:00,Random Forest,7,2.595911168199223,2.6527568792192704,2020-03-16 07:00:00,2022-03-16 07:00:00,2022-03-16 07:00:00,730,1,-0.28640559026943707,0.28640559026943707,"{'max_depth': 10, 'max_features': 0.5, 'min_samples_leaf': 2, 'n_estimators': 100}"
2022-03-16 07:00:00,Neural Network,7,2.595911168199223,3.448339506654947,2020-03-16 07:00:00,2022-03-16 07:00:00,2022-03-16 07:00:00,730,1,-0.35941423956503044,0.35941423956503044,"{'regressor__model__alpha': 0.0001, 'regressor__model__hidden_layer_sizes': (64, 32), 'regressor__model__learning_rate_init': 0.0001}"
2022-03-16 07:00:00,Naive,7,2.595911168199223,2.682510384869676,2020-03-16 07:00:00,2022-03-16 07:00:00,2022-03-16 07:00:00,730,1,,,not_applicable
2022-03-17 07:00:00,Decision Tree,7,2.363950330107459,2.020647905216924,2020-03-17 07:00:00,2022-03-17 07:00:00,2022-03-17 07:00:00,730,1,-0.42290985504429074,0.42290985504429074,"{'max_depth': None, 'min_samples_leaf': 1, 'min_samples_split': 20}"
2022-03-17 07:00:00,ARX,7,2.363950330107459,2.205093180469864,2020-03-17 07:00:00,2022-03-17 07:00:00,2022-03-17 07:00:00,730,1,-0.3032104293734177,0.3032104293734177,{'model__alpha': 0.01}
2022-03-17 07:00:00,Random Forest,7,2.363950330107459,2.2416020939260126,2020-03-17 07:00:00,2022-03-17 07:00:00,2022-03-17 07:00:00,730,1,-0.28640559026943707,0.28640559026943707,"{'max_depth': 10, 'max_features': 0.5, 'min_samples_leaf': 2, 'n_estimators': 100}"
2022-03-17 07:00:00,Neural Network,7,2.363950330107459,2.7282019171525986,2020-03-17 07:00:00,2022-03-17 07:00:00,2022-03-17 07:00:00,730,1,-0.35941423956503044,0.35941423956503044,"{'regressor__model__alpha': 0.0001, 'regressor__model__hidden_layer_sizes': (64, 32), 'regressor__model__learning_rate_init': 0.0001}"
2022-03-17 07:00:00,Naive,7,2.363950330107459,2.595911168199223,2020-03-17 07:00:00,2022-03-17 07:00:00,2022-03-17 07:00:00,730,1,,,not_applicable
2022-03-18 07:00:00,Decision Tree,7,2.4877340388603435,2.9623936074591524,2020-03-18 07:00:00,2022-03-18 07:00:00,2022-03-18 07:00:00,730,1,-0.42290985504429074,0.42290985504429074,"{'max_depth': None, 'min_samples_leaf': 1, 'min_samples_split': 20}"
2022-03-18 07:00:00,ARX,7,2.4877340388603435,2.742937598247401,2020-03-18 07:00:00,2022-03-18 07:00:00,2022-03-18 07:00:00,730,1,-0.3032104293734177,0.3032104293734177,{'model__alpha': 0.01}
2022-03-18 07:00:00,Random Forest,7,2.4877340388603435,2.5107004114330134,2020-03-18 07:00:00,2022-03-18 07:00:00,2022-03-18 07:00:00,730,1,-0.28640559026943707,0.28640559026943707,"{'max_depth': 10, 'max_features': 0.5, 'min_samples_leaf': 2, 'n_estimators': 100}"
2022-03-18 07:00:00,Neural Network,7,2.4877340388603435,2.490015149687873,2020-03-18 07:00:00,2022-03-18 07:00:00,2022-03-18 07:00:00,730,1,-0.35941423956503044,0.35941423956503044,"{'regressor__model__alpha': 0.0001, 'regressor__model__hidden_layer_sizes': (64, 32), 'regressor__model__learning_rate_init': 0.0001}"
2022-03-18 07:00:00,Naive,7,2.4877340388603435,2.363950330107459,2020-03-18 07:00:00,2022-03-18 07:00:00,2022-03-18 07:00:00,730,1,,,not_applicable
2022-03-19 07:00:00,Decision Tree,7,2.041607146792925,2.097603430759804,2020-03-19 07:00:00,2022-03-19 07:00:00,2022-03-19 07:00:00,730,1,-0.42290985504429074,0.42290985504429074,"{'max_depth': None, 'min_samples_leaf': 1, 'min_samples_split': 20}"
2022-03-19 07:00:00,ARX,7,2.041607146792925,1.8286039740149782,2020-03-19 07:00:00,2022-03-19 07:00:00,2022-03-19 07:00:00,730,1,-0.3032104293734177,0.3032104293734177,{'model__alpha': 0.01}
2022-03-19 07:00:00,Random Forest,7,2.041607146792925,2.080916303171432,2020-03-19 07:00:00,2022-03-19 07:00:00,2022-03-19 07:00:00,730,1,-0.28640559026943707,0.28640559026943707,"{'max_depth': 10, 'max_features': 0.5, 'min_samples_leaf': 2, 'n_estimators': 100}"
2022-03-19 07:00:00,Neural Network,7,2.041607146792925,1.8273194829596555,2020-03-19 07:00:00,2022-03-19 07:00:00,2022-03-19 07:00:00,730,1,-0.35941423956503044,0.35941423956503044,"{'regressor__model__alpha': 0.0001, 'regressor__model__hidden_layer_sizes': (64, 32), 'regressor__model__learning_rate_init': 0.0001}"
2022-03-19 07:00:00,Naive,7,2.041607146792925,2.4877340388603435,2020-03-19 07:00:00,2022-03-19 07:00:00,2022-03-19 07:00:00,730,1,,,not_applicable
2022-03-20 07:00:00,Decision Tree,7,-0.7486582655798217,0.8223429526515659,2020-03-20 07:00:00,2022-03-20 07:00:00,2022-03-20 07:00:00,730,1,-0.42290985504429074,0.42290985504429074,"{'max_depth': None, 'min_samples_leaf': 1, 'min_samples_split': 20}"
2022-03-20 07:00:00,ARX,7,-0.7486582655798217,0.3650879115668205,2020-03-20 07:00:00,2022-03-20 07:00:00,2022-03-20 07:00:00,730,1,-0.3032104293734177,0.3032104293734177,{'model__alpha': 0.01}
2022-03-20 07:00:00,Random Forest,7,-0.7486582655798217,0.2236486812019268,2020-03-20 07:00:00,2022-03-20 07:00:00,2022-03-20 07:00:00,730,1,-0.28640559026943707,0.28640559026943707,"{'max_depth': 10, 'max_features': 0.5, 'min_samples_leaf': 2, 'n_estimators': 100}"
2022-03-20 07:00:00,Neural Network,7,-0.7486582655798217,-0.3395095674894879,2020-03-20 07:00:00,2022-03-20 07:00:00,2022-03-20 07:00:00,730,1,-0.35941423956503044,0.35941423956503044,"{'regressor__model__alpha': 0.0001, 'regressor__model__hidden_layer_sizes': (64, 32), 'regressor__model__learning_rate_init': 0.0001}"
2022-03-20 07:00:00,Naive,7,-0.7486582655798217,2.041607146792925,2020-03-20 07:00:00,2022-03-20 07:00:00,2022-03-20 07:00:00,730,1,,,not_applicable
2022-03-21 07:00:00,Decision Tree,7,2.4694246593118145,1.8404028054203028,2020-03-21 07:00:00,2022-03-21 07:00:00,2022-03-21 07:00:00,730,1,-0.42290985504429074,0.42290985504429074,"{'max_depth': None, 'min_samples_leaf': 1, 'min_samples_split': 20}"
2022-03-21 07:00:00,ARX,7,2.4694246593118145,1.864383674910583,2020-03-21 07:00:00,2022-03-21 07:00:00,2022-03-21 07:00:00,730,1,-0.3032104293734177,0.3032104293734177,{'model__alpha': 0.01}
2022-03-21 07:00:00,Random Forest,7,2.4694246593118145,1.6813025767080305,2020-03-21 07:00:00,2022-03-21 07:00:00,2022-03-21 07:00:00,730,1,-0.28640559026943707,0.28640559026943707,"{'max_depth': 10, 'max_features': 0.5, 'min_samples_leaf': 2, 'n_estimators': 100}"
2022-03-21 07:00:00,Neural Network,7,2.4694246593118145,1.645237082556236,2020-03-21 07:00:00,2022-03-21 07:00:00,2022-03-21 07:00:00,730,1,-0.35941423956503044,0.35941423956503044,"{'regressor__model__alpha': 0.0001, 'regressor__model__hidden_layer_sizes': (64, 32), 'regressor__model__learning_rate_init': 0.0001}"
2022-03-21 07:00:00,Naive,7,2.4694246593118145,-0.7486582655798217,2020-03-21 07:00:00,2022-03-21 07:00:00,2022-03-21 07:00:00,730,1,,,not_applicable
2022-03-22 07:00:00,Decision Tree,7,2.463502804505825,2.296324355979539,2020-03-22 07:00:00,2022-03-22 07:00:00,2022-03-22 07:00:00,730,1,-0.42290985504429074,0.42290985504429074,"{'max_depth': None, 'min_samples_leaf': 1, 'min_samples_split': 20}"
2022-03-22 07:00:00,ARX,7,2.463502804505825,2.619859522069949,2020-03-22 07:00:00,2022-03-22 07:00:00,2022-03-22 07:00:00,730,1,-0.3032104293734177,0.3032104293734177,{'model__alpha': 0.01}
2022-03-22 07:00:00,Random Forest,7,2.463502804505825,2.5343529375940355,2020-03-22 07:00:00,2022-03-22 07:00:00,2022-03-22 07:00:00,730,1,-0.28640559026943707,0.28640559026943707,"{'max_depth': 10, 'max_features': 0.5, 'min_samples_leaf': 2, 'n_estimators': 100}"
2022-03-22 07:00:00,Neural Network,7,2.463502804505825,2.9314173521909295,2020-03-22 07:00:00,2022-03-22 07:00:00,2022-03-22 07:00:00,730,1,-0.35941423956503044,0.35941423956503044,"{'regressor__model__alpha': 0.0001, 'regressor__model__hidden_layer_sizes': (64, 32), 'regressor__model__learning_rate_init': 0.0001}"
2022-03-22 07:00:00,Naive,7,2.463502804505825,2.4694246593118145,2020-03-22 07:00:00,2022-03-22 07:00:00,2022-03-22 07:00:00,730,1,,,not_applicable
2022-03-23 07:00:00,Decision Tree,7,2.508993758739212,2.558434303367511,2020-03-23 07:00:00,2022-03-23 07:00:00,2022-03-23 07:00:00,730,1,-0.42290985504429074,0.42290985504429074,"{'max_depth': None, 'min_samples_leaf': 1, 'min_samples_split': 20}"
2022-03-23 07:00:00,ARX,7,2.508993758739212,2.7861518966276893,2020-03-23 07:00:00,2022-03-23 07:00:00,2022-03-23 07:00:00,730,1,-0.3032104293734177,0.3032104293734177,{'model__alpha': 0.01}
2022-03-23 07:00:00,Random Forest,7,2.508993758739212,2.519679256772224,2020-03-23 07:00:00,2022-03-23 07:00:00,2022-03-23 07:00:00,730,1,-0.28640559026943707,0.28640559026943707,"{'max_depth': 10, 'max_features': 0.5, 'min_samples_leaf': 2, 'n_estimators': 100}"
2022-03-23 07:00:00,Neural Network,7,2.508993758739212,2.4676961030405833,2020-03-23 07:00:00,2022-03-23 07:00:00,2022-03-23 07:00:00,730,1,-0.35941423956503044,0.35941423956503044,"{'regressor__model__alpha': 0.0001, 'regressor__model__hidden_layer_sizes': (64, 32), 'regressor__model__learning_rate_init': 0.0001}"
2022-03-23 07:00:00,Naive,7,2.508993758739212,2.463502804505825,2020-03-23 07:00:00,2022-03-23 07:00:00,2022-03-23 07:00:00,730,1,,,not_applicable
2022-03-24 07:00:00,Decision Tree,7,2.531509926708029,2.6538668741141747,2020-03-24 07:00:00,2022-03-24 07:00:00,2022-03-24 07:00:00,730,1,-0.42290985504429074,0.42290985504429074,"{'max_depth': None, 'min_samples_leaf': 1, 'min_samples_split': 20}"
2022-03-24 07:00:00,ARX,7,2.531509926708029,2.6793180942692514,2020-03-24 07:00:00,2022-03-24 07:00:00,2022-03-24 07:00:00,730,1,-0.3032104293734177,0.3032104293734177,{'model__alpha': 0.01}
2022-03-24 07:00:00,Random Forest,7,2.531509926708029,2.4729055071578094,2020-03-24 07:00:00,2022-03-24 07:00:00,2022-03-24 07:00:00,730,1,-0.28640559026943707,0.28640559026943707,"{'max_depth': 10, 'max_features': 0.5, 'min_samples_leaf': 2, 'n_estimators': 100}"
2022-03-24 07:00:00,Neural Network,7,2.531509926708029,2.4179472766942647,2020-03-24 07:00:00,2022-03-24 07:00:00,2022-03-24 07:00:00,730,1,-0.35941423956503044,0.35941423956503044,"{'regressor__model__alpha': 0.0001, 'regressor__model__hidden_layer_sizes': (64, 32), 'regressor__model__learning_rate_init': 0.0001}"
2022-03-24 07:00:00,Naive,7,2.531509926708029,2.508993758739212,2020-03-24 07:00:00,2022-03-24 07:00:00,2022-03-24 07:00:00,730,1,,,not_applicable
2022-03-25 07:00:00,Decision Tree,7,2.6388128027984807,2.647427034777009,2020-03-25 07:00:00,2022-03-25 07:00:00,2022-03-25 07:00:00,730,1,-0.42290985504429074,0.42290985504429074,"{'max_depth': None, 'min_samples_leaf': 1, 'min_samples_split': 20}"
2022-03-25 07:00:00,ARX,7,2.6388128027984807,2.6467114574847965,2020-03-25 07:00:00,2022-03-25 07:00:00,2022-03-25 07:00:00,730,1,-0.3032104293734177,0.3032104293734177,{'model__alpha': 0.01}
2022-03-25 07:00:00,Random Forest,7,2.6388128027984807,2.4716294192710464,2020-03-25 07:00:00,2022-03-25 07:00:00,2022-03-25 07:00:00,730,1,-0.28640559026943707,0.28640559026943707,"{'max_depth': 10, 'max_features': 0.5, 'min_samples_leaf': 2, 'n_estimators': 100}"
2022-03-25 07:00:00,Neural Network,7,2.6388128027984807,2.660040926584499,2020-03-25 07:00:00,2022-03-25 07:00:00,2022-03-25 07:00:00,730,1,-0.35941423956503044,0.35941423956503044,"{'regressor__model__alpha': 0.0001, 'regressor__model__hidden_layer_sizes': (64, 32), 'regressor__model__learning_rate_init': 0.0001}"
2022-03-25 07:00:00,Naive,7,2.6388128027984807,2.531509926708029,2020-03-25 07:00:00,2022-03-25 07:00:00,2022-03-25 07:00:00,730,1,,,not_applicable
2022-03-26 07:00:00,Decision Tree,7,1.9314510551748525,1.9675301920969759,2020-03-26 07:00:00,2022-03-26 07:00:00,2022-03-26 07:00:00,730,1,-0.42290985504429074,0.42290985504429074,"{'max_depth': None, 'min_samples_leaf': 1, 'min_samples_split': 20}"
2022-03-26 07:00:00,ARX,7,1.9314510551748525,1.596005918842443,2020-03-26 07:00:00,2022-03-26 07:00:00,2022-03-26 07:00:00,730,1,-0.3032104293734177,0.3032104293734177,{'model__alpha': 0.01}
2022-03-26 07:00:00,Random Forest,7,1.9314510551748525,2.1806689600250677,2020-03-26 07:00:00,2022-03-26 07:00:00,2022-03-26 07:00:00,730,1,-0.28640559026943707,0.28640559026943707,"{'max_depth': 10, 'max_features': 0.5, 'min_samples_leaf': 2, 'n_estimators': 100}"
2022-03-26 07:00:00,Neural Network,7,1.9314510551748525,2.136102505268862,2020-03-26 07:00:00,2022-03-26 07:00:00,2022-03-26 07:00:00,730,1,-0.35941423956503044,0.35941423956503044,"{'regressor__model__alpha': 0.0001, 'regressor__model__hidden_layer_sizes': (64, 32), 'regressor__model__learning_rate_init': 0.0001}"
2022-03-26 07:00:00,Naive,7,1.9314510551748525,2.6388128027984807,2020-03-26 07:00:00,2022-03-26 07:00:00,2022-03-26 07:00:00,730,1,,,not_applicable
2022-03-27 07:00:00,Decision Tree,7,2.0828490624814493,1.9642502705586005,2020-03-27 07:00:00,2022-03-27 07:00:00,2022-03-27 07:00:00,730,1,-0.42290985504429074,0.42290985504429074,"{'max_depth': None, 'min_samples_leaf': 1, 'min_samples_split': 20}"
2022-03-27 07:00:00,ARX,7,2.0828490624814493,1.7564308173576455,2020-03-27 07:00:00,2022-03-27 07:00:00,2022-03-27 07:00:00,730,1,-0.3032104293734177,0.3032104293734177,{'model__alpha': 0.01}
2022-03-27 07:00:00,Random Forest,7,2.0828490624814493,2.1143941456162962,2020-03-27 07:00:00,2022-03-27 07:00:00,2022-03-27 07:00:00,730,1,-0.28640559026943707,0.28640559026943707,"{'max_depth': 10, 'max_features': 0.5, 'min_samples_leaf': 2, 'n_estimators': 100}"
2022-03-27 07:00:00,Neural Network,7,2.0828490624814493,1.9951022748036393,2020-03-27 07:00:00,2022-03-27 07:00:00,2022-03-27 07:00:00,730,1,-0.35941423956503044,0.35941423956503044,"{'regressor__model__alpha': 0.0001, 'regressor__model__hidden_layer_sizes': (64, 32), 'regressor__model__learning_rate_init': 0.0001}"
2022-03-27 07:00:00,Naive,7,2.0828490624814493,1.9314510551748525,2020-03-27 07:00:00,2022-03-27 07:00:00,2022-03-27 07:00:00,730,1,,,not_applicable
2022-03-28 07:00:00,Decision Tree,7,2.5679456859264387,2.4102342790687485,2020-03-28 07:00:00,2022-03-28 07:00:00,2022-03-28 07:00:00,730,1,-0.42290985504429074,0.42290985504429074,"{'max_depth': None, 'min_samples_leaf': 1, 'min_samples_split': 20}"
2022-03-28 07:00:00,ARX,7,2.5679456859264387,3.013144902347304,2020-03-28 07:00:00,2022-03-28 07:00:00,2022-03-28 07:00:00,730,1,-0.3032104293734177,0.3032104293734177,{'model__alpha': 0.01}
2022-03-28 07:00:00,Random Forest,7,2.5679456859264387,2.4527463500994435,2020-03-28 07:00:00,2022-03-28 07:00:00,2022-03-28 07:00:00,730,1,-0.28640559026943707,0.28640559026943707,"{'max_depth': 10, 'max_features': 0.5, 'min_samples_leaf': 2, 'n_estimators': 100}"
2022-03-28 07:00:00,Neural Network,7,2.5679456859264387,2.720722154160499,2020-03-28 07:00:00,2022-03-28 07:00:00,2022-03-28 07:00:00,730,1,-0.35941423956503044,0.35941423956503044,"{'regressor__model__alpha': 0.0001, 'regressor__model__hidden_layer_sizes': (64, 32), 'regressor__model__learning_rate_init': 0.0001}"
2022-03-28 07:00:00,Naive,7,2.5679456859264387,2.0828490624814493,2020-03-28 07:00:00,2022-03-28 07:00:00,2022-03-28 07:00:00,730,1,,,not_applicable
2022-03-29 07:00:00,Decision Tree,7,2.506324318023471,2.538087950607435,2020-03-29 07:00:00,2022-03-29 07:00:00,2022-03-29 07:00:00,730,1,-0.42290985504429074,0.42290985504429074,"{'max_depth': None, 'min_samples_leaf': 1, 'min_samples_split': 20}"
2022-03-29 07:00:00,ARX,7,2.506324318023471,2.969715819155196,2020-03-29 07:00:00,2022-03-29 07:00:00,2022-03-29 07:00:00,730,1,-0.3032104293734177,0.3032104293734177,{'model__alpha': 0.01}
2022-03-29 07:00:00,Random Forest,7,2.506324318023471,2.5436557827758715,2020-03-29 07:00:00,2022-03-29 07:00:00,2022-03-29 07:00:00,730,1,-0.28640559026943707,0.28640559026943707,"{'max_depth': 10, 'max_features': 0.5, 'min_samples_leaf': 2, 'n_estimators': 100}"
2022-03-29 07:00:00,Neural Network,7,2.506324318023471,2.585903665953457,2020-03-29 07:00:00,2022-03-29 07:00:00,2022-03-29 07:00:00,730,1,-0.35941423956503044,0.35941423956503044,"{'regressor__model__alpha': 0.0001, 'regressor__model__hidden_layer_sizes': (64, 32), 'regressor__model__learning_rate_init': 0.0001}"
2022-03-29 07:00:00,Naive,7,2.506324318023471,2.5679456859264387,2020-03-29 07:00:00,2022-03-29 07:00:00,2022-03-29 07:00:00,730,1,,,not_applicable
2022-03-30 07:00:00,Decision Tree,7,2.5533130409642615,2.580847965336178,2020-03-30 07:00:00,2022-03-30 07:00:00,2022-03-30 07:00:00,730,1,-0.42290985504429074,0.42290985504429074,"{'max_depth': None, 'min_samples_leaf': 1, 'min_samples_split': 20}"
2022-03-30 07:00:00,ARX,7,2.5533130409642615,2.9728322893501398,2020-03-30 07:00:00,2022-03-30 07:00:00,2022-03-30 07:00:00,730,1,-0.3032104293734177,0.3032104293734177,{'model__alpha': 0.01}
2022-03-30 07:00:00,Random Forest,7,2.5533130409642615,2.5044892485957955,2020-03-30 07:00:00,2022-03-30 07:00:00,2022-03-30 07:00:00,730,1,-0.28640559026943707,0.28640559026943707,"{'max_depth': 10, 'max_features': 0.5, 'min_samples_leaf': 2, 'n_estimators': 100}"
2022-03-30 07:00:00,Neural Network,7,2.5533130409642615,2.74430980163927,2020-03-30 07:00:00,2022-03-30 07:00:00,2022-03-30 07:00:00,730,1,-0.35941423956503044,0.35941423956503044,"{'regressor__model__alpha': 0.0001, 'regressor__model__hidden_layer_sizes': (64, 32), 'regressor__model__learning_rate_init': 0.0001}"
2022-03-30 07:00:00,Naive,7,2.5533130409642615,2.506324318023471,2020-03-30 07:00:00,2022-03-30 07:00:00,2022-03-30 07:00:00,730,1,,,not_applicable
2022-03-31 07:00:00,Decision Tree,7,2.5144036560627456,2.3577862284933424,2020-03-31 07:00:00,2022-03-31 07:00:00,2022-03-31 07:00:00,730,1,-0.42290985504429074,0.42290985504429074,"{'max_depth': None, 'min_samples_leaf': 1, 'min_samples_split': 20}"
2022-03-31 07:00:00,ARX,7,2.5144036560627456,2.5429623508419077,2020-03-31 07:00:00,2022-03-31 07:00:00,2022-03-31 07:00:00,730,1,-0.3032104293734177,0.3032104293734177,{'model__alpha': 0.01}
2022-03-31 07:00:00,Random Forest,7,2.5144036560627456,2.5131133555104435,2020-03-31 07:00:00,2022-03-31 07:00:00,2022-03-31 07:00:00,730,1,-0.28640559026943707,0.28640559026943707,"{'max_depth': 10, 'max_features': 0.5, 'min_samples_leaf': 2, 'n_estimators': 100}"
2022-03-31 07:00:00,Neural Network,7,2.5144036560627456,2.494583244866268,2020-03-31 07:00:00,2022-03-31 07:00:00,2022-03-31 07:00:00,730,1,-0.35941423956503044,0.35941423956503044,"{'regressor__model__alpha': 0.0001, 'regressor__model__hidden_layer_sizes': (64, 32), 'regressor__model__learning_rate_init': 0.0001}"
2022-03-31 07:00:00,Naive,7,2.5144036560627456,2.5533130409642615,2020-03-31 07:00:00,2022-03-31 07:00:00,2022-03-31 07:00:00,730,1,,,not_applicable
2022-04-01 07:00:00,Decision Tree,7,1.9771598450795829,2.37499111141143,2020-04-01 07:00:00,2022-04-01 07:00:00,2022-04-01 07:00:00,730,1,-0.42290985504429074,0.42290985504429074,"{'max_depth': None, 'min_samples_leaf': 1, 'min_samples_split': 20}"
2022-04-01 07:00:00,ARX,7,1.9771598450795829,1.9349128856314055,2020-04-01 07:00:00,2022-04-01 07:00:00,2022-04-01 07:00:00,730,1,-0.3032104293734177,0.3032104293734177,{'model__alpha': 0.01}
2022-04-01 07:00:00,Random Forest,7,1.9771598450795829,2.0900536007193593,2020-04-01 07:00:00,2022-04-01 07:00:00,2022-04-01 07:00:00,730,1,-0.28640559026943707,0.28640559026943707,"{'max_depth': 10, 'max_features': 0.5, 'min_samples_leaf': 2, 'n_estimators': 100}"
2022-04-01 07:00:00,Neural Network,7,1.9771598450795829,2.164052585427907,2020-04-01 07:00:00,2022-04-01 07:00:00,2022-04-01 07:00:00,730,1,-0.35941423956503044,0.35941423956503044,"{'regressor__model__alpha': 0.0001, 'regressor__model__hidden_layer_sizes': (64, 32), 'regressor__model__learning_rate_init': 0.0001}"
2022-04-01 07:00:00,Naive,7,1.9771598450795829,2.5144036560627456,2020-04-01 07:00:00,2022-04-01 07:00:00,2022-04-01 07:00:00,730,1,,,not_applicable
2022-04-02 07:00:00,Decision Tree,7,1.7370091596633215,1.7850533001175755,2020-04-02 07:00:00,2022-04-02 07:00:00,2022-04-02 07:00:00,730,1,-0.42290985504429074,0.42290985504429074,"{'max_depth': None, 'min_samples_leaf': 1, 'min_samples_split': 20}"
2022-04-02 07:00:00,ARX,7,1.7370091596633215,1.561785928157386,2020-04-02 07:00:00,2022-04-02 07:00:00,2022-04-02 07:00:00,730,1,-0.3032104293734177,0.3032104293734177,{'model__alpha': 0.01}
2022-04-02 07:00:00,Random Forest,7,1.7370091596633215,1.714958133296934,2020-04-02 07:00:00,2022-04-02 07:00:00,2022-04-02 07:00:00,730,1,-0.28640559026943707,0.28640559026943707,"{'max_depth': 10, 'max_features': 0.5, 'min_samples_leaf': 2, 'n_estimators': 100}"
2022-04-02 07:00:00,Neural Network,7,1.7370091596633215,1.2501441186595221,2020-04-02 07:00:00,2022-04-02 07:00:00,2022-04-02 07:00:00,730,1,-0.35941423956503044,0.35941423956503044,"{'regressor__model__alpha': 0.0001, 'regressor__model__hidden_layer_sizes': (64, 32), 'regressor__model__learning_rate_init': 0.0001}"
2022-04-02 07:00:00,Naive,7,1.7370091596633215,1.9771598450795829,2020-04-02 07:00:00,2022-04-02 07:00:00,2022-04-02 07:00:00,730,1,,,not_applicable
2022-04-03 07:00:00,Decision Tree,7,1.920780403371443,1.809846358698047,2020-04-03 07:00:00,2022-04-03 07:00:00,2022-04-03 07:00:00,730,1,-0.42290985504429074,0.42290985504429074,"{'max_depth': None, 'min_samples_leaf': 1, 'min_samples_split': 20}"
2022-04-03 07:00:00,ARX,7,1.920780403371443,1.5624851689162438,2020-04-03 07:00:00,2022-04-03 07:00:00,2022-04-03 07:00:00,730,1,-0.3032104293734177,0.3032104293734177,{'model__alpha': 0.01}
2022-04-03 07:00:00,Random Forest,7,1.920780403371443,1.7722651379804821,2020-04-03 07:00:00,2022-04-03 07:00:00,2022-04-03 07:00:00,730,1,-0.28640559026943707,0.28640559026943707,"{'max_depth': 10, 'max_features': 0.5, 'min_samples_leaf': 2, 'n_estimators': 100}"
2022-04-03 07:00:00,Neural Network,7,1.920780403371443,1.7430875040546288,2020-04-03 07:00:00,2022-04-03 07:00:00,2022-04-03 07:00:00,730,1,-0.35941423956503044,0.35941423956503044,"{'regressor__model__alpha': 0.0001, 'regressor__model__hidden_layer_sizes': (64, 32), 'regressor__model__learning_rate_init': 0.0001}"
2022-04-03 07:00:00,Naive,7,1.920780403371443,1.7370091596633215,2020-04-03 07:00:00,2022-04-03 07:00:00,2022-04-03 07:00:00,730,1,,,not_applicable
2022-04-04 07:00:00,Decision Tree,7,1.2416663890383637,1.7616694282731757,2020-04-04 07:00:00,2022-04-04 07:00:00,2022-04-04 07:00:00,730,1,-0.42290985504429074,0.42290985504429074,"{'max_depth': None, 'min_samples_leaf': 1, 'min_samples_split': 20}"
2022-04-04 07:00:00,ARX,7,1.2416663890383637,1.9538851157584678,2020-04-04 07:00:00,2022-04-04 07:00:00,2022-04-04 07:00:00,730,1,-0.3032104293734177,0.3032104293734177,{'model__alpha': 0.01}
2022-04-04 07:00:00,Random Forest,7,1.2416663890383637,2.038323061853359,2020-04-04 07:00:00,2022-04-04 07:00:00,2022-04-04 07:00:00,730,1,-0.28640559026943707,0.28640559026943707,"{'max_depth': 10, 'max_features': 0.5, 'min_samples_leaf': 2, 'n_estimators': 100}"
2022-04-04 07:00:00,Neural Network,7,1.2416663890383637,1.594643601337325,2020-04-04 07:00:00,2022-04-04 07:00:00,2022-04-04 07:00:00,730,1,-0.35941423956503044,0.35941423956503044,"{'regressor__model__alpha': 0.0001, 'regressor__model__hidden_layer_sizes': (64, 32), 'regressor__model__learning_rate_init': 0.0001}"
2022-04-04 07:00:00,Naive,7,1.2416663890383637,1.920780403371443,2020-04-04 07:00:00,2022-04-04 07:00:00,2022-04-04 07:00:00,730,1,,,not_applicable
2022-04-05 07:00:00,Decision Tree,7,2.0949565740405376,2.149765499173014,2020-04-05 07:00:00,2022-04-05 07:00:00,2022-04-05 07:00:00,730,1,-0.42290985504429074,0.42290985504429074,"{'max_depth': None, 'min_samples_leaf': 1, 'min_samples_split': 20}"
2022-04-05 07:00:00,ARX,7,2.0949565740405376,1.4534564702485322,2020-04-05 07:00:00,2022-04-05 07:00:00,2022-04-05 07:00:00,730,1,-0.3032104293734177,0.3032104293734177,{'model__alpha': 0.01}
2022-04-05 07:00:00,Random Forest,7,2.0949565740405376,1.4614514405086654,2020-04-05 07:00:00,2022-04-05 07:00:00,2022-04-05 07:00:00,730,1,-0.28640559026943707,0.28640559026943707,"{'max_depth': 10, 'max_features': 0.5, 'min_samples_leaf': 2, 'n_estimators': 100}"
2022-04-05 07:00:00,Neural Network,7,2.0949565740405376,0.9459516657164193,2020-04-05 07:00:00,2022-04-05 07:00:00,2022-04-05 07:00:00,730,1,-0.35941423956503044,0.35941423956503044,"{'regressor__model__alpha': 0.0001, 'regressor__model__hidden_layer_sizes': (64, 32), 'regressor__model__learning_rate_init': 0.0001}"
2022-04-05 07:00:00,Naive,7,2.0949565740405376,1.2416663890383637,2020-04-05 07:00:00,2022-04-05 07:00:00,2022-04-05 07:00:00,730,1,,,not_applicable
2022-04-06 07:00:00,Decision Tree,7,1.8073803702964681,1.696201024804808,2020-04-06 07:00:00,2022-04-06 07:00:00,2022-04-06 07:00:00,730,1,-0.42290985504429074,0.42290985504429074,"{'max_depth': None, 'min_samples_leaf': 1, 'min_samples_split': 20}"
2022-04-06 07:00:00,ARX,7,1.8073803702964681,2.1236153091519676,2020-04-06 07:00:00,2022-04-06 07:00:00,2022-04-06 07:00:00,730,1,-0.3032104293734177,0.3032104293734177,{'model__alpha': 0.01}
2022-04-06 07:00:00,Random Forest,7,1.8073803702964681,2.190430964180168,2020-04-06 07:00:00,2022-04-06 07:00:00,2022-04-06 07:00:00,730,1,-0.28640559026943707,0.28640559026943707,"{'max_depth': 10, 'max_features': 0.5, 'min_samples_leaf': 2, 'n_estimators': 100}"
2022-04-06 07:00:00,Neural Network,7,1.8073803702964681,1.9856467816440593,2020-04-06 07:00:00,2022-04-06 07:00:00,2022-04-06 07:00:00,730,1,-0.35941423956503044,0.35941423956503044,"{'regressor__model__alpha': 0.0001, 'regressor__model__hidden_layer_sizes': (64, 32), 'regressor__model__learning_rate_init': 0.0001}"
2022-04-06 07:00:00,Naive,7,1.8073803702964681,2.0949565740405376,2020-04-06 07:00:00,2022-04-06 07:00:00,2022-04-06 07:00:00,730,1,,,not_applicable
2022-04-07 07:00:00,Decision Tree,7,0.7581823597765079,1.3321833665323168,2020-04-07 07:00:00,2022-04-07 07:00:00,2022-04-07 07:00:00,730,1,-0.42290985504429074,0.42290985504429074,"{'max_depth': None, 'min_samples_leaf': 1, 'min_samples_split': 20}"
2022-04-07 07:00:00,ARX,7,0.7581823597765079,1.1363456973964934,2020-04-07 07:00:00,2022-04-07 07:00:00,2022-04-07 07:00:00,730,1,-0.3032104293734177,0.3032104293734177,{'model__alpha': 0.01}
2022-04-07 07:00:00,Random Forest,7,0.7581823597765079,1.4631290282596239,2020-04-07 07:00:00,2022-04-07 07:00:00,2022-04-07 07:00:00,730,1,-0.28640559026943707,0.28640559026943707,"{'max_depth': 10, 'max_features': 0.5, 'min_samples_leaf': 2, 'n_estimators': 100}"
2022-04-07 07:00:00,Neural Network,7,0.7581823597765079,1.6461936410756257,2020-04-07 07:00:00,2022-04-07 07:00:00,2022-04-07 07:00:00,730,1,-0.35941423956503044,0.35941423956503044,"{'regressor__model__alpha': 0.0001, 'regressor__model__hidden_layer_sizes': (64, 32), 'regressor__model__learning_rate_init': 0.0001}"
2022-04-07 07:00:00,Naive,7,0.7581823597765079,1.8073803702964681,2020-04-07 07:00:00,2022-04-07 07:00:00,2022-04-07 07:00:00,730,1,,,not_applicable
2022-04-08 07:00:00,Decision Tree,7,1.5362659577020352,0.24757229109911943,2020-04-08 07:00:00,2022-04-08 07:00:00,2022-04-08 07:00:00,730,1,-0.42290985504429074,0.42290985504429074,"{'max_depth': None, 'min_samples_leaf': 1, 'min_samples_split': 20}"
2022-04-08 07:00:00,ARX,7,1.5362659577020352,0.7767124199454905,2020-04-08 07:00:00,2022-04-08 07:00:00,2022-04-08 07:00:00,730,1,-0.3032104293734177,0.3032104293734177,{'model__alpha': 0.01}
2022-04-08 07:00:00,Random Forest,7,1.5362659577020352,0.9647614645004563,2020-04-08 07:00:00,2022-04-08 07:00:00,2022-04-08 07:00:00,730,1,-0.28640559026943707,0.28640559026943707,"{'max_depth': 10, 'max_features': 0.5, 'min_samples_leaf': 2, 'n_estimators': 100}"
2022-04-08 07:00:00,Neural Network,7,1.5362659577020352,0.7782480347549616,2020-04-08 07:00:00,2022-04-08 07:00:00,2022-04-08 07:00:00,730,1,-0.35941423956503044,0.35941423956503044,"{'regressor__model__alpha': 0.0001, 'regressor__model__hidden_layer_sizes': (64, 32), 'regressor__model__learning_rate_init': 0.0001}"
2022-04-08 07:00:00,Naive,7,1.5362659577020352,0.7581823597765079,2020-04-08 07:00:00,2022-04-08 07:00:00,2022-04-08 07:00:00,730,1,,,not_applicable
2022-04-09 07:00:00,Decision Tree,7,0.7153666096990285,1.6467281069075015,2020-04-09 07:00:00,2022-04-09 07:00:00,2022-04-09 07:00:00,730,1,-0.42290985504429074,0.42290985504429074,"{'max_depth': None, 'min_samples_leaf': 1, 'min_samples_split': 20}"
2022-04-09 07:00:00,ARX,7,0.7153666096990285,1.1358668592351848,2020-04-09 07:00:00,2022-04-09 07:00:00,2022-04-09 07:00:00,730,1,-0.3032104293734177,0.3032104293734177,{'model__alpha': 0.01}
2022-04-09 07:00:00,Random Forest,7,0.7153666096990285,1.1976268107684471,2020-04-09 07:00:00,2022-04-09 07:00:00,2022-04-09 07:00:00,730,1,-0.28640559026943707,0.28640559026943707,"{'max_depth': 10, 'max_features': 0.5, 'min_samples_leaf': 2, 'n_estimators': 100}"
2022-04-09 07:00:00,Neural Network,7,0.7153666096990285,2.548654501205818,2020-04-09 07:00:00,2022-04-09 07:00:00,2022-04-09 07:00:00,730,1,-0.35941423956503044,0.35941423956503044,"{'regressor__model__alpha': 0.0001, 'regressor__model__hidden_layer_sizes': (64, 32), 'regressor__model__learning_rate_init': 0.0001}"
2022-04-09 07:00:00,Naive,7,0.7153666096990285,1.5362659577020352,2020-04-09 07:00:00,2022-04-09 07:00:00,2022-04-09 07:00:00,730,1,,,not_applicable
2022-04-10 07:00:00,Decision Tree,7,-0.26054889272513637,0.5331496320882316,2020-04-10 07:00:00,2022-04-10 07:00:00,2022-04-10 07:00:00,730,1,-0.42290985504429074,0.42290985504429074,"{'max_depth': None, 'min_samples_leaf': 1, 'min_samples_split': 20}"
2022-04-10 07:00:00,ARX,7,-0.26054889272513637,0.37090014937569216,2020-04-10 07:00:00,2022-04-10 07:00:00,2022-04-10 07:00:00,730,1,-0.3032104293734177,0.3032104293734177,{'model__alpha': 0.01}
2022-04-10 07:00:00,Random Forest,7,-0.26054889272513637,-0.17000302706786777,2020-04-10 07:00:00,2022-04-10 07:00:00,2022-04-10 07:00:00,730,1,-0.28640559026943707,0.28640559026943707,"{'max_depth': 10, 'max_features': 0.5, 'min_samples_leaf': 2, 'n_estimators': 100}"
2022-04-10 07:00:00,Neural Network,7,-0.26054889272513637,0.7086218448764742,2020-04-10 07:00:00,2022-04-10 07:00:00,2022-04-10 07:00:00,730,1,-0.35941423956503044,0.35941423956503044,"{'regressor__model__alpha': 0.0001, 'regressor__model__hidden_layer_sizes': (64, 32), 'regressor__model__learning_rate_init': 0.0001}"
2022-04-10 07:00:00,Naive,7,-0.26054889272513637,0.7153666096990285,2020-04-10 07:00:00,2022-04-10 07:00:00,2022-04-10 07:00:00,730,1,,,not_applicable
2022-04-11 07:00:00,Decision Tree,7,2.471189853278591,2.578729894230646,2020-04-11 07:00:00,2022-04-11 07:00:00,2022-04-11 07:00:00,730,1,-0.42290985504429074,0.42290985504429074,"{'max_depth': None, 'min_samples_leaf': 1, 'min_samples_split': 20}"
2022-04-11 07:00:00,ARX,7,2.471189853278591,2.636527273116054,2020-04-11 07:00:00,2022-04-11 07:00:00,2022-04-11 07:00:00,730,1,-0.3032104293734177,0.3032104293734177,{'model__alpha': 0.01}
2022-04-11 07:00:00,Random Forest,7,2.471189853278591,2.161192895669587,2020-04-11 07:00:00,2022-04-11 07:00:00,2022-04-11 07:00:00,730,1,-0.28640559026943707,0.28640559026943707,"{'max_depth': 10, 'max_features': 0.5, 'min_samples_leaf': 2, 'n_estimators': 100}"
2022-04-11 07:00:00,Neural Network,7,2.471189853278591,2.7250129851730835,2020-04-11 07:00:00,2022-04-11 07:00:00,2022-04-11 07:00:00,730,1,-0.35941423956503044,0.35941423956503044,"{'regressor__model__alpha': 0.0001, 'regressor__model__hidden_layer_sizes': (64, 32), 'regressor__model__learning_rate_init': 0.0001}"
2022-04-11 07:00:00,Naive,7,2.471189853278591,-0.26054889272513637,2020-04-11 07:00:00,2022-04-11 07:00:00,2022-04-11 07:00:00,730,1,,,not_applicable
2022-04-12 07:00:00,Decision Tree,7,2.3322929163203066,2.2765746223143712,2020-04-12 07:00:00,2022-04-12 07:00:00,2022-04-12 07:00:00,730,1,-0.42290985504429074,0.42290985504429074,"{'max_depth': None, 'min_samples_leaf': 1, 'min_samples_split': 20}"
2022-04-12 07:00:00,ARX,7,2.3322929163203066,2.337988668720673,2020-04-12 07:00:00,2022-04-12 07:00:00,2022-04-12 07:00:00,730,1,-0.3032104293734177,0.3032104293734177,{'model__alpha': 0.01}
2022-04-12 07:00:00,Random Forest,7,2.3322929163203066,2.35303632995407,2020-04-12 07:00:00,2022-04-12 07:00:00,2022-04-12 07:00:00,730,1,-0.28640559026943707,0.28640559026943707,"{'max_depth': 10, 'max_features': 0.5, 'min_samples_leaf': 2, 'n_estimators': 100}"
2022-04-12 07:00:00,Neural Network,7,2.3322929163203066,3.0738474352588745,2020-04-12 07:00:00,2022-04-12 07:00:00,2022-04-12 07:00:00,730,1,-0.35941423956503044,0.35941423956503044,"{'regressor__model__alpha': 0.0001, 'regressor__model__hidden_layer_sizes': (64, 32), 'regressor__model__learning_rate_init': 0.0001}"
2022-04-12 07:00:00,Naive,7,2.3322929163203066,2.471189853278591,2020-04-12 07:00:00,2022-04-12 07:00:00,2022-04-12 07:00:00,730,1,,,not_applicable
2022-04-13 07:00:00,Decision Tree,7,2.321863138584934,1.9038971124034443,2020-04-13 07:00:00,2022-04-13 07:00:00,2022-04-13 07:00:00,730,1,-0.42290985504429074,0.42290985504429074,"{'max_depth': None, 'min_samples_leaf': 1, 'min_samples_split': 20}"
2022-04-13 07:00:00,ARX,7,2.321863138584934,2.293341816772325,2020-04-13 07:00:00,2022-04-13 07:00:00,2022-04-13 07:00:00,730,1,-0.3032104293734177,0.3032104293734177,{'model__alpha': 0.01}
2022-04-13 07:00:00,Random Forest,7,2.321863138584934,2.0863600426648876,2020-04-13 07:00:00,2022-04-13 07:00:00,2022-04-13 07:00:00,730,1,-0.28640559026943707,0.28640559026943707,"{'max_depth': 10, 'max_features': 0.5, 'min_samples_leaf': 2, 'n_estimators': 100}"
2022-04-13 07:00:00,Neural Network,7,2.321863138584934,1.7648067349531324,2020-04-13 07:00:00,2022-04-13 07:00:00,2022-04-13 07:00:00,730,1,-0.35941423956503044,0.35941423956503044,"{'regressor__model__alpha': 0.0001, 'regressor__model__hidden_layer_sizes': (64, 32), 'regressor__model__learning_rate_init': 0.0001}"
2022-04-13 07:00:00,Naive,7,2.321863138584934,2.3322929163203066,2020-04-13 07:00:00,2022-04-13 07:00:00,2022-04-13 07:00:00,730,1,,,not_applicable
2022-04-14 07:00:00,Decision Tree,7,2.3417443805125098,2.6271225379504797,2020-04-14 07:00:00,2022-04-14 07:00:00,2022-04-14 07:00:00,730,1,-0.42290985504429074,0.42290985504429074,"{'max_depth': None, 'min_samples_leaf': 1, 'min_samples_split': 20}"
2022-04-14 07:00:00,ARX,7,2.3417443805125098,2.5551948755244958,2020-04-14 07:00:00,2022-04-14 07:00:00,2022-04-14 07:00:00,730,1,-0.3032104293734177,0.3032104293734177,{'model__alpha': 0.01}
2022-04-14 07:00:00,Random Forest,7,2.3417443805125098,2.2547055193507304,2020-04-14 07:00:00,2022-04-14 07:00:00,2022-04-14 07:00:00,730,1,-0.28640559026943707,0.28640559026943707,"{'max_depth': 10, 'max_features': 0.5, 'min_samples_leaf': 2, 'n_estimators': 100}"
2022-04-14 07:00:00,Neural Network,7,2.3417443805125098,2.721241975450936,2020-04-14 07:00:00,2022-04-14 07:00:00,2022-04-14 07:00:00,730,1,-0.35941423956503044,0.35941423956503044,"{'regressor__model__alpha': 0.0001, 'regressor__model__hidden_layer_sizes': (64, 32), 'regressor__model__learning_rate_init': 0.0001}"
2022-04-14 07:00:00,Naive,7,2.3417443805125098,2.321863138584934,2020-04-14 07:00:00,2022-04-14 07:00:00,2022-04-14 07:00:00,730,1,,,not_applicable
2022-04-15 07:00:00,Decision Tree,7,2.0726610949298854,1.836560208795576,2020-04-15 07:00:00,2022-04-15 07:00:00,2022-04-15 07:00:00,730,1,-0.42290985504429074,0.42290985504429074,"{'max_depth': None, 'min_samples_leaf': 1, 'min_samples_split': 20}"
2022-04-15 07:00:00,ARX,7,2.0726610949298854,1.905368831296678,2020-04-15 07:00:00,2022-04-15 07:00:00,2022-04-15 07:00:00,730,1,-0.3032104293734177,0.3032104293734177,{'model__alpha': 0.01}
2022-04-15 07:00:00,Random Forest,7,2.0726610949298854,1.9559972061669526,2020-04-15 07:00:00,2022-04-15 07:00:00,2022-04-15 07:00:00,730,1,-0.28640559026943707,0.28640559026943707,"{'max_depth': 10, 'max_features': 0.5, 'min_samples_leaf': 2, 'n_estimators': 100}"
2022-04-15 07:00:00,Neural Network,7,2.0726610949298854,1.5780226790838818,2020-04-15 07:00:00,2022-04-15 07:00:00,2022-04-15 07:00:00,730,1,-0.35941423956503044,0.35941423956503044,"{'regressor__model__alpha': 0.0001, 'regressor__model__hidden_layer_sizes': (64, 32), 'regressor__model__learning_rate_init': 0.0001}"
2022-04-15 07:00:00,Naive,7,2.0726610949298854,2.3417443805125098,2020-04-15 07:00:00,2022-04-15 07:00:00,2022-04-15 07:00:00,730,1,,,not_applicable
2022-04-16 07:00:00,Decision Tree,7,1.8780586975901916,1.6407687204251258,2020-04-16 07:00:00,2022-04-16 07:00:00,2022-04-16 07:00:00,730,1,-0.42290985504429074,0.42290985504429074,"{'max_depth': None, 'min_samples_leaf': 1, 'min_samples_split': 20}"
2022-04-16 07:00:00,ARX,7,1.8780586975901916,1.5774977234158607,2020-04-16 07:00:00,2022-04-16 07:00:00,2022-04-16 07:00:00,730,1,-0.3032104293734177,0.3032104293734177,{'model__alpha': 0.01}
2022-04-16 07:00:00,Random Forest,7,1.8780586975901916,1.6488549395946683,2020-04-16 07:00:00,2022-04-16 07:00:00,2022-04-16 07:00:00,730,1,-0.28640559026943707,0.28640559026943707,"{'max_depth': 10, 'max_features': 0.5, 'min_samples_leaf': 2, 'n_estimators': 100}"
2022-04-16 07:00:00,Neural Network,7,1.8780586975901916,1.4905910135320082,2020-04-16 07:00:00,2022-04-16 07:00:00,2022-04-16 07:00:00,730,1,-0.35941423956503044,0.35941423956503044,"{'regressor__model__alpha': 0.0001, 'regressor__model__hidden_layer_sizes': (64, 32), 'regressor__model__learning_rate_init': 0.0001}"
2022-04-16 07:00:00,Naive,7,1.8780586975901916,2.0726610949298854,2020-04-16 07:00:00,2022-04-16 07:00:00,2022-04-16 07:00:00,730,1,,,not_applicable
2022-04-17 07:00:00,Decision Tree,7,1.4733400239431245,1.1223796262271006,2020-04-17 07:00:00,2022-04-17 07:00:00,2022-04-17 07:00:00,730,1,-0.42290985504429074,0.42290985504429074,"{'max_depth': None, 'min_samples_leaf': 1, 'min_samples_split': 20}"
2022-04-17 07:00:00,ARX,7,1.4733400239431245,1.1147952546657904,2020-04-17 07:00:00,2022-04-17 07:00:00,2022-04-17 07:00:00,730,1,-0.3032104293734177,0.3032104293734177,{'model__alpha': 0.01}
2022-04-17 07:00:00,Random Forest,7,1.4733400239431245,1.2376884493563391,2020-04-17 07:00:00,2022-04-17 07:00:00,2022-04-17 07:00:00,730,1,-0.28640559026943707,0.28640559026943707,"{'max_depth': 10, 'max_features': 0.5, 'min_samples_leaf': 2, 'n_estimators': 100}"
2022-04-17 07:00:00,Neural Network,7,1.4733400239431245,1.2249563804120407,2020-04-17 07:00:00,2022-04-17 07:00:00,2022-04-17 07:00:00,730,1,-0.35941423956503044,0.35941423956503044,"{'regressor__model__alpha': 0.0001, 'regressor__model__hidden_layer_sizes': (64, 32), 'regressor__model__learning_rate_init': 0.0001}"
2022-04-17 07:00:00,Naive,7,1.4733400239431245,1.8780586975901916,2020-04-17 07:00:00,2022-04-17 07:00:00,2022-04-17 07:00:00,730,1,,,not_applicable
2022-04-18 07:00:00,Decision Tree,7,0.9736236956596631,1.1408512261068913,2020-04-18 07:00:00,2022-04-18 07:00:00,2022-04-18 07:00:00,730,1,-0.42290985504429074,0.42290985504429074,"{'max_depth': None, 'min_samples_leaf': 1, 'min_samples_split': 20}"
2022-04-18 07:00:00,ARX,7,0.9736236956596631,1.4659846309105755,2020-04-18 07:00:00,2022-04-18 07:00:00,2022-04-18 07:00:00,730,1,-0.3032104293734177,0.3032104293734177,{'model__alpha': 0.01}
2022-04-18 07:00:00,Random Forest,7,0.9736236956596631,1.3345735729714374,2020-04-18 07:00:00,2022-04-18 07:00:00,2022-04-18 07:00:00,730,1,-0.28640559026943707,0.28640559026943707,"{'max_depth': 10, 'max_features': 0.5, 'min_samples_leaf': 2, 'n_estimators': 100}"
2022-04-18 07:00:00,Neural Network,7,0.9736236956596631,1.1365474040673151,2020-04-18 07:00:00,2022-04-18 07:00:00,2022-04-18 07:00:00,730,1,-0.35941423956503044,0.35941423956503044,"{'regressor__model__alpha': 0.0001, 'regressor__model__hidden_layer_sizes': (64, 32), 'regressor__model__learning_rate_init': 0.0001}"
2022-04-18 07:00:00,Naive,7,0.9736236956596631,1.4733400239431245,2020-04-18 07:00:00,2022-04-18 07:00:00,2022-04-18 07:00:00,730,1,,,not_applicable
2022-04-19 07:00:00,Decision Tree,7,2.4121890852274874,2.302822163482236,2020-04-19 07:00:00,2022-04-19 07:00:00,2022-04-19 07:00:00,730,1,-0.42290985504429074,0.42290985504429074,"{'max_depth': None, 'min_samples_leaf': 1, 'min_samples_split': 20}"
2022-04-19 07:00:00,ARX,7,2.4121890852274874,2.544079545430015,2020-04-19 07:00:00,2022-04-19 07:00:00,2022-04-19 07:00:00,730,1,-0.3032104293734177,0.3032104293734177,{'model__alpha': 0.01}
2022-04-19 07:00:00,Random Forest,7,2.4121890852274874,2.210754872966442,2020-04-19 07:00:00,2022-04-19 07:00:00,2022-04-19 07:00:00,730,1,-0.28640559026943707,0.28640559026943707,"{'max_depth': 10, 'max_features': 0.5, 'min_samples_leaf': 2, 'n_estimators': 100}"
2022-04-19 07:00:00,Neural Network,7,2.4121890852274874,2.943581344034156,2020-04-19 07:00:00,2022-04-19 07:00:00,2022-04-19 07:00:00,730,1,-0.35941423956503044,0.35941423956503044,"{'regressor__model__alpha': 0.0001, 'regressor__model__hidden_layer_sizes': (64, 32), 'regressor__model__learning_rate_init': 0.0001}"
2022-04-19 07:00:00,Naive,7,2.4121890852274874,0.9736236956596631,2020-04-19 07:00:00,2022-04-19 07:00:00,2022-04-19 07:00:00,730,1,,,not_applicable
2022-04-20 07:00:00,Decision Tree,7,2.219257232536135,2.012968526086704,2020-04-20 07:00:00,2022-04-20 07:00:00,2022-04-20 07:00:00,730,1,-0.42290985504429074,0.42290985504429074,"{'max_depth': None, 'min_samples_leaf': 1, 'min_samples_split': 20}"
2022-04-20 07:00:00,ARX,7,2.219257232536135,2.407399945196366,2020-04-20 07:00:00,2022-04-20 07:00:00,2022-04-20 07:00:00,730,1,-0.3032104293734177,0.3032104293734177,{'model__alpha': 0.01}
2022-04-20 07:00:00,Random Forest,7,2.219257232536135,2.2095820134731126,2020-04-20 07:00:00,2022-04-20 07:00:00,2022-04-20 07:00:00,730,1,-0.28640559026943707,0.28640559026943707,"{'max_depth': 10, 'max_features': 0.5, 'min_samples_leaf': 2, 'n_estimators': 100}"
2022-04-20 07:00:00,Neural Network,7,2.219257232536135,2.2484342106415696,2020-04-20 07:00:00,2022-04-20 07:00:00,2022-04-20 07:00:00,730,1,-0.35941423956503044,0.35941423956503044,"{'regressor__model__alpha': 0.0001, 'regressor__model__hidden_layer_sizes': (64, 32), 'regressor__model__learning_rate_init': 0.0001}"
2022-04-20 07:00:00,Naive,7,2.219257232536135,2.4121890852274874,2020-04-20 07:00:00,2022-04-20 07:00:00,2022-04-20 07:00:00,730,1,,,not_applicable
2022-04-21 07:00:00,Decision Tree,7,2.2439901481607083,2.093363172828924,2020-04-21 07:00:00,2022-04-21 07:00:00,2022-04-21 07:00:00,730,1,-0.42290985504429074,0.42290985504429074,"{'max_depth': None, 'min_samples_leaf': 1, 'min_samples_split': 20}"
2022-04-21 07:00:00,ARX,7,2.2439901481607083,2.471338507065963,2020-04-21 07:00:00,2022-04-21 07:00:00,2022-04-21 07:00:00,730,1,-0.3032104293734177,0.3032104293734177,{'model__alpha': 0.01}
2022-04-21 07:00:00,Random Forest,7,2.2439901481607083,2.228181566279184,2020-04-21 07:00:00,2022-04-21 07:00:00,2022-04-21 07:00:00,730,1,-0.28640559026943707,0.28640559026943707,"{'max_depth': 10, 'max_features': 0.5, 'min_samples_leaf': 2, 'n_estimators': 100}"
2022-04-21 07:00:00,Neural Network,7,2.2439901481607083,1.9843864248532477,2020-04-21 07:00:00,2022-04-21 07:00:00,2022-04-21 07:00:00,730,1,-0.35941423956503044,0.35941423956503044,"{'regressor__model__alpha': 0.0001, 'regressor__model__hidden_layer_sizes': (64, 32), 'regressor__model__learning_rate_init': 0.0001}"
2022-04-21 07:00:00,Naive,7,2.2439901481607083,2.219257232536135,2020-04-21 07:00:00,2022-04-21 07:00:00,2022-04-21 07:00:00,730,1,,,not_applicable
2022-04-22 07:00:00,Decision Tree,7,2.156840291547545,2.045197378868232,2020-04-22 07:00:00,2022-04-22 07:00:00,2022-04-22 07:00:00,730,1,-0.42290985504429074,0.42290985504429074,"{'max_depth': None, 'min_samples_leaf': 1, 'min_samples_split': 20}"
2022-04-22 07:00:00,ARX,7,2.156840291547545,2.1474586926168158,2020-04-22 07:00:00,2022-04-22 07:00:00,2022-04-22 07:00:00,730,1,-0.3032104293734177,0.3032104293734177,{'model__alpha': 0.01}
2022-04-22 07:00:00,Random Forest,7,2.156840291547545,2.060405113935324,2020-04-22 07:00:00,2022-04-22 07:00:00,2022-04-22 07:00:00,730,1,-0.28640559026943707,0.28640559026943707,"{'max_depth': 10, 'max_features': 0.5, 'min_samples_leaf': 2, 'n_estimators': 100}"
2022-04-22 07:00:00,Neural Network,7,2.156840291547545,2.049206260085155,2020-04-22 07:00:00,2022-04-22 07:00:00,2022-04-22 07:00:00,730,1,-0.35941423956503044,0.35941423956503044,"{'regressor__model__alpha': 0.0001, 'regressor__model__hidden_layer_sizes': (64, 32), 'regressor__model__learning_rate_init': 0.0001}"
2022-04-22 07:00:00,Naive,7,2.156840291547545,2.2439901481607083,2020-04-22 07:00:00,2022-04-22 07:00:00,2022-04-22 07:00:00,730,1,,,not_applicable
2022-04-23 07:00:00,Decision Tree,7,1.444927811623494,1.273647339891046,2020-04-23 07:00:00,2022-04-23 07:00:00,2022-04-23 07:00:00,730,1,-0.42290985504429074,0.42290985504429074,"{'max_depth': None, 'min_samples_leaf': 1, 'min_samples_split': 20}"
2022-04-23 07:00:00,ARX,7,1.444927811623494,1.168031290029847,2020-04-23 07:00:00,2022-04-23 07:00:00,2022-04-23 07:00:00,730,1,-0.3032104293734177,0.3032104293734177,{'model__alpha': 0.01}
2022-04-23 07:00:00,Random Forest,7,1.444927811623494,1.408214757056484,2020-04-23 07:00:00,2022-04-23 07:00:00,2022-04-23 07:00:00,730,1,-0.28640559026943707,0.28640559026943707,"{'max_depth': 10, 'max_features': 0.5, 'min_samples_leaf': 2, 'n_estimators': 100}"
2022-04-23 07:00:00,Neural Network,7,1.444927811623494,1.6892384424423303,2020-04-23 07:00:00,2022-04-23 07:00:00,2022-04-23 07:00:00,730,1,-0.35941423956503044,0.35941423956503044,"{'regressor__model__alpha': 0.0001, 'regressor__model__hidden_layer_sizes': (64, 32), 'regressor__model__learning_rate_init': 0.0001}"
2022-04-23 07:00:00,Naive,7,1.444927811623494,2.156840291547545,2020-04-23 07:00:00,2022-04-23 07:00:00,2022-04-23 07:00:00,730,1,,,not_applicable
2022-04-24 07:00:00,Decision Tree,7,0.7824485585036759,-1.308139325459035,2020-04-24 07:00:00,2022-04-24 07:00:00,2022-04-24 07:00:00,730,1,-0.42290985504429074,0.42290985504429074,"{'max_depth': None, 'min_samples_leaf': 1, 'min_samples_split': 20}"
2022-04-24 07:00:00,ARX,7,0.7824485585036759,0.5819557711349846,2020-04-24 07:00:00,2022-04-24 07:00:00,2022-04-24 07:00:00,730,1,-0.3032104293734177,0.3032104293734177,{'model__alpha': 0.01}
2022-04-24 07:00:00,Random Forest,7,0.7824485585036759,0.3002317050166814,2020-04-24 07:00:00,2022-04-24 07:00:00,2022-04-24 07:00:00,730,1,-0.28640559026943707,0.28640559026943707,"{'max_depth': 10, 'max_features': 0.5, 'min_samples_leaf': 2, 'n_estimators': 100}"
2022-04-24 07:00:00,Neural Network,7,0.7824485585036759,0.3635159385832599,2020-04-24 07:00:00,2022-04-24 07:00:00,2022-04-24 07:00:00,730,1,-0.35941423956503044,0.35941423956503044,"{'regressor__model__alpha': 0.0001, 'regressor__model__hidden_layer_sizes': (64, 32), 'regressor__model__learning_rate_init': 0.0001}"
2022-04-24 07:00:00,Naive,7,0.7824485585036759,1.444927811623494,2020-04-24 07:00:00,2022-04-24 07:00:00,2022-04-24 07:00:00,730,1,,,not_applicable
2022-04-25 07:00:00,Decision Tree,7,2.2639576193550908,2.002581697115363,2020-04-25 07:00:00,2022-04-25 07:00:00,2022-04-25 07:00:00,730,1,-0.42290985504429074,0.42290985504429074,"{'max_depth': None, 'min_samples_leaf': 1, 'min_samples_split': 20}"
2022-04-25 07:00:00,ARX,7,2.2639576193550908,2.427810562200313,2020-04-25 07:00:00,2022-04-25 07:00:00,2022-04-25 07:00:00,730,1,-0.3032104293734177,0.3032104293734177,{'model__alpha': 0.01}
2022-04-25 07:00:00,Random Forest,7,2.2639576193550908,2.117571994021647,2020-04-25 07:00:00,2022-04-25 07:00:00,2022-04-25 07:00:00,730,1,-0.28640559026943707,0.28640559026943707,"{'max_depth': 10, 'max_features': 0.5, 'min_samples_leaf': 2, 'n_estimators': 100}"
2022-04-25 07:00:00,Neural Network,7,2.2639576193550908,2.754810845041404,2020-04-25 07:00:00,2022-04-25 07:00:00,2022-04-25 07:00:00,730,1,-0.35941423956503044,0.35941423956503044,"{'regressor__model__alpha': 0.0001, 'regressor__model__hidden_layer_sizes': (64, 32), 'regressor__model__learning_rate_init': 0.0001}"
2022-04-25 07:00:00,Naive,7,2.2639576193550908,0.7824485585036759,2020-04-25 07:00:00,2022-04-25 07:00:00,2022-04-25 07:00:00,730,1,,,not_applicable
2022-04-26 07:00:00,Decision Tree,7,2.3885648524688805,2.266363778128346,2020-04-26 07:00:00,2022-04-26 07:00:00,2022-04-26 07:00:00,730,1,-0.42290985504429074,0.42290985504429074,"{'max_depth': None, 'min_samples_leaf': 1, 'min_samples_split': 20}"
2022-04-26 07:00:00,ARX,7,2.3885648524688805,2.6871895702956143,2020-04-26 07:00:00,2022-04-26 07:00:00,2022-04-26 07:00:00,730,1,-0.3032104293734177,0.3032104293734177,{'model__alpha': 0.01}
2022-04-26 07:00:00,Random Forest,7,2.3885648524688805,2.3059803020785195,2020-04-26 07:00:00,2022-04-26 07:00:00,2022-04-26 07:00:00,730,1,-0.28640559026943707,0.28640559026943707,"{'max_depth': 10, 'max_features': 0.5, 'min_samples_leaf': 2, 'n_estimators': 100}"
2022-04-26 07:00:00,Neural Network,7,2.3885648524688805,2.5705545938961,2020-04-26 07:00:00,2022-04-26 07:00:00,2022-04-26 07:00:00,730,1,-0.35941423956503044,0.35941423956503044,"{'regressor__model__alpha': 0.0001, 'regressor__model__hidden_layer_sizes': (64, 32), 'regressor__model__learning_rate_init': 0.0001}"
2022-04-26 07:00:00,Naive,7,2.3885648524688805,2.2639576193550908,2020-04-26 07:00:00,2022-04-26 07:00:00,2022-04-26 07:00:00,730,1,,,not_applicable
2022-04-27 07:00:00,Decision Tree,7,2.2971957174304904,2.3117873613054285,2020-04-27 07:00:00,2022-04-27 07:00:00,2022-04-27 07:00:00,730,1,-0.42290985504429074,0.42290985504429074,"{'max_depth': None, 'min_samples_leaf': 1, 'min_samples_split': 20}"
2022-04-27 07:00:00,ARX,7,2.2971957174304904,2.673786624765347,2020-04-27 07:00:00,2022-04-27 07:00:00,2022-04-27 07:00:00,730,1,-0.3032104293734177,0.3032104293734177,{'model__alpha': 0.01}
2022-04-27 07:00:00,Random Forest,7,2.2971957174304904,2.327723834011992,2020-04-27 07:00:00,2022-04-27 07:00:00,2022-04-27 07:00:00,730,1,-0.28640559026943707,0.28640559026943707,"{'max_depth': 10, 'max_features': 0.5, 'min_samples_leaf': 2, 'n_estimators': 100}"
2022-04-27 07:00:00,Neural Network,7,2.2971957174304904,2.028995276072665,2020-04-27 07:00:00,2022-04-27 07:00:00,2022-04-27 07:00:00,730,1,-0.35941423956503044,0.35941423956503044,"{'regressor__model__alpha': 0.0001, 'regressor__model__hidden_layer_sizes': (64, 32), 'regressor__model__learning_rate_init': 0.0001}"
2022-04-27 07:00:00,Naive,7,2.2971957174304904,2.3885648524688805,2020-04-27 07:00:00,2022-04-27 07:00:00,2022-04-27 07:00:00,730,1,,,not_applicable
2022-04-28 07:00:00,Decision Tree,7,2.350084176078009,1.9015742804847542,2020-04-28 07:00:00,2022-04-28 07:00:00,2022-04-28 07:00:00,730,1,-0.42290985504429074,0.42290985504429074,"{'max_depth': None, 'min_samples_leaf': 1, 'min_samples_split': 20}"
2022-04-28 07:00:00,ARX,7,2.350084176078009,2.5157022277058187,2020-04-28 07:00:00,2022-04-28 07:00:00,2022-04-28 07:00:00,730,1,-0.3032104293734177,0.3032104293734177,{'model__alpha': 0.01}
2022-04-28 07:00:00,Random Forest,7,2.350084176078009,2.2621748759137024,2020-04-28 07:00:00,2022-04-28 07:00:00,2022-04-28 07:00:00,730,1,-0.28640559026943707,0.28640559026943707,"{'max_depth': 10, 'max_features': 0.5, 'min_samples_leaf': 2, 'n_estimators': 100}"
2022-04-28 07:00:00,Neural Network,7,2.350084176078009,2.291046788478296,2020-04-28 07:00:00,2022-04-28 07:00:00,2022-04-28 07:00:00,730,1,-0.35941423956503044,0.35941423956503044,"{'regressor__model__alpha': 0.0001, 'regressor__model__hidden_layer_sizes': (64, 32), 'regressor__model__learning_rate_init': 0.0001}"
2022-04-28 07:00:00,Naive,7,2.350084176078009,2.2971957174304904,2020-04-28 07:00:00,2022-04-28 07:00:00,2022-04-28 07:00:00,730,1,,,not_applicable
2022-04-29 07:00:00,Decision Tree,7,2.335366453856601,1.9015742804847544,2020-04-29 07:00:00,2022-04-29 07:00:00,2022-04-29 07:00:00,730,1,-0.42290985504429074,0.42290985504429074,"{'max_depth': None, 'min_samples_leaf': 1, 'min_samples_split': 20}"
2022-04-29 07:00:00,ARX,7,2.335366453856601,2.5612694266978417,2020-04-29 07:00:00,2022-04-29 07:00:00,2022-04-29 07:00:00,730,1,-0.3032104293734177,0.3032104293734177,{'model__alpha': 0.01}
2022-04-29 07:00:00,Random Forest,7,2.335366453856601,2.247093447726336,2020-04-29 07:00:00,2022-04-29 07:00:00,2022-04-29 07:00:00,730,1,-0.28640559026943707,0.28640559026943707,"{'max_depth': 10, 'max_features': 0.5, 'min_samples_leaf': 2, 'n_estimators': 100}"
2022-04-29 07:00:00,Neural Network,7,2.335366453856601,2.311571698109269,2020-04-29 07:00:00,2022-04-29 07:00:00,2022-04-29 07:00:00,730,1,-0.35941423956503044,0.35941423956503044,"{'regressor__model__alpha': 0.0001, 'regressor__model__hidden_layer_sizes': (64, 32), 'regressor__model__learning_rate_init': 0.0001}"
2022-04-29 07:00:00,Naive,7,2.335366453856601,2.350084176078009,2020-04-29 07:00:00,2022-04-29 07:00:00,2022-04-29 07:00:00,730,1,,,not_applicable
2022-04-30 07:00:00,Decision Tree,7,1.9396195131203062,2.2570063393814546,2020-04-30 07:00:00,2022-04-30 07:00:00,2022-04-30 07:00:00,730,1,-0.42290985504429074,0.42290985504429074,"{'max_depth': None, 'min_samples_leaf': 1, 'min_samples_split': 20}"
2022-04-30 07:00:00,ARX,7,1.9396195131203062,1.7960632208138536,2020-04-30 07:00:00,2022-04-30 07:00:00,2022-04-30 07:00:00,730,1,-0.3032104293734177,0.3032104293734177,{'model__alpha': 0.01}
2022-04-30 07:00:00,Random Forest,7,1.9396195131203062,1.9632021619375022,2020-04-30 07:00:00,2022-04-30 07:00:00,2022-04-30 07:00:00,730,1,-0.28640559026943707,0.28640559026943707,"{'max_depth': 10, 'max_features': 0.5, 'min_samples_leaf': 2, 'n_estimators': 100}"
2022-04-30 07:00:00,Neural Network,7,1.9396195131203062,2.0467106633575973,2020-04-30 07:00:00,2022-04-30 07:00:00,2022-04-30 07:00:00,730,1,-0.35941423956503044,0.35941423956503044,"{'regressor__model__alpha': 0.0001, 'regressor__model__hidden_layer_sizes': (64, 32), 'regressor__model__learning_rate_init': 0.0001}"
2022-04-30 07:00:00,Naive,7,1.9396195131203062,2.335366453856601,2020-04-30 07:00:00,2022-04-30 07:00:00,2022-04-30 07:00:00,730,1,,,not_applicable
2022-05-01 07:00:00,Decision Tree,7,1.8558030496291436,1.7017714244126778,2020-05-01 07:00:00,2022-05-01 07:00:00,2022-05-01 07:00:00,730,1,-0.42290985504429074,0.42290985504429074,"{'max_depth': None, 'min_samples_leaf': 1, 'min_samples_split': 20}"
2022-05-01 07:00:00,ARX,7,1.8558030496291436,1.2022783410423747,2020-05-01 07:00:00,2022-05-01 07:00:00,2022-05-01 07:00:00,730,1,-0.3032104293734177,0.3032104293734177,{'model__alpha': 0.01}
2022-05-01 07:00:00,Random Forest,7,1.8558030496291436,1.775576399289389,2020-05-01 07:00:00,2022-05-01 07:00:00,2022-05-01 07:00:00,730,1,-0.28640559026943707,0.28640559026943707,"{'max_depth': 10, 'max_features': 0.5, 'min_samples_leaf': 2, 'n_estimators': 100}"
2022-05-01 07:00:00,Neural Network,7,1.8558030496291436,1.7984710435056743,2020-05-01 07:00:00,2022-05-01 07:00:00,2022-05-01 07:00:00,730,1,-0.35941423956503044,0.35941423956503044,"{'regressor__model__alpha': 0.0001, 'regressor__model__hidden_layer_sizes': (64, 32), 'regressor__model__learning_rate_init': 0.0001}"
2022-05-01 07:00:00,Naive,7,1.8558030496291436,1.9396195131203062,2020-05-01 07:00:00,2022-05-01 07:00:00,2022-05-01 07:00:00,730,1,,,not_applicable
2022-05-02 07:00:00,Decision Tree,7,2.2767514615030717,2.406360484720488,2020-05-02 07:00:00,2022-05-02 07:00:00,2022-05-02 07:00:00,730,1,-0.42290985504429074,0.42290985504429074,"{'max_depth': None, 'min_samples_leaf': 1, 'min_samples_split': 20}"
2022-05-02 07:00:00,ARX,7,2.2767514615030717,2.6594902470734194,2020-05-02 07:00:00,2022-05-02 07:00:00,2022-05-02 07:00:00,730,1,-0.3032104293734177,0.3032104293734177,{'model__alpha': 0.01}
2022-05-02 07:00:00,Random Forest,7,2.2767514615030717,2.3182923533996056,2020-05-02 07:00:00,2022-05-02 07:00:00,2022-05-02 07:00:00,730,1,-0.28640559026943707,0.28640559026943707,"{'max_depth': 10, 'max_features': 0.5, 'min_samples_leaf': 2, 'n_estimators': 100}"
2022-05-02 07:00:00,Neural Network,7,2.2767514615030717,2.5141905379673233,2020-05-02 07:00:00,2022-05-02 07:00:00,2022-05-02 07:00:00,730,1,-0.35941423956503044,0.35941423956503044,"{'regressor__model__alpha': 0.0001, 'regressor__model__hidden_layer_sizes': (64, 32), 'regressor__model__learning_rate_init': 0.0001}"
2022-05-02 07:00:00,Naive,7,2.2767514615030717,1.8558030496291436,2020-05-02 07:00:00,2022-05-02 07:00:00,2022-05-02 07:00:00,730,1,,,not_applicable
2022-05-03 07:00:00,Decision Tree,7,2.203387140395632,2.3977198831726607,2020-05-03 07:00:00,2022-05-03 07:00:00,2022-05-03 07:00:00,730,1,-0.42290985504429074,0.42290985504429074,"{'max_depth': None, 'min_samples_leaf': 1, 'min_samples_split': 20}"
2022-05-03 07:00:00,ARX,7,2.203387140395632,2.5830448853371846,2020-05-03 07:00:00,2022-05-03 07:00:00,2022-05-03 07:00:00,730,1,-0.3032104293734177,0.3032104293734177,{'model__alpha': 0.01}
2022-05-03 07:00:00,Random Forest,7,2.203387140395632,2.312230019215526,2020-05-03 07:00:00,2022-05-03 07:00:00,2022-05-03 07:00:00,730,1,-0.28640559026943707,0.28640559026943707,"{'max_depth': 10, 'max_features': 0.5, 'min_samples_leaf': 2, 'n_estimators': 100}"
2022-05-03 07:00:00,Neural Network,7,2.203387140395632,2.4126928346396497,2020-05-03 07:00:00,2022-05-03 07:00:00,2022-05-03 07:00:00,730,1,-0.35941423956503044,0.35941423956503044,"{'regressor__model__alpha': 0.0001, 'regressor__model__hidden_layer_sizes': (64, 32), 'regressor__model__learning_rate_init': 0.0001}"
2022-05-03 07:00:00,Naive,7,2.203387140395632,2.2767514615030717,2020-05-03 07:00:00,2022-05-03 07:00:00,2022-05-03 07:00:00,730,1,,,not_applicable
2022-05-04 07:00:00,Decision Tree,7,2.3837906370276527,2.3855740867490964,2020-05-04 07:00:00,2022-05-04 07:00:00,2022-05-04 07:00:00,730,1,-0.42290985504429074,0.42290985504429074,"{'max_depth': None, 'min_samples_leaf': 1, 'min_samples_split': 20}"
2022-05-04 07:00:00,ARX,7,2.3837906370276527,2.601116183909245,2020-05-04 07:00:00,2022-05-04 07:00:00,2022-05-04 07:00:00,730,1,-0.3032104293734177,0.3032104293734177,{'model__alpha': 0.01}
2022-05-04 07:00:00,Random Forest,7,2.3837906370276527,2.305154331227231,2020-05-04 07:00:00,2022-05-04 07:00:00,2022-05-04 07:00:00,730,1,-0.28640559026943707,0.28640559026943707,"{'max_depth': 10, 'max_features': 0.5, 'min_samples_leaf': 2, 'n_estimators': 100}"
2022-05-04 07:00:00,Neural Network,7,2.3837906370276527,2.3548629133981134,2020-05-04 07:00:00,2022-05-04 07:00:00,2022-05-04 07:00:00,730,1,-0.35941423956503044,0.35941423956503044,"{'regressor__model__alpha': 0.0001, 'regressor__model__hidden_layer_sizes': (64, 32), 'regressor__model__learning_rate_init': 0.0001}"
2022-05-04 07:00:00,Naive,7,2.3837906370276527,2.203387140395632,2020-05-04 07:00:00,2022-05-04 07:00:00,2022-05-04 07:00:00,730,1,,,not_applicable
2022-05-05 07:00:00,Decision Tree,7,2.2865664020031966,2.363194733610872,2020-05-05 07:00:00,2022-05-05 07:00:00,2022-05-05 07:00:00,730,1,-0.42290985504429074,0.42290985504429074,"{'max_depth': None, 'min_samples_leaf': 1, 'min_samples_split': 20}"
2022-05-05 07:00:00,ARX,7,2.2865664020031966,2.604706313513482,2020-05-05 07:00:00,2022-05-05 07:00:00,2022-05-05 07:00:00,730,1,-0.3032104293734177,0.3032104293734177,{'model__alpha': 0.01}
2022-05-05 07:00:00,Random Forest,7,2.2865664020031966,2.348993357898061,2020-05-05 07:00:00,2022-05-05 07:00:00,2022-05-05 07:00:00,730,1,-0.28640559026943707,0.28640559026943707,"{'max_depth': 10, 'max_features': 0.5, 'min_samples_leaf': 2, 'n_estimators': 100}"
2022-05-05 07:00:00,Neural Network,7,2.2865664020031966,2.407319086081236,2020-05-05 07:00:00,2022-05-05 07:00:00,2022-05-05 07:00:00,730,1,-0.35941423956503044,0.35941423956503044,"{'regressor__model__alpha': 0.0001, 'regressor__model__hidden_layer_sizes': (64, 32), 'regressor__model__learning_rate_init': 0.0001}"
2022-05-05 07:00:00,Naive,7,2.2865664020031966,2.3837906370276527,2020-05-05 07:00:00,2022-05-05 07:00:00,2022-05-05 07:00:00,730,1,,,not_applicable
2022-05-06 07:00:00,Decision Tree,7,2.2851572561793096,2.358687184692773,2020-05-06 07:00:00,2022-05-06 07:00:00,2022-05-06 07:00:00,730,1,-0.42290985504429074,0.42290985504429074,"{'max_depth': None, 'min_samples_leaf': 1, 'min_samples_split': 20}"
2022-05-06 07:00:00,ARX,7,2.2851572561793096,2.4827135898623878,2020-05-06 07:00:00,2022-05-06 07:00:00,2022-05-06 07:00:00,730,1,-0.3032104293734177,0.3032104293734177,{'model__alpha': 0.01}
2022-05-06 07:00:00,Random Forest,7,2.2851572561793096,2.292261333466552,2020-05-06 07:00:00,2022-05-06 07:00:00,2022-05-06 07:00:00,730,1,-0.28640559026943707,0.28640559026943707,"{'max_depth': 10, 'max_features': 0.5, 'min_samples_leaf': 2, 'n_estimators': 100}"
2022-05-06 07:00:00,Neural Network,7,2.2851572561793096,2.3548446018745244,2020-05-06 07:00:00,2022-05-06 07:00:00,2022-05-06 07:00:00,730,1,-0.35941423956503044,0.35941423956503044,"{'regressor__model__alpha': 0.0001, 'regressor__model__hidden_layer_sizes': (64, 32), 'regressor__model__learning_rate_init': 0.0001}"
2022-05-06 07:00:00,Naive,7,2.2851572561793096,2.2865664020031966,2020-05-06 07:00:00,2022-05-06 07:00:00,2022-05-06 07:00:00,730,1,,,not_applicable
2022-05-07 07:00:00,Decision Tree,7,1.9743682497766148,2.3546021886642476,2020-05-07 07:00:00,2022-05-07 07:00:00,2022-05-07 07:00:00,730,1,-0.42290985504429074,0.42290985504429074,"{'max_depth': None, 'min_samples_leaf': 1, 'min_samples_split': 20}"
2022-05-07 07:00:00,ARX,7,1.9743682497766148,1.784874135651651,2020-05-07 07:00:00,2022-05-07 07:00:00,2022-05-07 07:00:00,730,1,-0.3032104293734177,0.3032104293734177,{'model__alpha': 0.01}
2022-05-07 07:00:00,Random Forest,7,1.9743682497766148,1.9708881083418024,2020-05-07 07:00:00,2022-05-07 07:00:00,2022-05-07 07:00:00,730,1,-0.28640559026943707,0.28640559026943707,"{'max_depth': 10, 'max_features': 0.5, 'min_samples_leaf': 2, 'n_estimators': 100}"
2022-05-07 07:00:00,Neural Network,7,1.9743682497766148,2.0504676432178726,2020-05-07 07:00:00,2022-05-07 07:00:00,2022-05-07 07:00:00,730,1,-0.35941423956503044,0.35941423956503044,"{'regressor__model__alpha': 0.0001, 'regressor__model__hidden_layer_sizes': (64, 32), 'regressor__model__learning_rate_init': 0.0001}"
2022-05-07 07:00:00,Naive,7,1.9743682497766148,2.2851572561793096,2020-05-07 07:00:00,2022-05-07 07:00:00,2022-05-07 07:00:00,730,1,,,not_applicable
2022-05-08 07:00:00,Decision Tree,7,1.7684055956193947,1.7108321082489402,2020-05-08 07:00:00,2022-05-08 07:00:00,2022-05-08 07:00:00,730,1,-0.42290985504429074,0.42290985504429074,"{'max_depth': None, 'min_samples_leaf': 1, 'min_samples_split': 20}"
2022-05-08 07:00:00,ARX,7,1.7684055956193947,1.3015400000066863,2020-05-08 07:00:00,2022-05-08 07:00:00,2022-05-08 07:00:00,730,1,-0.3032104293734177,0.3032104293734177,{'model__alpha': 0.01}
2022-05-08 07:00:00,Random Forest,7,1.7684055956193947,1.6513776610175086,2020-05-08 07:00:00,2022-05-08 07:00:00,2022-05-08 07:00:00,730,1,-0.28640559026943707,0.28640559026943707,"{'max_depth': 10, 'max_features': 0.5, 'min_samples_leaf': 2, 'n_estimators': 100}"
2022-05-08 07:00:00,Neural Network,7,1.7684055956193947,1.2915589182553535,2020-05-08 07:00:00,2022-05-08 07:00:00,2022-05-08 07:00:00,730,1,-0.35941423956503044,0.35941423956503044,"{'regressor__model__alpha': 0.0001, 'regressor__model__hidden_layer_sizes': (64, 32), 'regressor__model__learning_rate_init': 0.0001}"
2022-05-08 07:00:00,Naive,7,1.7684055956193947,1.9743682497766148,2020-05-08 07:00:00,2022-05-08 07:00:00,2022-05-08 07:00:00,730,1,,,not_applicable
2022-05-09 07:00:00,Decision Tree,7,2.192402191307587,2.3909923974246334,2020-05-09 07:00:00,2022-05-09 07:00:00,2022-05-09 07:00:00,730,1,-0.42290985504429074,0.42290985504429074,"{'max_depth': None, 'min_samples_leaf': 1, 'min_samples_split': 20}"
2022-05-09 07:00:00,ARX,7,2.192402191307587,2.1684896601116,2020-05-09 07:00:00,2022-05-09 07:00:00,2022-05-09 07:00:00,730,1,-0.3032104293734177,0.3032104293734177,{'model__alpha': 0.01}
2022-05-09 07:00:00,Random Forest,7,2.192402191307587,2.1790731724169237,2020-05-09 07:00:00,2022-05-09 07:00:00,2022-05-09 07:00:00,730,1,-0.28640559026943707,0.28640559026943707,"{'max_depth': 10, 'max_features': 0.5, 'min_samples_leaf': 2, 'n_estimators': 100}"
2022-05-09 07:00:00,Neural Network,7,2.192402191307587,2.456747354786775,2020-05-09 07:00:00,2022-05-09 07:00:00,2022-05-09 07:00:00,730,1,-0.35941423956503044,0.35941423956503044,"{'regressor__model__alpha': 0.0001, 'regressor__model__hidden_layer_sizes': (64, 32), 'regressor__model__learning_rate_init': 0.0001}"
2022-05-09 07:00:00,Naive,7,2.192402191307587,1.7684055956193947,2020-05-09 07:00:00,2022-05-09 07:00:00,2022-05-09 07:00:00,730,1,,,not_applicable
2022-05-10 07:00:00,Decision Tree,7,2.0913723991640034,2.379310620594219,2020-05-10 07:00:00,2022-05-10 07:00:00,2022-05-10 07:00:00,730,1,-0.42290985504429074,0.42290985504429074,"{'max_depth': None, 'min_samples_leaf': 1, 'min_samples_split': 20}"
2022-05-10 07:00:00,ARX,7,2.0913723991640034,2.197634838766074,2020-05-10 07:00:00,2022-05-10 07:00:00,2022-05-10 07:00:00,730,1,-0.3032104293734177,0.3032104293734177,{'model__alpha': 0.01}
2022-05-10 07:00:00,Random Forest,7,2.0913723991640034,2.1387279887609068,2020-05-10 07:00:00,2022-05-10 07:00:00,2022-05-10 07:00:00,730,1,-0.28640559026943707,0.28640559026943707,"{'max_depth': 10, 'max_features': 0.5, 'min_samples_leaf': 2, 'n_estimators': 100}"
2022-05-10 07:00:00,Neural Network,7,2.0913723991640034,1.9332958275568308,2020-05-10 07:00:00,2022-05-10 07:00:00,2022-05-10 07:00:00,730,1,-0.35941423956503044,0.35941423956503044,"{'regressor__model__alpha': 0.0001, 'regressor__model__hidden_layer_sizes': (64, 32), 'regressor__model__learning_rate_init': 0.0001}"
2022-05-10 07:00:00,Naive,7,2.0913723991640034,2.192402191307587,2020-05-10 07:00:00,2022-05-10 07:00:00,2022-05-10 07:00:00,730,1,,,not_applicable
2022-05-11 07:00:00,Decision Tree,7,2.063066885143988,2.383030039009615,2020-05-11 07:00:00,2022-05-11 07:00:00,2022-05-11 07:00:00,730,1,-0.42290985504429074,0.42290985504429074,"{'max_depth': None, 'min_samples_leaf': 1, 'min_samples_split': 20}"
2022-05-11 07:00:00,ARX,7,2.063066885143988,2.2267922757484615,2020-05-11 07:00:00,2022-05-11 07:00:00,2022-05-11 07:00:00,730,1,-0.3032104293734177,0.3032104293734177,{'model__alpha': 0.01}
2022-05-11 07:00:00,Random Forest,7,2.063066885143988,2.167113586243625,2020-05-11 07:00:00,2022-05-11 07:00:00,2022-05-11 07:00:00,730,1,-0.28640559026943707,0.28640559026943707,"{'max_depth': 10, 'max_features': 0.5, 'min_samples_leaf': 2, 'n_estimators': 100}"
2022-05-11 07:00:00,Neural Network,7,2.063066885143988,2.0638545612599115,2020-05-11 07:00:00,2022-05-11 07:00:00,2022-05-11 07:00:00,730,1,-0.35941423956503044,0.35941423956503044,"{'regressor__model__alpha': 0.0001, 'regressor__model__hidden_layer_sizes': (64, 32), 'regressor__model__learning_rate_init': 0.0001}"
2022-05-11 07:00:00,Naive,7,2.063066885143988,2.0913723991640034,2020-05-11 07:00:00,2022-05-11 07:00:00,2022-05-11 07:00:00,730,1,,,not_applicable
2022-05-12 07:00:00,Decision Tree,7,2.044151595608436,2.3603638908468842,2020-05-12 07:00:00,2022-05-12 07:00:00,2022-05-12 07:00:00,730,1,-0.42290985504429074,0.42290985504429074,"{'max_depth': None, 'min_samples_leaf': 1, 'min_samples_split': 20}"
2022-05-12 07:00:00,ARX,7,2.044151595608436,1.8813499129008822,2020-05-12 07:00:00,2022-05-12 07:00:00,2022-05-12 07:00:00,730,1,-0.3032104293734177,0.3032104293734177,{'model__alpha': 0.01}
2022-05-12 07:00:00,Random Forest,7,2.044151595608436,1.9781653915222919,2020-05-12 07:00:00,2022-05-12 07:00:00,2022-05-12 07:00:00,730,1,-0.28640559026943707,0.28640559026943707,"{'max_depth': 10, 'max_features': 0.5, 'min_samples_leaf': 2, 'n_estimators': 100}"
2022-05-12 07:00:00,Neural Network,7,2.044151595608436,1.5604113449136328,2020-05-12 07:00:00,2022-05-12 07:00:00,2022-05-12 07:00:00,730,1,-0.35941423956503044,0.35941423956503044,"{'regressor__model__alpha': 0.0001, 'regressor__model__hidden_layer_sizes': (64, 32), 'regressor__model__learning_rate_init': 0.0001}"
2022-05-12 07:00:00,Naive,7,2.044151595608436,2.063066885143988,2020-05-12 07:00:00,2022-05-12 07:00:00,2022-05-12 07:00:00,730,1,,,not_applicable
2022-05-13 07:00:00,Decision Tree,7,2.1067846405753152,1.9447356698288776,2020-05-13 07:00:00,2022-05-13 07:00:00,2022-05-13 07:00:00,730,1,-0.42290985504429074,0.42290985504429074,"{'max_depth': None, 'min_samples_leaf': 1, 'min_samples_split': 20}"
2022-05-13 07:00:00,ARX,7,2.1067846405753152,2.1343521928323423,2020-05-13 07:00:00,2022-05-13 07:00:00,2022-05-13 07:00:00,730,1,-0.3032104293734177,0.3032104293734177,{'model__alpha': 0.01}
2022-05-13 07:00:00,Random Forest,7,2.1067846405753152,2.0165681005087333,2020-05-13 07:00:00,2022-05-13 07:00:00,2022-05-13 07:00:00,730,1,-0.28640559026943707,0.28640559026943707,"{'max_depth': 10, 'max_features': 0.5, 'min_samples_leaf': 2, 'n_estimators': 100}"
2022-05-13 07:00:00,Neural Network,7,2.1067846405753152,1.8939024136310816,2020-05-13 07:00:00,2022-05-13 07:00:00,2022-05-13 07:00:00,730,1,-0.35941423956503044,0.35941423956503044,"{'regressor__model__alpha': 0.0001, 'regressor__model__hidden_layer_sizes': (64, 32), 'regressor__model__learning_rate_init': 0.0001}"
2022-05-13 07:00:00,Naive,7,2.1067846405753152,2.044151595608436,2020-05-13 07:00:00,2022-05-13 07:00:00,2022-05-13 07:00:00,730,1,,,not_applicable
2022-05-14 07:00:00,Decision Tree,7,1.8036807320415709,1.9627411110229265,2020-05-14 07:00:00,2022-05-14 07:00:00,2022-05-14 07:00:00,730,1,-0.42290985504429074,0.42290985504429074,"{'max_depth': None, 'min_samples_leaf': 1, 'min_samples_split': 20}"
2022-05-14 07:00:00,ARX,7,1.8036807320415709,1.345322933497938,2020-05-14 07:00:00,2022-05-14 07:00:00,2022-05-14 07:00:00,730,1,-0.3032104293734177,0.3032104293734177,{'model__alpha': 0.01}
2022-05-14 07:00:00,Random Forest,7,1.8036807320415709,1.4514964274655977,2020-05-14 07:00:00,2022-05-14 07:00:00,2022-05-14 07:00:00,730,1,-0.28640559026943707,0.28640559026943707,"{'max_depth': 10, 'max_features': 0.5, 'min_samples_leaf': 2, 'n_estimators': 100}"
2022-05-14 07:00:00,Neural Network,7,1.8036807320415709,1.2709583566561138,2020-05-14 07:00:00,2022-05-14 07:00:00,2022-05-14 07:00:00,730,1,-0.35941423956503044,0.35941423956503044,"{'regressor__model__alpha': 0.0001, 'regressor__model__hidden_layer_sizes': (64, 32), 'regressor__model__learning_rate_init': 0.0001}"
2022-05-14 07:00:00,Naive,7,1.8036807320415709,2.1067846405753152,2020-05-14 07:00:00,2022-05-14 07:00:00,2022-05-14 07:00:00,730,1,,,not_applicable
2022-05-15 07:00:00,Decision Tree,7,1.508397181729379,1.8453226113840722,2020-05-15 07:00:00,2022-05-15 07:00:00,2022-05-15 07:00:00,730,1,-0.42290985504429074,0.42290985504429074,"{'max_depth': None, 'min_samples_leaf': 1, 'min_samples_split': 20}"
2022-05-15 07:00:00,ARX,7,1.508397181729379,1.3111133682511158,2020-05-15 07:00:00,2022-05-15 07:00:00,2022-05-15 07:00:00,730,1,-0.3032104293734177,0.3032104293734177,{'model__alpha': 0.01}
2022-05-15 07:00:00,Random Forest,7,1.508397181729379,1.4659927226802674,2020-05-15 07:00:00,2022-05-15 07:00:00,2022-05-15 07:00:00,730,1,-0.28640559026943707,0.28640559026943707,"{'max_depth': 10, 'max_features': 0.5, 'min_samples_leaf': 2, 'n_estimators': 100}"
2022-05-15 07:00:00,Neural Network,7,1.508397181729379,1.5029611545180523,2020-05-15 07:00:00,2022-05-15 07:00:00,2022-05-15 07:00:00,730,1,-0.35941423956503044,0.35941423956503044,"{'regressor__model__alpha': 0.0001, 'regressor__model__hidden_layer_sizes': (64, 32), 'regressor__model__learning_rate_init': 0.0001}"
2022-05-15 07:00:00,Naive,7,1.508397181729379,1.8036807320415709,2020-05-15 07:00:00,2022-05-15 07:00:00,2022-05-15 07:00:00,730,1,,,not_applicable
2022-05-16 07:00:00,Decision Tree,7,2.12088042421066,2.1594191486607923,2020-05-16 07:00:00,2022-05-16 07:00:00,2022-05-16 07:00:00,730,1,-0.42290985504429074,0.42290985504429074,"{'max_depth': None, 'min_samples_leaf': 1, 'min_samples_split': 20}"
2022-05-16 07:00:00,ARX,7,2.12088042421066,2.185710986929315,2020-05-16 07:00:00,2022-05-16 07:00:00,2022-05-16 07:00:00,730,1,-0.3032104293734177,0.3032104293734177,{'model__alpha': 0.01}
2022-05-16 07:00:00,Random Forest,7,2.12088042421066,2.0555548729608213,2020-05-16 07:00:00,2022-05-16 07:00:00,2022-05-16 07:00:00,730,1,-0.28640559026943707,0.28640559026943707,"{'max_depth': 10, 'max_features': 0.5, 'min_samples_leaf': 2, 'n_estimators': 100}"
2022-05-16 07:00:00,Neural Network,7,2.12088042421066,1.9862190911902524,2020-05-16 07:00:00,2022-05-16 07:00:00,2022-05-16 07:00:00,730,1,-0.35941423956503044,0.35941423956503044,"{'regressor__model__alpha': 0.0001, 'regressor__model__hidden_layer_sizes': (64, 32), 'regressor__model__learning_rate_init': 0.0001}"
2022-05-16 07:00:00,Naive,7,2.12088042421066,1.508397181729379,2020-05-16 07:00:00,2022-05-16 07:00:00,2022-05-16 07:00:00,730,1,,,not_applicable
2022-05-17 07:00:00,Decision Tree,7,2.202218284368633,2.1570104783826585,2020-05-17 07:00:00,2022-05-17 07:00:00,2022-05-17 07:00:00,730,1,-0.42290985504429074,0.42290985504429074,"{'max_depth': None, 'min_samples_leaf': 1, 'min_samples_split': 20}"
2022-05-17 07:00:00,ARX,7,2.202218284368633,2.5997782316883695,2020-05-17 07:00:00,2022-05-17 07:00:00,2022-05-17 07:00:00,730,1,-0.3032104293734177,0.3032104293734177,{'model__alpha': 0.01}
2022-05-17 07:00:00,Random Forest,7,2.202218284368633,2.134624218051748,2020-05-17 07:00:00,2022-05-17 07:00:00,2022-05-17 07:00:00,730,1,-0.28640559026943707,0.28640559026943707,"{'max_depth': 10, 'max_features': 0.5, 'min_samples_leaf': 2, 'n_estimators': 100}"
2022-05-17 07:00:00,Neural Network,7,2.202218284368633,1.9081498689004028,2020-05-17 07:00:00,2022-05-17 07:00:00,2022-05-17 07:00:00,730,1,-0.35941423956503044,0.35941423956503044,"{'regressor__model__alpha': 0.0001, 'regressor__model__hidden_layer_sizes': (64, 32), 'regressor__model__learning_rate_init': 0.0001}"
2022-05-17 07:00:00,Naive,7,2.202218284368633,2.12088042421066,2020-05-17 07:00:00,2022-05-17 07:00:00,2022-05-17 07:00:00,730,1,,,not_applicable
2022-05-18 07:00:00,Decision Tree,7,2.11289080159276,2.4544341593994687,2020-05-18 07:00:00,2022-05-18 07:00:00,2022-05-18 07:00:00,730,1,-0.42290985504429074,0.42290985504429074,"{'max_depth': None, 'min_samples_leaf': 1, 'min_samples_split': 20}"
2022-05-18 07:00:00,ARX,7,2.11289080159276,2.2743224552679604,2020-05-18 07:00:00,2022-05-18 07:00:00,2022-05-18 07:00:00,730,1,-0.3032104293734177,0.3032104293734177,{'model__alpha': 0.01}
2022-05-18 07:00:00,Random Forest,7,2.11289080159276,2.1676571374282916,2020-05-18 07:00:00,2022-05-18 07:00:00,2022-05-18 07:00:00,730,1,-0.28640559026943707,0.28640559026943707,"{'max_depth': 10, 'max_features': 0.5, 'min_samples_leaf': 2, 'n_estimators': 100}"
2022-05-18 07:00:00,Neural Network,7,2.11289080159276,2.332498735893927,2020-05-18 07:00:00,2022-05-18 07:00:00,2022-05-18 07:00:00,730,1,-0.35941423956503044,0.35941423956503044,"{'regressor__model__alpha': 0.0001, 'regressor__model__hidden_layer_sizes': (64, 32), 'regressor__model__learning_rate_init': 0.0001}"
2022-05-18 07:00:00,Naive,7,2.11289080159276,2.202218284368633,2020-05-18 07:00:00,2022-05-18 07:00:00,2022-05-18 07:00:00,730,1,,,not_applicable
2022-05-19 07:00:00,Decision Tree,7,2.121233881828443,2.073592243620658,2020-05-19 07:00:00,2022-05-19 07:00:00,2022-05-19 07:00:00,730,1,-0.42290985504429074,0.42290985504429074,"{'max_depth': None, 'min_samples_leaf': 1, 'min_samples_split': 20}"
2022-05-19 07:00:00,ARX,7,2.121233881828443,2.1573272410505147,2020-05-19 07:00:00,2022-05-19 07:00:00,2022-05-19 07:00:00,730,1,-0.3032104293734177,0.3032104293734177,{'model__alpha': 0.01}
2022-05-19 07:00:00,Random Forest,7,2.121233881828443,2.1314923467932476,2020-05-19 07:00:00,2022-05-19 07:00:00,2022-05-19 07:00:00,730,1,-0.28640559026943707,0.28640559026943707,"{'max_depth': 10, 'max_features': 0.5, 'min_samples_leaf': 2, 'n_estimators': 100}"
2022-05-19 07:00:00,Neural Network,7,2.121233881828443,2.113990091349845,2020-05-19 07:00:00,2022-05-19 07:00:00,2022-05-19 07:00:00,730,1,-0.35941423956503044,0.35941423956503044,"{'regressor__model__alpha': 0.0001, 'regressor__model__hidden_layer_sizes': (64, 32), 'regressor__model__learning_rate_init': 0.0001}"
2022-05-19 07:00:00,Naive,7,2.121233881828443,2.11289080159276,2020-05-19 07:00:00,2022-05-19 07:00:00,2022-05-19 07:00:00,730,1,,,not_applicable
2022-05-20 07:00:00,Decision Tree,7,2.1841789488284267,2.172196878923456,2020-05-20 07:00:00,2022-05-20 07:00:00,2022-05-20 07:00:00,730,1,-0.42290985504429074,0.42290985504429074,"{'max_depth': None, 'min_samples_leaf': 1, 'min_samples_split': 20}"
2022-05-20 07:00:00,ARX,7,2.1841789488284267,2.4017469316048587,2020-05-20 07:00:00,2022-05-20 07:00:00,2022-05-20 07:00:00,730,1,-0.3032104293734177,0.3032104293734177,{'model__alpha': 0.01}
2022-05-20 07:00:00,Random Forest,7,2.1841789488284267,2.1453326330156695,2020-05-20 07:00:00,2022-05-20 07:00:00,2022-05-20 07:00:00,730,1,-0.28640559026943707,0.28640559026943707,"{'max_depth': 10, 'max_features': 0.5, 'min_samples_leaf': 2, 'n_estimators': 100}"
2022-05-20 07:00:00,Neural Network,7,2.1841789488284267,2.1373016326102237,2020-05-20 07:00:00,2022-05-20 07:00:00,2022-05-20 07:00:00,730,1,-0.35941423956503044,0.35941423956503044,"{'regressor__model__alpha': 0.0001, 'regressor__model__hidden_layer_sizes': (64, 32), 'regressor__model__learning_rate_init': 0.0001}"
2022-05-20 07:00:00,Naive,7,2.1841789488284267,2.121233881828443,2020-05-20 07:00:00,2022-05-20 07:00:00,2022-05-20 07:00:00,730,1,,,not_applicable
2022-05-21 07:00:00,Decision Tree,7,1.0309741423803809,0.8371063750604464,2020-05-21 07:00:00,2022-05-21 07:00:00,2022-05-21 07:00:00,730,1,-0.42290985504429074,0.42290985504429074,"{'max_depth': None, 'min_samples_leaf': 1, 'min_samples_split': 20}"
2022-05-21 07:00:00,ARX,7,1.0309741423803809,0.9481823446328078,2020-05-21 07:00:00,2022-05-21 07:00:00,2022-05-21 07:00:00,730,1,-0.3032104293734177,0.3032104293734177,{'model__alpha': 0.01}
2022-05-21 07:00:00,Random Forest,7,1.0309741423803809,1.323433707879432,2020-05-21 07:00:00,2022-05-21 07:00:00,2022-05-21 07:00:00,730,1,-0.28640559026943707,0.28640559026943707,"{'max_depth': 10, 'max_features': 0.5, 'min_samples_leaf': 2, 'n_estimators': 100}"
2022-05-21 07:00:00,Neural Network,7,1.0309741423803809,0.7843737563610556,2020-05-21 07:00:00,2022-05-21 07:00:00,2022-05-21 07:00:00,730,1,-0.35941423956503044,0.35941423956503044,"{'regressor__model__alpha': 0.0001, 'regressor__model__hidden_layer_sizes': (64, 32), 'regressor__model__learning_rate_init': 0.0001}"
2022-05-21 07:00:00,Naive,7,1.0309741423803809,2.1841789488284267,2020-05-21 07:00:00,2022-05-21 07:00:00,2022-05-21 07:00:00,730,1,,,not_applicable
2022-05-22 07:00:00,Decision Tree,7,1.5525205067444952,1.575719733615567,2020-05-22 07:00:00,2022-05-22 07:00:00,2022-05-22 07:00:00,730,1,-0.42290985504429074,0.42290985504429074,"{'max_depth': None, 'min_samples_leaf': 1, 'min_samples_split': 20}"
2022-05-22 07:00:00,ARX,7,1.5525205067444952,1.2503489017877198,2020-05-22 07:00:00,2022-05-22 07:00:00,2022-05-22 07:00:00,730,1,-0.3032104293734177,0.3032104293734177,{'model__alpha': 0.01}
2022-05-22 07:00:00,Random Forest,7,1.5525205067444952,1.0795085938937772,2020-05-22 07:00:00,2022-05-22 07:00:00,2022-05-22 07:00:00,730,1,-0.28640559026943707,0.28640559026943707,"{'max_depth': 10, 'max_features': 0.5, 'min_samples_leaf': 2, 'n_estimators': 100}"
2022-05-22 07:00:00,Neural Network,7,1.5525205067444952,1.2564554243535118,2020-05-22 07:00:00,2022-05-22 07:00:00,2022-05-22 07:00:00,730,1,-0.35941423956503044,0.35941423956503044,"{'regressor__model__alpha': 0.0001, 'regressor__model__hidden_layer_sizes': (64, 32), 'regressor__model__learning_rate_init': 0.0001}"
2022-05-22 07:00:00,Naive,7,1.5525205067444952,1.0309741423803809,2020-05-22 07:00:00,2022-05-22 07:00:00,2022-05-22 07:00:00,730,1,,,not_applicable
2022-05-23 07:00:00,Decision Tree,7,1.9667705326466576,1.9359345921170972,2020-05-23 07:00:00,2022-05-23 07:00:00,2022-05-23 07:00:00,730,1,-0.42290985504429074,0.42290985504429074,"{'max_depth': None, 'min_samples_leaf': 1, 'min_samples_split': 20}"
2022-05-23 07:00:00,ARX,7,1.9667705326466576,2.0613894465469365,2020-05-23 07:00:00,2022-05-23 07:00:00,2022-05-23 07:00:00,730,1,-0.3032104293734177,0.3032104293734177,{'model__alpha': 0.01}
2022-05-23 07:00:00,Random Forest,7,1.9667705326466576,2.0716443243264093,2020-05-23 07:00:00,2022-05-23 07:00:00,2022-05-23 07:00:00,730,1,-0.28640559026943707,0.28640559026943707,"{'max_depth': 10, 'max_features': 0.5, 'min_samples_leaf': 2, 'n_estimators': 100}"
2022-05-23 07:00:00,Neural Network,7,1.9667705326466576,2.2112939119125796,2020-05-23 07:00:00,2022-05-23 07:00:00,2022-05-23 07:00:00,730,1,-0.35941423956503044,0.35941423956503044,"{'regressor__model__alpha': 0.0001, 'regressor__model__hidden_layer_sizes': (64, 32), 'regressor__model__learning_rate_init': 0.0001}"
2022-05-23 07:00:00,Naive,7,1.9667705326466576,1.5525205067444952,2020-05-23 07:00:00,2022-05-23 07:00:00,2022-05-23 07:00:00,730,1,,,not_applicable
2022-05-24 07:00:00,Decision Tree,7,1.8707824917872806,2.117070640104246,2020-05-24 07:00:00,2022-05-24 07:00:00,2022-05-24 07:00:00,730,1,-0.42290985504429074,0.42290985504429074,"{'max_depth': None, 'min_samples_leaf': 1, 'min_samples_split': 20}"
2022-05-24 07:00:00,ARX,7,1.8707824917872806,1.8339145878919823,2020-05-24 07:00:00,2022-05-24 07:00:00,2022-05-24 07:00:00,730,1,-0.3032104293734177,0.3032104293734177,{'model__alpha': 0.01}
2022-05-24 07:00:00,Random Forest,7,1.8707824917872806,1.8401717565592244,2020-05-24 07:00:00,2022-05-24 07:00:00,2022-05-24 07:00:00,730,1,-0.28640559026943707,0.28640559026943707,"{'max_depth': 10, 'max_features': 0.5, 'min_samples_leaf': 2, 'n_estimators': 100}"
2022-05-24 07:00:00,Neural Network,7,1.8707824917872806,1.6921566987109595,2020-05-24 07:00:00,2022-05-24 07:00:00,2022-05-24 07:00:00,730,1,-0.35941423956503044,0.35941423956503044,"{'regressor__model__alpha': 0.0001, 'regressor__model__hidden_layer_sizes': (64, 32), 'regressor__model__learning_rate_init': 0.0001}"
2022-05-24 07:00:00,Naive,7,1.8707824917872806,1.9667705326466576,2020-05-24 07:00:00,2022-05-24 07:00:00,2022-05-24 07:00:00,730,1,,,not_applicable
2022-05-25 07:00:00,Decision Tree,7,1.985439064480526,1.9927057242532527,2020-05-25 07:00:00,2022-05-25 07:00:00,2022-05-25 07:00:00,730,1,-0.42290985504429074,0.42290985504429074,"{'max_depth': None, 'min_samples_leaf': 1, 'min_samples_split': 20}"
2022-05-25 07:00:00,ARX,7,1.985439064480526,2.2849423521661336,2020-05-25 07:00:00,2022-05-25 07:00:00,2022-05-25 07:00:00,730,1,-0.3032104293734177,0.3032104293734177,{'model__alpha': 0.01}
2022-05-25 07:00:00,Random Forest,7,1.985439064480526,2.025001413242006,2020-05-25 07:00:00,2022-05-25 07:00:00,2022-05-25 07:00:00,730,1,-0.28640559026943707,0.28640559026943707,"{'max_depth': 10, 'max_features': 0.5, 'min_samples_leaf': 2, 'n_estimators': 100}"
2022-05-25 07:00:00,Neural Network,7,1.985439064480526,2.246960953525087,2020-05-25 07:00:00,2022-05-25 07:00:00,2022-05-25 07:00:00,730,1,-0.35941423956503044,0.35941423956503044,"{'regressor__model__alpha': 0.0001, 'regressor__model__hidden_layer_sizes': (64, 32), 'regressor__model__learning_rate_init': 0.0001}"
2022-05-25 07:00:00,Naive,7,1.985439064480526,1.8707824917872806,2020-05-25 07:00:00,2022-05-25 07:00:00,2022-05-25 07:00:00,730,1,,,not_applicable
2022-05-26 07:00:00,Decision Tree,7,0.2780653146231995,0.4368155919387572,2020-05-26 07:00:00,2022-05-26 07:00:00,2022-05-26 07:00:00,730,1,-0.42290985504429074,0.42290985504429074,"{'max_depth': None, 'min_samples_leaf': 1, 'min_samples_split': 20}"
2022-05-26 07:00:00,ARX,7,0.2780653146231995,0.6309064575833807,2020-05-26 07:00:00,2022-05-26 07:00:00,2022-05-26 07:00:00,730,1,-0.3032104293734177,0.3032104293734177,{'model__alpha': 0.01}
2022-05-26 07:00:00,Random Forest,7,0.2780653146231995,1.1920265192720354,2020-05-26 07:00:00,2022-05-26 07:00:00,2022-05-26 07:00:00,730,1,-0.28640559026943707,0.28640559026943707,"{'max_depth': 10, 'max_features': 0.5, 'min_samples_leaf': 2, 'n_estimators': 100}"
2022-05-26 07:00:00,Neural Network,7,0.2780653146231995,1.538277872096191,2020-05-26 07:00:00,2022-05-26 07:00:00,2022-05-26 07:00:00,730,1,-0.35941423956503044,0.35941423956503044,"{'regressor__model__alpha': 0.0001, 'regressor__model__hidden_layer_sizes': (64, 32), 'regressor__model__learning_rate_init': 0.0001}"
2022-05-26 07:00:00,Naive,7,0.2780653146231995,1.985439064480526,2020-05-26 07:00:00,2022-05-26 07:00:00,2022-05-26 07:00:00,730,1,,,not_applicable
2022-05-27 07:00:00,Decision Tree,7,1.2468570154255605,1.7969388170155267,2020-05-27 07:00:00,2022-05-27 07:00:00,2022-05-27 07:00:00,730,1,-0.42290985504429074,0.42290985504429074,"{'max_depth': None, 'min_samples_leaf': 1, 'min_samples_split': 20}"
2022-05-27 07:00:00,ARX,7,1.2468570154255605,1.2160824271774295,2020-05-27 07:00:00,2022-05-27 07:00:00,2022-05-27 07:00:00,730,1,-0.3032104293734177,0.3032104293734177,{'model__alpha': 0.01}
2022-05-27 07:00:00,Random Forest,7,1.2468570154255605,1.5520637664987047,2020-05-27 07:00:00,2022-05-27 07:00:00,2022-05-27 07:00:00,730,1,-0.28640559026943707,0.28640559026943707,"{'max_depth': 10, 'max_features': 0.5, 'min_samples_leaf': 2, 'n_estimators': 100}"
2022-05-27 07:00:00,Neural Network,7,1.2468570154255605,0.7074766588818322,2020-05-27 07:00:00,2022-05-27 07:00:00,2022-05-27 07:00:00,730,1,-0.35941423956503044,0.35941423956503044,"{'regressor__model__alpha': 0.0001, 'regressor__model__hidden_layer_sizes': (64, 32), 'regressor__model__learning_rate_init': 0.0001}"
2022-05-27 07:00:00,Naive,7,1.2468570154255605,0.2780653146231995,2020-05-27 07:00:00,2022-05-27 07:00:00,2022-05-27 07:00:00,730,1,,,not_applicable
2022-05-28 07:00:00,Decision Tree,7,-1.0963667096534129,0.8020666894844192,2020-05-28 07:00:00,2022-05-28 07:00:00,2022-05-28 07:00:00,730,1,-0.42290985504429074,0.42290985504429074,"{'max_depth': None, 'min_samples_leaf': 1, 'min_samples_split': 20}"
2022-05-28 07:00:00,ARX,7,-1.0963667096534129,0.01798558865151234,2020-05-28 07:00:00,2022-05-28 07:00:00,2022-05-28 07:00:00,730,1,-0.3032104293734177,0.3032104293734177,{'model__alpha': 0.01}
2022-05-28 07:00:00,Random Forest,7,-1.0963667096534129,-1.073157205371422,2020-05-28 07:00:00,2022-05-28 07:00:00,2022-05-28 07:00:00,730,1,-0.28640559026943707,0.28640559026943707,"{'max_depth': 10, 'max_features': 0.5, 'min_samples_leaf': 2, 'n_estimators': 100}"
2022-05-28 07:00:00,Neural Network,7,-1.0963667096534129,-0.47399502025736595,2020-05-28 07:00:00,2022-05-28 07:00:00,2022-05-28 07:00:00,730,1,-0.35941423956503044,0.35941423956503044,"{'regressor__model__alpha': 0.0001, 'regressor__model__hidden_layer_sizes': (64, 32), 'regressor__model__learning_rate_init': 0.0001}"
2022-05-28 07:00:00,Naive,7,-1.0963667096534129,1.2468570154255605,2020-05-28 07:00:00,2022-05-28 07:00:00,2022-05-28 07:00:00,730,1,,,not_applicable
2022-05-29 07:00:00,Decision Tree,7,1.2438307458911049,-0.10450693199769744,2020-05-29 07:00:00,2022-05-29 07:00:00,2022-05-29 07:00:00,730,1,-0.42290985504429074,0.42290985504429074,"{'max_depth': None, 'min_samples_leaf': 1, 'min_samples_split': 20}"
2022-05-29 07:00:00,ARX,7,1.2438307458911049,0.7546338157821562,2020-05-29 07:00:00,2022-05-29 07:00:00,2022-05-29 07:00:00,730,1,-0.3032104293734177,0.3032104293734177,{'model__alpha': 0.01}
2022-05-29 07:00:00,Random Forest,7,1.2438307458911049,0.12594808026906473,2020-05-29 07:00:00,2022-05-29 07:00:00,2022-05-29 07:00:00,730,1,-0.28640559026943707,0.28640559026943707,"{'max_depth': 10, 'max_features': 0.5, 'min_samples_leaf': 2, 'n_estimators': 100}"
2022-05-29 07:00:00,Neural Network,7,1.2438307458911049,0.4502638290197558,2020-05-29 07:00:00,2022-05-29 07:00:00,2022-05-29 07:00:00,730,1,-0.35941423956503044,0.35941423956503044,"{'regressor__model__alpha': 0.0001, 'regressor__model__hidden_layer_sizes': (64, 32), 'regressor__model__learning_rate_init': 0.0001}"
2022-05-29 07:00:00,Naive,7,1.2438307458911049,-1.0963667096534129,2020-05-29 07:00:00,2022-05-29 07:00:00,2022-05-29 07:00:00,730,1,,,not_applicable
2022-05-30 07:00:00,Decision Tree,7,2.125907908943387,1.8399584043214507,2020-05-30 07:00:00,2022-05-30 07:00:00,2022-05-30 07:00:00,730,1,-0.42290985504429074,0.42290985504429074,"{'max_depth': None, 'min_samples_leaf': 1, 'min_samples_split': 20}"
2022-05-30 07:00:00,ARX,7,2.125907908943387,2.136453513612614,2020-05-30 07:00:00,2022-05-30 07:00:00,2022-05-30 07:00:00,730,1,-0.3032104293734177,0.3032104293734177,{'model__alpha': 0.01}
2022-05-30 07:00:00,Random Forest,7,2.125907908943387,1.9642773295805347,2020-05-30 07:00:00,2022-05-30 07:00:00,2022-05-30 07:00:00,730,1,-0.28640559026943707,0.28640559026943707,"{'max_depth': 10, 'max_features': 0.5, 'min_samples_leaf': 2, 'n_estimators': 100}"
2022-05-30 07:00:00,Neural Network,7,2.125907908943387,2.2286654130980783,2020-05-30 07:00:00,2022-05-30 07:00:00,2022-05-30 07:00:00,730,1,-0.35941423956503044,0.35941423956503044,"{'regressor__model__alpha': 0.0001, 'regressor__model__hidden_layer_sizes': (64, 32), 'regressor__model__learning_rate_init': 0.0001}"
2022-05-30 07:00:00,Naive,7,2.125907908943387,1.2438307458911049,2020-05-30 07:00:00,2022-05-30 07:00:00,2022-05-30 07:00:00,730,1,,,not_applicable
2022-05-31 07:00:00,Decision Tree,7,2.0679290685223903,2.045570797171645,2020-05-31 07:00:00,2022-05-31 07:00:00,2022-05-31 07:00:00,730,1,-0.42290985504429074,0.42290985504429074,"{'max_depth': None, 'min_samples_leaf': 1, 'min_samples_split': 20}"
2022-05-31 07:00:00,ARX,7,2.0679290685223903,2.2274092945811073,2020-05-31 07:00:00,2022-05-31 07:00:00,2022-05-31 07:00:00,730,1,-0.3032104293734177,0.3032104293734177,{'model__alpha': 0.01}
2022-05-31 07:00:00,Random Forest,7,2.0679290685223903,2.128329197843759,2020-05-31 07:00:00,2022-05-31 07:00:00,2022-05-31 07:00:00,730,1,-0.28640559026943707,0.28640559026943707,"{'max_depth': 10, 'max_features': 0.5, 'min_samples_leaf': 2, 'n_estimators': 100}"
2022-05-31 07:00:00,Neural Network,7,2.0679290685223903,1.485215455434082,2020-05-31 07:00:00,2022-05-31 07:00:00,2022-05-31 07:00:00,730,1,-0.35941423956503044,0.35941423956503044,"{'regressor__model__alpha': 0.0001, 'regressor__model__hidden_layer_sizes': (64, 32), 'regressor__model__learning_rate_init': 0.0001}"
2022-05-31 07:00:00,Naive,7,2.0679290685223903,2.125907908943387,2020-05-31 07:00:00,2022-05-31 07:00:00,2022-05-31 07:00:00,730,1,,,not_applicable
2022-06-01 07:00:00,Decision Tree,7,2.071622002981909,2.134078237384502,2020-06-01 07:00:00,2022-06-01 07:00:00,2022-06-01 07:00:00,730,1,-0.42290985504429074,0.42290985504429074,"{'max_depth': None, 'min_samples_leaf': 1, 'min_samples_split': 20}"
2022-06-01 07:00:00,ARX,7,2.071622002981909,2.309013051863336,2020-06-01 07:00:00,2022-06-01 07:00:00,2022-06-01 07:00:00,730,1,-0.3032104293734177,0.3032104293734177,{'model__alpha': 0.01}
2022-06-01 07:00:00,Random Forest,7,2.071622002981909,2.0602106753689933,2020-06-01 07:00:00,2022-06-01 07:00:00,2022-06-01 07:00:00,730,1,-0.28640559026943707,0.28640559026943707,"{'max_depth': 10, 'max_features': 0.5, 'min_samples_leaf': 2, 'n_estimators': 100}"
2022-06-01 07:00:00,Neural Network,7,2.071622002981909,2.202644898852415,2020-06-01 07:00:00,2022-06-01 07:00:00,2022-06-01 07:00:00,730,1,-0.35941423956503044,0.35941423956503044,"{'regressor__model__alpha': 0.0001, 'regressor__model__hidden_layer_sizes': (64, 32), 'regressor__model__learning_rate_init': 0.0001}"
2022-06-01 07:00:00,Naive,7,2.071622002981909,2.0679290685223903,2020-06-01 07:00:00,2022-06-01 07:00:00,2022-06-01 07:00:00,730,1,,,not_applicable
2022-06-02 07:00:00,Decision Tree,7,1.9189293090042987,2.17904138464177,2020-06-02 07:00:00,2022-06-02 07:00:00,2022-06-02 07:00:00,730,1,-0.42290985504429074,0.42290985504429074,"{'max_depth': None, 'min_samples_leaf': 1, 'min_samples_split': 20}"
2022-06-02 07:00:00,ARX,7,1.9189293090042987,2.0335153955152014,2020-06-02 07:00:00,2022-06-02 07:00:00,2022-06-02 07:00:00,730,1,-0.3032104293734177,0.3032104293734177,{'model__alpha': 0.01}
2022-06-02 07:00:00,Random Forest,7,1.9189293090042987,2.066510294398055,2020-06-02 07:00:00,2022-06-02 07:00:00,2022-06-02 07:00:00,730,1,-0.28640559026943707,0.28640559026943707,"{'max_depth': 10, 'max_features': 0.5, 'min_samples_leaf': 2, 'n_estimators': 100}"
2022-06-02 07:00:00,Neural Network,7,1.9189293090042987,2.053495909024853,2020-06-02 07:00:00,2022-06-02 07:00:00,2022-06-02 07:00:00,730,1,-0.35941423956503044,0.35941423956503044,"{'regressor__model__alpha': 0.0001, 'regressor__model__hidden_layer_sizes': (64, 32), 'regressor__model__learning_rate_init': 0.0001}"
2022-06-02 07:00:00,Naive,7,1.9189293090042987,2.071622002981909,2020-06-02 07:00:00,2022-06-02 07:00:00,2022-06-02 07:00:00,730,1,,,not_applicable
2022-06-03 07:00:00,Decision Tree,7,1.9281025961701925,2.0902484926092813,2020-06-03 07:00:00,2022-06-03 07:00:00,2022-06-03 07:00:00,730,1,-0.42290985504429074,0.42290985504429074,"{'max_depth': None, 'min_samples_leaf': 1, 'min_samples_split': 20}"
2022-06-03 07:00:00,ARX,7,1.9281025961701925,1.9840507836065646,2020-06-03 07:00:00,2022-06-03 07:00:00,2022-06-03 07:00:00,730,1,-0.3032104293734177,0.3032104293734177,{'model__alpha': 0.01}
2022-06-03 07:00:00,Random Forest,7,1.9281025961701925,1.972415427118407,2020-06-03 07:00:00,2022-06-03 07:00:00,2022-06-03 07:00:00,730,1,-0.28640559026943707,0.28640559026943707,"{'max_depth': 10, 'max_features': 0.5, 'min_samples_leaf': 2, 'n_estimators': 100}"
2022-06-03 07:00:00,Neural Network,7,1.9281025961701925,2.2934340228141825,2020-06-03 07:00:00,2022-06-03 07:00:00,2022-06-03 07:00:00,730,1,-0.35941423956503044,0.35941423956503044,"{'regressor__model__alpha': 0.0001, 'regressor__model__hidden_layer_sizes': (64, 32), 'regressor__model__learning_rate_init': 0.0001}"
2022-06-03 07:00:00,Naive,7,1.9281025961701925,1.9189293090042987,2020-06-03 07:00:00,2022-06-03 07:00:00,2022-06-03 07:00:00,730,1,,,not_applicable
2022-06-04 07:00:00,Decision Tree,7,1.522582647261609,1.6156387590484278,2020-06-04 07:00:00,2022-06-04 07:00:00,2022-06-04 07:00:00,730,1,-0.42290985504429074,0.42290985504429074,"{'max_depth': None, 'min_samples_leaf': 1, 'min_samples_split': 20}"
2022-06-04 07:00:00,ARX,7,1.522582647261609,1.136751621350619,2020-06-04 07:00:00,2022-06-04 07:00:00,2022-06-04 07:00:00,730,1,-0.3032104293734177,0.3032104293734177,{'model__alpha': 0.01}
2022-06-04 07:00:00,Random Forest,7,1.522582647261609,1.2762490275656733,2020-06-04 07:00:00,2022-06-04 07:00:00,2022-06-04 07:00:00,730,1,-0.28640559026943707,0.28640559026943707,"{'max_depth': 10, 'max_features': 0.5, 'min_samples_leaf': 2, 'n_estimators': 100}"
2022-06-04 07:00:00,Neural Network,7,1.522582647261609,1.2667548712067371,2020-06-04 07:00:00,2022-06-04 07:00:00,2022-06-04 07:00:00,730,1,-0.35941423956503044,0.35941423956503044,"{'regressor__model__alpha': 0.0001, 'regressor__model__hidden_layer_sizes': (64, 32), 'regressor__model__learning_rate_init': 0.0001}"
2022-06-04 07:00:00,Naive,7,1.522582647261609,1.9281025961701925,2020-06-04 07:00:00,2022-06-04 07:00:00,2022-06-04 07:00:00,730,1,,,not_applicable
2022-06-05 07:00:00,Decision Tree,7,1.1484983866263223,1.2937154733896759,2020-06-05 07:00:00,2022-06-05 07:00:00,2022-06-05 07:00:00,730,1,-0.42290985504429074,0.42290985504429074,"{'max_depth': None, 'min_samples_leaf': 1, 'min_samples_split': 20}"
2022-06-05 07:00:00,ARX,7,1.1484983866263223,0.5824178791874407,2020-06-05 07:00:00,2022-06-05 07:00:00,2022-06-05 07:00:00,730,1,-0.3032104293734177,0.3032104293734177,{'model__alpha': 0.01}
2022-06-05 07:00:00,Random Forest,7,1.1484983866263223,1.020385869744717,2020-06-05 07:00:00,2022-06-05 07:00:00,2022-06-05 07:00:00,730,1,-0.28640559026943707,0.28640559026943707,"{'max_depth': 10, 'max_features': 0.5, 'min_samples_leaf': 2, 'n_estimators': 100}"
2022-06-05 07:00:00,Neural Network,7,1.1484983866263223,0.8782293367462211,2020-06-05 07:00:00,2022-06-05 07:00:00,2022-06-05 07:00:00,730,1,-0.35941423956503044,0.35941423956503044,"{'regressor__model__alpha': 0.0001, 'regressor__model__hidden_layer_sizes': (64, 32), 'regressor__model__learning_rate_init': 0.0001}"
2022-06-05 07:00:00,Naive,7,1.1484983866263223,1.522582647261609,2020-06-05 07:00:00,2022-06-05 07:00:00,2022-06-05 07:00:00,730,1,,,not_applicable
2022-06-06 07:00:00,Decision Tree,7,0.5603855945734737,0.5694499073927425,2020-06-06 07:00:00,2022-06-06 07:00:00,2022-06-06 07:00:00,730,1,-0.42290985504429074,0.42290985504429074,"{'max_depth': None, 'min_samples_leaf': 1, 'min_samples_split': 20}"
2022-06-06 07:00:00,ARX,7,0.5603855945734737,0.6175251083094487,2020-06-06 07:00:00,2022-06-06 07:00:00,2022-06-06 07:00:00,730,1,-0.3032104293734177,0.3032104293734177,{'model__alpha': 0.01}
2022-06-06 07:00:00,Random Forest,7,0.5603855945734737,0.5171734252099844,2020-06-06 07:00:00,2022-06-06 07:00:00,2022-06-06 07:00:00,730,1,-0.28640559026943707,0.28640559026943707,"{'max_depth': 10, 'max_features': 0.5, 'min_samples_leaf': 2, 'n_estimators': 100}"
2022-06-06 07:00:00,Neural Network,7,0.5603855945734737,0.5377844028632988,2020-06-06 07:00:00,2022-06-06 07:00:00,2022-06-06 07:00:00,730,1,-0.35941423956503044,0.35941423956503044,"{'regressor__model__alpha': 0.0001, 'regressor__model__hidden_layer_sizes': (64, 32), 'regressor__model__learning_rate_init': 0.0001}"
2022-06-06 07:00:00,Naive,7,0.5603855945734737,1.1484983866263223,2020-06-06 07:00:00,2022-06-06 07:00:00,2022-06-06 07:00:00,730,1,,,not_applicable
2022-06-07 07:00:00,Decision Tree,7,1.8590468089878947,2.328780137450799,2020-06-07 07:00:00,2022-06-07 07:00:00,2022-06-07 07:00:00,730,1,-0.42290985504429074,0.42290985504429074,"{'max_depth': None, 'min_samples_leaf': 1, 'min_samples_split': 20}"
2022-06-07 07:00:00,ARX,7,1.8590468089878947,1.8893873468317288,2020-06-07 07:00:00,2022-06-07 07:00:00,2022-06-07 07:00:00,730,1,-0.3032104293734177,0.3032104293734177,{'model__alpha': 0.01}
2022-06-07 07:00:00,Random Forest,7,1.8590468089878947,1.8895951912919113,2020-06-07 07:00:00,2022-06-07 07:00:00,2022-06-07 07:00:00,730,1,-0.28640559026943707,0.28640559026943707,"{'max_depth': 10, 'max_features': 0.5, 'min_samples_leaf': 2, 'n_estimators': 100}"
2022-06-07 07:00:00,Neural Network,7,1.8590468089878947,1.7273198101749858,2020-06-07 07:00:00,2022-06-07 07:00:00,2022-06-07 07:00:00,730,1,-0.35941423956503044,0.35941423956503044,"{'regressor__model__alpha': 0.0001, 'regressor__model__hidden_layer_sizes': (64, 32), 'regressor__model__learning_rate_init': 0.0001}"
2022-06-07 07:00:00,Naive,7,1.8590468089878947,0.5603855945734737,2020-06-07 07:00:00,2022-06-07 07:00:00,2022-06-07 07:00:00,730,1,,,not_applicable
2022-06-08 07:00:00,Decision Tree,7,1.8374899008374461,2.0044463097388707,2020-06-08 07:00:00,2022-06-08 07:00:00,2022-06-08 07:00:00,730,1,-0.42290985504429074,0.42290985504429074,"{'max_depth': None, 'min_samples_leaf': 1, 'min_samples_split': 20}"
2022-06-08 07:00:00,ARX,7,1.8374899008374461,2.10331833392931,2020-06-08 07:00:00,2022-06-08 07:00:00,2022-06-08 07:00:00,730,1,-0.3032104293734177,0.3032104293734177,{'model__alpha': 0.01}
2022-06-08 07:00:00,Random Forest,7,1.8374899008374461,2.0133756847232767,2020-06-08 07:00:00,2022-06-08 07:00:00,2022-06-08 07:00:00,730,1,-0.28640559026943707,0.28640559026943707,"{'max_depth': 10, 'max_features': 0.5, 'min_samples_leaf': 2, 'n_estimators': 100}"
2022-06-08 07:00:00,Neural Network,7,1.8374899008374461,1.8681144506766114,2020-06-08 07:00:00,2022-06-08 07:00:00,2022-06-08 07:00:00,730,1,-0.35941423956503044,0.35941423956503044,"{'regressor__model__alpha': 0.0001, 'regressor__model__hidden_layer_sizes': (64, 32), 'regressor__model__learning_rate_init': 0.0001}"
2022-06-08 07:00:00,Naive,7,1.8374899008374461,1.8590468089878947,2020-06-08 07:00:00,2022-06-08 07:00:00,2022-06-08 07:00:00,730,1,,,not_applicable
2022-06-09 07:00:00,Decision Tree,7,1.838842806306394,1.9738196378201305,2020-06-09 07:00:00,2022-06-09 07:00:00,2022-06-09 07:00:00,730,1,-0.42290985504429074,0.42290985504429074,"{'max_depth': None, 'min_samples_leaf': 1, 'min_samples_split': 20}"
2022-06-09 07:00:00,ARX,7,1.838842806306394,2.0335200996480083,2020-06-09 07:00:00,2022-06-09 07:00:00,2022-06-09 07:00:00,730,1,-0.3032104293734177,0.3032104293734177,{'model__alpha': 0.01}
2022-06-09 07:00:00,Random Forest,7,1.838842806306394,1.9622621888260066,2020-06-09 07:00:00,2022-06-09 07:00:00,2022-06-09 07:00:00,730,1,-0.28640559026943707,0.28640559026943707,"{'max_depth': 10, 'max_features': 0.5, 'min_samples_leaf': 2, 'n_estimators': 100}"
2022-06-09 07:00:00,Neural Network,7,1.838842806306394,1.938256066884935,2020-06-09 07:00:00,2022-06-09 07:00:00,2022-06-09 07:00:00,730,1,-0.35941423956503044,0.35941423956503044,"{'regressor__model__alpha': 0.0001, 'regressor__model__hidden_layer_sizes': (64, 32), 'regressor__model__learning_rate_init': 0.0001}"
2022-06-09 07:00:00,Naive,7,1.838842806306394,1.8374899008374461,2020-06-09 07:00:00,2022-06-09 07:00:00,2022-06-09 07:00:00,730,1,,,not_applicable
2022-06-10 07:00:00,Decision Tree,7,1.8244738664157591,1.9496231431385296,2020-06-10 07:00:00,2022-06-10 07:00:00,2022-06-10 07:00:00,730,1,-0.42290985504429074,0.42290985504429074,"{'max_depth': None, 'min_samples_leaf': 1, 'min_samples_split': 20}"
2022-06-10 07:00:00,ARX,7,1.8244738664157591,1.9578290061223176,2020-06-10 07:00:00,2022-06-10 07:00:00,2022-06-10 07:00:00,730,1,-0.3032104293734177,0.3032104293734177,{'model__alpha': 0.01}
2022-06-10 07:00:00,Random Forest,7,1.8244738664157591,1.9101277595591504,2020-06-10 07:00:00,2022-06-10 07:00:00,2022-06-10 07:00:00,730,1,-0.28640559026943707,0.28640559026943707,"{'max_depth': 10, 'max_features': 0.5, 'min_samples_leaf': 2, 'n_estimators': 100}"
2022-06-10 07:00:00,Neural Network,7,1.8244738664157591,1.4592591666125667,2020-06-10 07:00:00,2022-06-10 07:00:00,2022-06-10 07:00:00,730,1,-0.35941423956503044,0.35941423956503044,"{'regressor__model__alpha': 0.0001, 'regressor__model__hidden_layer_sizes': (64, 32), 'regressor__model__learning_rate_init': 0.0001}"
2022-06-10 07:00:00,Naive,7,1.8244738664157591,1.838842806306394,2020-06-10 07:00:00,2022-06-10 07:00:00,2022-06-10 07:00:00,730,1,,,not_applicable
2022-06-11 07:00:00,Decision Tree,7,1.314285734883117,1.2856478574583785,2020-06-11 07:00:00,2022-06-11 07:00:00,2022-06-11 07:00:00,730,1,-0.42290985504429074,0.42290985504429074,"{'max_depth': None, 'min_samples_leaf': 1, 'min_samples_split': 20}"
2022-06-11 07:00:00,ARX,7,1.314285734883117,1.23033448111867,2020-06-11 07:00:00,2022-06-11 07:00:00,2022-06-11 07:00:00,730,1,-0.3032104293734177,0.3032104293734177,{'model__alpha': 0.01}
2022-06-11 07:00:00,Random Forest,7,1.314285734883117,1.2537415298230439,2020-06-11 07:00:00,2022-06-11 07:00:00,2022-06-11 07:00:00,730,1,-0.28640559026943707,0.28640559026943707,"{'max_depth': 10, 'max_features': 0.5, 'min_samples_leaf': 2, 'n_estimators': 100}"
2022-06-11 07:00:00,Neural Network,7,1.314285734883117,1.8561553783534914,2020-06-11 07:00:00,2022-06-11 07:00:00,2022-06-11 07:00:00,730,1,-0.35941423956503044,0.35941423956503044,"{'regressor__model__alpha': 0.0001, 'regressor__model__hidden_layer_sizes': (64, 32), 'regressor__model__learning_rate_init': 0.0001}"
2022-06-11 07:00:00,Naive,7,1.314285734883117,1.8244738664157591,2020-06-11 07:00:00,2022-06-11 07:00:00,2022-06-11 07:00:00,730,1,,,not_applicable
2022-06-12 07:00:00,Decision Tree,7,0.8967768923369069,0.568752652560491,2020-06-12 07:00:00,2022-06-12 07:00:00,2022-06-12 07:00:00,730,1,-0.42290985504429074,0.42290985504429074,"{'max_depth': None, 'min_samples_leaf': 1, 'min_samples_split': 20}"
2022-06-12 07:00:00,ARX,7,0.8967768923369069,0.8792118745030191,2020-06-12 07:00:00,2022-06-12 07:00:00,2022-06-12 07:00:00,730,1,-0.3032104293734177,0.3032104293734177,{'model__alpha': 0.01}
2022-06-12 07:00:00,Random Forest,7,0.8967768923369069,0.740812065220559,2020-06-12 07:00:00,2022-06-12 07:00:00,2022-06-12 07:00:00,730,1,-0.28640559026943707,0.28640559026943707,"{'max_depth': 10, 'max_features': 0.5, 'min_samples_leaf': 2, 'n_estimators': 100}"
2022-06-12 07:00:00,Neural Network,7,0.8967768923369069,0.8124854512883016,2020-06-12 07:00:00,2022-06-12 07:00:00,2022-06-12 07:00:00,730,1,-0.35941423956503044,0.35941423956503044,"{'regressor__model__alpha': 0.0001, 'regressor__model__hidden_layer_sizes': (64, 32), 'regressor__model__learning_rate_init': 0.0001}"
2022-06-12 07:00:00,Naive,7,0.8967768923369069,1.314285734883117,2020-06-12 07:00:00,2022-06-12 07:00:00,2022-06-12 07:00:00,730,1,,,not_applicable
2022-06-13 07:00:00,Decision Tree,7,1.800092618410979,0.2417303312153622,2020-06-13 07:00:00,2022-06-13 07:00:00,2022-06-13 07:00:00,730,1,-0.42290985504429074,0.42290985504429074,"{'max_depth': None, 'min_samples_leaf': 1, 'min_samples_split': 20}"
2022-06-13 07:00:00,ARX,7,1.800092618410979,1.9277462048352028,2020-06-13 07:00:00,2022-06-13 07:00:00,2022-06-13 07:00:00,730,1,-0.3032104293734177,0.3032104293734177,{'model__alpha': 0.01}
2022-06-13 07:00:00,Random Forest,7,1.800092618410979,1.7749687242036787,2020-06-13 07:00:00,2022-06-13 07:00:00,2022-06-13 07:00:00,730,1,-0.28640559026943707,0.28640559026943707,"{'max_depth': 10, 'max_features': 0.5, 'min_samples_leaf': 2, 'n_estimators': 100}"
2022-06-13 07:00:00,Neural Network,7,1.800092618410979,1.6998358533231794,2020-06-13 07:00:00,2022-06-13 07:00:00,2022-06-13 07:00:00,730,1,-0.35941423956503044,0.35941423956503044,"{'regressor__model__alpha': 0.0001, 'regressor__model__hidden_layer_sizes': (64, 32), 'regressor__model__learning_rate_init': 0.0001}"
2022-06-13 07:00:00,Naive,7,1.800092618410979,0.8967768923369069,2020-06-13 07:00:00,2022-06-13 07:00:00,2022-06-13 07:00:00,730,1,,,not_applicable
2022-06-14 07:00:00,Decision Tree,7,1.8987570573655672,2.0027609030419917,2020-06-14 07:00:00,2022-06-14 07:00:00,2022-06-14 07:00:00,730,1,-0.42290985504429074,0.42290985504429074,"{'max_depth': None, 'min_samples_leaf': 1, 'min_samples_split': 20}"
2022-06-14 07:00:00,ARX,7,1.8987570573655672,1.997834260001515,2020-06-14 07:00:00,2022-06-14 07:00:00,2022-06-14 07:00:00,730,1,-0.3032104293734177,0.3032104293734177,{'model__alpha': 0.01}
2022-06-14 07:00:00,Random Forest,7,1.8987570573655672,1.9476451294797734,2020-06-14 07:00:00,2022-06-14 07:00:00,2022-06-14 07:00:00,730,1,-0.28640559026943707,0.28640559026943707,"{'max_depth': 10, 'max_features': 0.5, 'min_samples_leaf': 2, 'n_estimators': 100}"
2022-06-14 07:00:00,Neural Network,7,1.8987570573655672,1.9783843686030909,2020-06-14 07:00:00,2022-06-14 07:00:00,2022-06-14 07:00:00,730,1,-0.35941423956503044,0.35941423956503044,"{'regressor__model__alpha': 0.0001, 'regressor__model__hidden_layer_sizes': (64, 32), 'regressor__model__learning_rate_init': 0.0001}"
2022-06-14 07:00:00,Naive,7,1.8987570573655672,1.800092618410979,2020-06-14 07:00:00,2022-06-14 07:00:00,2022-06-14 07:00:00,730,1,,,not_applicable
2022-06-15 07:00:00,Decision Tree,7,1.999218900755165,2.280183407196888,2020-06-15 07:00:00,2022-06-15 07:00:00,2022-06-15 07:00:00,730,1,-0.42290985504429074,0.42290985504429074,"{'max_depth': None, 'min_samples_leaf': 1, 'min_samples_split': 20}"
2022-06-15 07:00:00,ARX,7,1.999218900755165,1.9725903295635931,2020-06-15 07:00:00,2022-06-15 07:00:00,2022-06-15 07:00:00,730,1,-0.3032104293734177,0.3032104293734177,{'model__alpha': 0.01}
2022-06-15 07:00:00,Random Forest,7,1.999218900755165,2.020310049592103,2020-06-15 07:00:00,2022-06-15 07:00:00,2022-06-15 07:00:00,730,1,-0.28640559026943707,0.28640559026943707,"{'max_depth': 10, 'max_features': 0.5, 'min_samples_leaf': 2, 'n_estimators': 100}"
2022-06-15 07:00:00,Neural Network,7,1.999218900755165,2.2205108091625556,2020-06-15 07:00:00,2022-06-15 07:00:00,2022-06-15 07:00:00,730,1,-0.35941423956503044,0.35941423956503044,"{'regressor__model__alpha': 0.0001, 'regressor__model__hidden_layer_sizes': (64, 32), 'regressor__model__learning_rate_init': 0.0001}"
2022-06-15 07:00:00,Naive,7,1.999218900755165,1.8987570573655672,2020-06-15 07:00:00,2022-06-15 07:00:00,2022-06-15 07:00:00,730,1,,,not_applicable
2022-06-16 07:00:00,Decision Tree,7,2.0343150037154967,1.6268676124922827,2020-06-16 07:00:00,2022-06-16 07:00:00,2022-06-16 07:00:00,730,1,-0.42290985504429074,0.42290985504429074,"{'max_depth': None, 'min_samples_leaf': 1, 'min_samples_split': 20}"
2022-06-16 07:00:00,ARX,7,2.0343150037154967,1.6478891427403441,2020-06-16 07:00:00,2022-06-16 07:00:00,2022-06-16 07:00:00,730,1,-0.3032104293734177,0.3032104293734177,{'model__alpha': 0.01}
2022-06-16 07:00:00,Random Forest,7,2.0343150037154967,1.8147236597183278,2020-06-16 07:00:00,2022-06-16 07:00:00,2022-06-16 07:00:00,730,1,-0.28640559026943707,0.28640559026943707,"{'max_depth': 10, 'max_features': 0.5, 'min_samples_leaf': 2, 'n_estimators': 100}"
2022-06-16 07:00:00,Neural Network,7,2.0343150037154967,1.8996591281442594,2020-06-16 07:00:00,2022-06-16 07:00:00,2022-06-16 07:00:00,730,1,-0.35941423956503044,0.35941423956503044,"{'regressor__model__alpha': 0.0001, 'regressor__model__hidden_layer_sizes': (64, 32), 'regressor__model__learning_rate_init': 0.0001}"
2022-06-16 07:00:00,Naive,7,2.0343150037154967,1.999218900755165,2020-06-16 07:00:00,2022-06-16 07:00:00,2022-06-16 07:00:00,730,1,,,not_applicable
2022-06-17 07:00:00,Decision Tree,7,2.332880500066887,2.0708673455058197,2020-06-17 07:00:00,2022-06-17 07:00:00,2022-06-17 07:00:00,730,1,-0.42290985504429074,0.42290985504429074,"{'max_depth': None, 'min_samples_leaf': 1, 'min_samples_split': 20}"
2022-06-17 07:00:00,ARX,7,2.332880500066887,2.04650073251209,2020-06-17 07:00:00,2022-06-17 07:00:00,2022-06-17 07:00:00,730,1,-0.3032104293734177,0.3032104293734177,{'model__alpha': 0.01}
2022-06-17 07:00:00,Random Forest,7,2.332880500066887,2.025914420415998,2020-06-17 07:00:00,2022-06-17 07:00:00,2022-06-17 07:00:00,730,1,-0.28640559026943707,0.28640559026943707,"{'max_depth': 10, 'max_features': 0.5, 'min_samples_leaf': 2, 'n_estimators': 100}"
2022-06-17 07:00:00,Neural Network,7,2.332880500066887,2.0470225943745253,2020-06-17 07:00:00,2022-06-17 07:00:00,2022-06-17 07:00:00,730,1,-0.35941423956503044,0.35941423956503044,"{'regressor__model__alpha': 0.0001, 'regressor__model__hidden_layer_sizes': (64, 32), 'regressor__model__learning_rate_init': 0.0001}"
2022-06-17 07:00:00,Naive,7,2.332880500066887,2.0343150037154967,2020-06-17 07:00:00,2022-06-17 07:00:00,2022-06-17 07:00:00,730,1,,,not_applicable
2022-06-18 07:00:00,Decision Tree,7,1.6182457044769414,1.8146930268700094,2020-06-18 07:00:00,2022-06-18 07:00:00,2022-06-18 07:00:00,730,1,-0.42290985504429074,0.42290985504429074,"{'max_depth': None, 'min_samples_leaf': 1, 'min_samples_split': 20}"
2022-06-18 07:00:00,ARX,7,1.6182457044769414,1.2544441132330906,2020-06-18 07:00:00,2022-06-18 07:00:00,2022-06-18 07:00:00,730,1,-0.3032104293734177,0.3032104293734177,{'model__alpha': 0.01}
2022-06-18 07:00:00,Random Forest,7,1.6182457044769414,1.8058707427756613,2020-06-18 07:00:00,2022-06-18 07:00:00,2022-06-18 07:00:00,730,1,-0.28640559026943707,0.28640559026943707,"{'max_depth': 10, 'max_features': 0.5, 'min_samples_leaf': 2, 'n_estimators': 100}"
2022-06-18 07:00:00,Neural Network,7,1.6182457044769414,1.701308894098534,2020-06-18 07:00:00,2022-06-18 07:00:00,2022-06-18 07:00:00,730,1,-0.35941423956503044,0.35941423956503044,"{'regressor__model__alpha': 0.0001, 'regressor__model__hidden_layer_sizes': (64, 32), 'regressor__model__learning_rate_init': 0.0001}"
2022-06-18 07:00:00,Naive,7,1.6182457044769414,2.332880500066887,2020-06-18 07:00:00,2022-06-18 07:00:00,2022-06-18 07:00:00,730,1,,,not_applicable
2022-06-19 07:00:00,Decision Tree,7,0.5619502354574789,1.0309462452284273,2020-06-19 07:00:00,2022-06-19 07:00:00,2022-06-19 07:00:00,730,1,-0.42290985504429074,0.42290985504429074,"{'max_depth': None, 'min_samples_leaf': 1, 'min_samples_split': 20}"
2022-06-19 07:00:00,ARX,7,0.5619502354574789,0.8883156299077903,2020-06-19 07:00:00,2022-06-19 07:00:00,2022-06-19 07:00:00,730,1,-0.3032104293734177,0.3032104293734177,{'model__alpha': 0.01}
2022-06-19 07:00:00,Random Forest,7,0.5619502354574789,1.5853619341986451,2020-06-19 07:00:00,2022-06-19 07:00:00,2022-06-19 07:00:00,730,1,-0.28640559026943707,0.28640559026943707,"{'max_depth': 10, 'max_features': 0.5, 'min_samples_leaf': 2, 'n_estimators': 100}"
2022-06-19 07:00:00,Neural Network,7,0.5619502354574789,1.542272609098869,2020-06-19 07:00:00,2022-06-19 07:00:00,2022-06-19 07:00:00,730,1,-0.35941423956503044,0.35941423956503044,"{'regressor__model__alpha': 0.0001, 'regressor__model__hidden_layer_sizes': (64, 32), 'regressor__model__learning_rate_init': 0.0001}"
2022-06-19 07:00:00,Naive,7,0.5619502354574789,1.6182457044769414,2020-06-19 07:00:00,2022-06-19 07:00:00,2022-06-19 07:00:00,730,1,,,not_applicable
2022-06-20 07:00:00,Decision Tree,7,2.4803903550710156,1.9826943170520996,2020-06-20 07:00:00,2022-06-20 07:00:00,2022-06-20 07:00:00,730,1,-0.42290985504429074,0.42290985504429074,"{'max_depth': None, 'min_samples_leaf': 1, 'min_samples_split': 20}"
2022-06-20 07:00:00,ARX,7,2.4803903550710156,2.4869700796976093,2020-06-20 07:00:00,2022-06-20 07:00:00,2022-06-20 07:00:00,730,1,-0.3032104293734177,0.3032104293734177,{'model__alpha': 0.01}
2022-06-20 07:00:00,Random Forest,7,2.4803903550710156,2.148901524182383,2020-06-20 07:00:00,2022-06-20 07:00:00,2022-06-20 07:00:00,730,1,-0.28640559026943707,0.28640559026943707,"{'max_depth': 10, 'max_features': 0.5, 'min_samples_leaf': 2, 'n_estimators': 100}"
2022-06-20 07:00:00,Neural Network,7,2.4803903550710156,2.0282351040208337,2020-06-20 07:00:00,2022-06-20 07:00:00,2022-06-20 07:00:00,730,1,-0.35941423956503044,0.35941423956503044,"{'regressor__model__alpha': 0.0001, 'regressor__model__hidden_layer_sizes': (64, 32), 'regressor__model__learning_rate_init': 0.0001}"
2022-06-20 07:00:00,Naive,7,2.4803903550710156,0.5619502354574789,2020-06-20 07:00:00,2022-06-20 07:00:00,2022-06-20 07:00:00,730,1,,,not_applicable
2022-06-21 07:00:00,Decision Tree,7,2.369113021128301,2.3744060978543384,2020-06-21 07:00:00,2022-06-21 07:00:00,2022-06-21 07:00:00,730,1,-0.42290985504429074,0.42290985504429074,"{'max_depth': None, 'min_samples_leaf': 1, 'min_samples_split': 20}"
2022-06-21 07:00:00,ARX,7,2.369113021128301,2.204769277274073,2020-06-21 07:00:00,2022-06-21 07:00:00,2022-06-21 07:00:00,730,1,-0.3032104293734177,0.3032104293734177,{'model__alpha': 0.01}
2022-06-21 07:00:00,Random Forest,7,2.369113021128301,2.258684299896793,2020-06-21 07:00:00,2022-06-21 07:00:00,2022-06-21 07:00:00,730,1,-0.28640559026943707,0.28640559026943707,"{'max_depth': 10, 'max_features': 0.5, 'min_samples_leaf': 2, 'n_estimators': 100}"
2022-06-21 07:00:00,Neural Network,7,2.369113021128301,2.1322918257393733,2020-06-21 07:00:00,2022-06-21 07:00:00,2022-06-21 07:00:00,730,1,-0.35941423956503044,0.35941423956503044,"{'regressor__model__alpha': 0.0001, 'regressor__model__hidden_layer_sizes': (64, 32), 'regressor__model__learning_rate_init': 0.0001}"
2022-06-21 07:00:00,Naive,7,2.369113021128301,2.4803903550710156,2020-06-21 07:00:00,2022-06-21 07:00:00,2022-06-21 07:00:00,730,1,,,not_applicable
2022-06-22 07:00:00,Decision Tree,7,2.6511860771700535,2.216122893397769,2020-06-22 07:00:00,2022-06-22 07:00:00,2022-06-22 07:00:00,730,1,-0.42290985504429074,0.42290985504429074,"{'max_depth': None, 'min_samples_leaf': 1, 'min_samples_split': 20}"
2022-06-22 07:00:00,ARX,7,2.6511860771700535,2.621389813284723,2020-06-22 07:00:00,2022-06-22 07:00:00,2022-06-22 07:00:00,730,1,-0.3032104293734177,0.3032104293734177,{'model__alpha': 0.01}
2022-06-22 07:00:00,Random Forest,7,2.6511860771700535,2.430635119111675,2020-06-22 07:00:00,2022-06-22 07:00:00,2022-06-22 07:00:00,730,1,-0.28640559026943707,0.28640559026943707,"{'max_depth': 10, 'max_features': 0.5, 'min_samples_leaf': 2, 'n_estimators': 100}"
2022-06-22 07:00:00,Neural Network,7,2.6511860771700535,2.376469196549607,2020-06-22 07:00:00,2022-06-22 07:00:00,2022-06-22 07:00:00,730,1,-0.35941423956503044,0.35941423956503044,"{'regressor__model__alpha': 0.0001, 'regressor__model__hidden_layer_sizes': (64, 32), 'regressor__model__learning_rate_init': 0.0001}"
2022-06-22 07:00:00,Naive,7,2.6511860771700535,2.369113021128301,2020-06-22 07:00:00,2022-06-22 07:00:00,2022-06-22 07:00:00,730,1,,,not_applicable
2022-06-23 07:00:00,Decision Tree,7,2.43989039438303,2.216122893397769,2020-06-23 07:00:00,2022-06-23 07:00:00,2022-06-23 07:00:00,730,1,-0.42290985504429074,0.42290985504429074,"{'max_depth': None, 'min_samples_leaf': 1, 'min_samples_split': 20}"
2022-06-23 07:00:00,ARX,7,2.43989039438303,2.1991388620973398,2020-06-23 07:00:00,2022-06-23 07:00:00,2022-06-23 07:00:00,730,1,-0.3032104293734177,0.3032104293734177,{'model__alpha': 0.01}
2022-06-23 07:00:00,Random Forest,7,2.43989039438303,2.508888843554744,2020-06-23 07:00:00,2022-06-23 07:00:00,2022-06-23 07:00:00,730,1,-0.28640559026943707,0.28640559026943707,"{'max_depth': 10, 'max_features': 0.5, 'min_samples_leaf': 2, 'n_estimators': 100}"
2022-06-23 07:00:00,Neural Network,7,2.43989039438303,2.543293715108896,2020-06-23 07:00:00,2022-06-23 07:00:00,2022-06-23 07:00:00,730,1,-0.35941423956503044,0.35941423956503044,"{'regressor__model__alpha': 0.0001, 'regressor__model__hidden_layer_sizes': (64, 32), 'regressor__model__learning_rate_init': 0.0001}"
2022-06-23 07:00:00,Naive,7,2.43989039438303,2.6511860771700535,2020-06-23 07:00:00,2022-06-23 07:00:00,2022-06-23 07:00:00,730,1,,,not_applicable
2022-06-24 07:00:00,Decision Tree,7,2.3362427956514074,2.6080193790610577,2020-06-24 07:00:00,2022-06-24 07:00:00,2022-06-24 07:00:00,730,1,-0.42290985504429074,0.42290985504429074,"{'max_depth': None, 'min_samples_leaf': 1, 'min_samples_split': 20}"
2022-06-24 07:00:00,ARX,7,2.3362427956514074,2.2293383625135736,2020-06-24 07:00:00,2022-06-24 07:00:00,2022-06-24 07:00:00,730,1,-0.3032104293734177,0.3032104293734177,{'model__alpha': 0.01}
2022-06-24 07:00:00,Random Forest,7,2.3362427956514074,2.350877006690358,2020-06-24 07:00:00,2022-06-24 07:00:00,2022-06-24 07:00:00,730,1,-0.28640559026943707,0.28640559026943707,"{'max_depth': 10, 'max_features': 0.5, 'min_samples_leaf': 2, 'n_estimators': 100}"
2022-06-24 07:00:00,Neural Network,7,2.3362427956514074,2.483856531627527,2020-06-24 07:00:00,2022-06-24 07:00:00,2022-06-24 07:00:00,730,1,-0.35941423956503044,0.35941423956503044,"{'regressor__model__alpha': 0.0001, 'regressor__model__hidden_layer_sizes': (64, 32), 'regressor__model__learning_rate_init': 0.0001}"
2022-06-24 07:00:00,Naive,7,2.3362427956514074,2.43989039438303,2020-06-24 07:00:00,2022-06-24 07:00:00,2022-06-24 07:00:00,730,1,,,not_applicable
2022-06-25 07:00:00,Decision Tree,7,2.014916955714816,1.8434300912365913,2020-06-25 07:00:00,2022-06-25 07:00:00,2022-06-25 07:00:00,730,1,-0.42290985504429074,0.42290985504429074,"{'max_depth': None, 'min_samples_leaf': 1, 'min_samples_split': 20}"
2022-06-25 07:00:00,ARX,7,2.014916955714816,1.7195798437671748,2020-06-25 07:00:00,2022-06-25 07:00:00,2022-06-25 07:00:00,730,1,-0.3032104293734177,0.3032104293734177,{'model__alpha': 0.01}
2022-06-25 07:00:00,Random Forest,7,2.014916955714816,1.9442040326397063,2020-06-25 07:00:00,2022-06-25 07:00:00,2022-06-25 07:00:00,730,1,-0.28640559026943707,0.28640559026943707,"{'max_depth': 10, 'max_features': 0.5, 'min_samples_leaf': 2, 'n_estimators': 100}"
2022-06-25 07:00:00,Neural Network,7,2.014916955714816,2.026251350990706,2020-06-25 07:00:00,2022-06-25 07:00:00,2022-06-25 07:00:00,730,1,-0.35941423956503044,0.35941423956503044,"{'regressor__model__alpha': 0.0001, 'regressor__model__hidden_layer_sizes': (64, 32), 'regressor__model__learning_rate_init': 0.0001}"
2022-06-25 07:00:00,Naive,7,2.014916955714816,2.3362427956514074,2020-06-25 07:00:00,2022-06-25 07:00:00,2022-06-25 07:00:00,730,1,,,not_applicable
2022-06-26 07:00:00,Decision Tree,7,1.386267080764199,1.8447746220509507,2020-06-26 07:00:00,2022-06-26 07:00:00,2022-06-26 07:00:00,730,1,-0.42290985504429074,0.42290985504429074,"{'max_depth': None, 'min_samples_leaf': 1, 'min_samples_split': 20}"
2022-06-26 07:00:00,ARX,7,1.386267080764199,1.3533757118944154,2020-06-26 07:00:00,2022-06-26 07:00:00,2022-06-26 07:00:00,730,1,-0.3032104293734177,0.3032104293734177,{'model__alpha': 0.01}
2022-06-26 07:00:00,Random Forest,7,1.386267080764199,1.7681358113061914,2020-06-26 07:00:00,2022-06-26 07:00:00,2022-06-26 07:00:00,730,1,-0.28640559026943707,0.28640559026943707,"{'max_depth': 10, 'max_features': 0.5, 'min_samples_leaf': 2, 'n_estimators': 100}"
2022-06-26 07:00:00,Neural Network,7,1.386267080764199,1.4463966244533706,2020-06-26 07:00:00,2022-06-26 07:00:00,2022-06-26 07:00:00,730,1,-0.35941423956503044,0.35941423956503044,"{'regressor__model__alpha': 0.0001, 'regressor__model__hidden_layer_sizes': (64, 32), 'regressor__model__learning_rate_init': 0.0001}"
2022-06-26 07:00:00,Naive,7,1.386267080764199,2.014916955714816,2020-06-26 07:00:00,2022-06-26 07:00:00,2022-06-26 07:00:00,730,1,,,not_applicable
2022-06-27 07:00:00,Decision Tree,7,2.407139574806002,2.543323507764077,2020-06-27 07:00:00,2022-06-27 07:00:00,2022-06-27 07:00:00,730,1,-0.42290985504429074,0.42290985504429074,"{'max_depth': None, 'min_samples_leaf': 1, 'min_samples_split': 20}"
2022-06-27 07:00:00,ARX,7,2.407139574806002,2.5983373598200576,2020-06-27 07:00:00,2022-06-27 07:00:00,2022-06-27 07:00:00,730,1,-0.3032104293734177,0.3032104293734177,{'model__alpha': 0.01}
2022-06-27 07:00:00,Random Forest,7,2.407139574806002,2.40263192703822,2020-06-27 07:00:00,2022-06-27 07:00:00,2022-06-27 07:00:00,730,1,-0.28640559026943707,0.28640559026943707,"{'max_depth': 10, 'max_features': 0.5, 'min_samples_leaf': 2, 'n_estimators': 100}"
2022-06-27 07:00:00,Neural Network,7,2.407139574806002,2.5096484943321604,2020-06-27 07:00:00,2022-06-27 07:00:00,2022-06-27 07:00:00,730,1,-0.35941423956503044,0.35941423956503044,"{'regressor__model__alpha': 0.0001, 'regressor__model__hidden_layer_sizes': (64, 32), 'regressor__model__learning_rate_init': 0.0001}"
2022-06-27 07:00:00,Naive,7,2.407139574806002,1.386267080764199,2020-06-27 07:00:00,2022-06-27 07:00:00,2022-06-27 07:00:00,730,1,,,not_applicable
2022-06-28 07:00:00,Decision Tree,7,2.4790052756569994,2.5929206799827442,2020-06-28 07:00:00,2022-06-28 07:00:00,2022-06-28 07:00:00,730,1,-0.42290985504429074,0.42290985504429074,"{'max_depth': None, 'min_samples_leaf': 1, 'min_samples_split': 20}"
2022-06-28 07:00:00,ARX,7,2.4790052756569994,2.6974150213887924,2020-06-28 07:00:00,2022-06-28 07:00:00,2022-06-28 07:00:00,730,1,-0.3032104293734177,0.3032104293734177,{'model__alpha': 0.01}
2022-06-28 07:00:00,Random Forest,7,2.4790052756569994,2.4863328859898917,2020-06-28 07:00:00,2022-06-28 07:00:00,2022-06-28 07:00:00,730,1,-0.28640559026943707,0.28640559026943707,"{'max_depth': 10, 'max_features': 0.5, 'min_samples_leaf': 2, 'n_estimators': 100}"
2022-06-28 07:00:00,Neural Network,7,2.4790052756569994,2.389410645974619,2020-06-28 07:00:00,2022-06-28 07:00:00,2022-06-28 07:00:00,730,1,-0.35941423956503044,0.35941423956503044,"{'regressor__model__alpha': 0.0001, 'regressor__model__hidden_layer_sizes': (64, 32), 'regressor__model__learning_rate_init': 0.0001}"
2022-06-28 07:00:00,Naive,7,2.4790052756569994,2.407139574806002,2020-06-28 07:00:00,2022-06-28 07:00:00,2022-06-28 07:00:00,730,1,,,not_applicable
2022-06-29 07:00:00,Decision Tree,7,2.3705866550689927,2.5040459360223983,2020-06-29 07:00:00,2022-06-29 07:00:00,2022-06-29 07:00:00,730,1,-0.42290985504429074,0.42290985504429074,"{'max_depth': None, 'min_samples_leaf': 1, 'min_samples_split': 20}"
2022-06-29 07:00:00,ARX,7,2.3705866550689927,2.645459059099877,2020-06-29 07:00:00,2022-06-29 07:00:00,2022-06-29 07:00:00,730,1,-0.3032104293734177,0.3032104293734177,{'model__alpha': 0.01}
2022-06-29 07:00:00,Random Forest,7,2.3705866550689927,2.5139937103090766,2020-06-29 07:00:00,2022-06-29 07:00:00,2022-06-29 07:00:00,730,1,-0.28640559026943707,0.28640559026943707,"{'max_depth': 10, 'max_features': 0.5, 'min_samples_leaf': 2, 'n_estimators': 100}"
2022-06-29 07:00:00,Neural Network,7,2.3705866550689927,2.443959861533285,2020-06-29 07:00:00,2022-06-29 07:00:00,2022-06-29 07:00:00,730,1,-0.35941423956503044,0.35941423956503044,"{'regressor__model__alpha': 0.0001, 'regressor__model__hidden_layer_sizes': (64, 32), 'regressor__model__learning_rate_init': 0.0001}"
2022-06-29 07:00:00,Naive,7,2.3705866550689927,2.4790052756569994,2020-06-29 07:00:00,2022-06-29 07:00:00,2022-06-29 07:00:00,730,1,,,not_applicable
2022-06-30 07:00:00,Decision Tree,7,2.4298277298745528,2.1149604955634245,2020-06-30 07:00:00,2022-06-30 07:00:00,2022-06-30 07:00:00,730,1,-0.42290985504429074,0.42290985504429074,"{'max_depth': None, 'min_samples_leaf': 1, 'min_samples_split': 20}"
2022-06-30 07:00:00,ARX,7,2.4298277298745528,2.514369361695068,2020-06-30 07:00:00,2022-06-30 07:00:00,2022-06-30 07:00:00,730,1,-0.3032104293734177,0.3032104293734177,{'model__alpha': 0.01}
2022-06-30 07:00:00,Random Forest,7,2.4298277298745528,2.4009889095507955,2020-06-30 07:00:00,2022-06-30 07:00:00,2022-06-30 07:00:00,730,1,-0.28640559026943707,0.28640559026943707,"{'max_depth': 10, 'max_features': 0.5, 'min_samples_leaf': 2, 'n_estimators': 100}"
2022-06-30 07:00:00,Neural Network,7,2.4298277298745528,2.503567278581327,2020-06-30 07:00:00,2022-06-30 07:00:00,2022-06-30 07:00:00,730,1,-0.35941423956503044,0.35941423956503044,"{'regressor__model__alpha': 0.0001, 'regressor__model__hidden_layer_sizes': (64, 32), 'regressor__model__learning_rate_init': 0.0001}"
2022-06-30 07:00:00,Naive,7,2.4298277298745528,2.3705866550689927,2020-06-30 07:00:00,2022-06-30 07:00:00,2022-06-30 07:00:00,730,1,,,not_applicable
2022-07-01 07:00:00,Decision Tree,7,2.4529667248919544,2.230714541181956,2020-07-01 07:00:00,2022-07-01 07:00:00,2022-07-01 07:00:00,730,1,-0.42290985504429074,0.42290985504429074,"{'max_depth': None, 'min_samples_leaf': 1, 'min_samples_split': 20}"
2022-07-01 07:00:00,ARX,7,2.4529667248919544,2.3977417535376158,2020-07-01 07:00:00,2022-07-01 07:00:00,2022-07-01 07:00:00,730,1,-0.3032104293734177,0.3032104293734177,{'model__alpha': 0.01}
2022-07-01 07:00:00,Random Forest,7,2.4529667248919544,2.4501925072361797,2020-07-01 07:00:00,2022-07-01 07:00:00,2022-07-01 07:00:00,730,1,-0.28640559026943707,0.28640559026943707,"{'max_depth': 10, 'max_features': 0.5, 'min_samples_leaf': 2, 'n_estimators': 100}"
2022-07-01 07:00:00,Neural Network,7,2.4529667248919544,2.5163987148808395,2020-07-01 07:00:00,2022-07-01 07:00:00,2022-07-01 07:00:00,730,1,-0.35941423956503044,0.35941423956503044,"{'regressor__model__alpha': 0.0001, 'regressor__model__hidden_layer_sizes': (64, 32), 'regressor__model__learning_rate_init': 0.0001}"
2022-07-01 07:00:00,Naive,7,2.4529667248919544,2.4298277298745528,2020-07-01 07:00:00,2022-07-01 07:00:00,2022-07-01 07:00:00,730,1,,,not_applicable
2022-07-02 07:00:00,Decision Tree,7,1.8863027583748688,1.5513043509588207,2020-07-02 07:00:00,2022-07-02 07:00:00,2022-07-02 07:00:00,730,1,-0.42290985504429074,0.42290985504429074,"{'max_depth': None, 'min_samples_leaf': 1, 'min_samples_split': 20}"
2022-07-02 07:00:00,ARX,7,1.8863027583748688,1.730832505455627,2020-07-02 07:00:00,2022-07-02 07:00:00,2022-07-02 07:00:00,730,1,-0.3032104293734177,0.3032104293734177,{'model__alpha': 0.01}
2022-07-02 07:00:00,Random Forest,7,1.8863027583748688,1.9267199635251402,2020-07-02 07:00:00,2022-07-02 07:00:00,2022-07-02 07:00:00,730,1,-0.28640559026943707,0.28640559026943707,"{'max_depth': 10, 'max_features': 0.5, 'min_samples_leaf': 2, 'n_estimators': 100}"
2022-07-02 07:00:00,Neural Network,7,1.8863027583748688,1.8346751137782973,2020-07-02 07:00:00,2022-07-02 07:00:00,2022-07-02 07:00:00,730,1,-0.35941423956503044,0.35941423956503044,"{'regressor__model__alpha': 0.0001, 'regressor__model__hidden_layer_sizes': (64, 32), 'regressor__model__learning_rate_init': 0.0001}"
2022-07-02 07:00:00,Naive,7,1.8863027583748688,2.4529667248919544,2020-07-02 07:00:00,2022-07-02 07:00:00,2022-07-02 07:00:00,730,1,,,not_applicable
2022-07-03 07:00:00,Decision Tree,7,1.542931432012543,1.4580770386481017,2020-07-03 07:00:00,2022-07-03 07:00:00,2022-07-03 07:00:00,730,1,-0.42290985504429074,0.42290985504429074,"{'max_depth': None, 'min_samples_leaf': 1, 'min_samples_split': 20}"
2022-07-03 07:00:00,ARX,7,1.542931432012543,1.2336285878687858,2020-07-03 07:00:00,2022-07-03 07:00:00,2022-07-03 07:00:00,730,1,-0.3032104293734177,0.3032104293734177,{'model__alpha': 0.01}
2022-07-03 07:00:00,Random Forest,7,1.542931432012543,1.598658572590169,2020-07-03 07:00:00,2022-07-03 07:00:00,2022-07-03 07:00:00,730,1,-0.28640559026943707,0.28640559026943707,"{'max_depth': 10, 'max_features': 0.5, 'min_samples_leaf': 2, 'n_estimators': 100}"
2022-07-03 07:00:00,Neural Network,7,1.542931432012543,1.1308971638986198,2020-07-03 07:00:00,2022-07-03 07:00:00,2022-07-03 07:00:00,730,1,-0.35941423956503044,0.35941423956503044,"{'regressor__model__alpha': 0.0001, 'regressor__model__hidden_layer_sizes': (64, 32), 'regressor__model__learning_rate_init': 0.0001}"
2022-07-03 07:00:00,Naive,7,1.542931432012543,1.8863027583748688,2020-07-03 07:00:00,2022-07-03 07:00:00,2022-07-03 07:00:00,730,1,,,not_applicable
2022-07-04 07:00:00,Decision Tree,7,2.423689575983835,2.528191959657624,2020-07-04 07:00:00,2022-07-04 07:00:00,2022-07-04 07:00:00,730,1,-0.42290985504429074,0.42290985504429074,"{'max_depth': None, 'min_samples_leaf': 1, 'min_samples_split': 20}"
2022-07-04 07:00:00,ARX,7,2.423689575983835,2.539559875847498,2020-07-04 07:00:00,2022-07-04 07:00:00,2022-07-04 07:00:00,730,1,-0.3032104293734177,0.3032104293734177,{'model__alpha': 0.01}
2022-07-04 07:00:00,Random Forest,7,2.423689575983835,2.3686074965432007,2020-07-04 07:00:00,2022-07-04 07:00:00,2022-07-04 07:00:00,730,1,-0.28640559026943707,0.28640559026943707,"{'max_depth': 10, 'max_features': 0.5, 'min_samples_leaf': 2, 'n_estimators': 100}"
2022-07-04 07:00:00,Neural Network,7,2.423689575983835,2.5606630072089622,2020-07-04 07:00:00,2022-07-04 07:00:00,2022-07-04 07:00:00,730,1,-0.35941423956503044,0.35941423956503044,"{'regressor__model__alpha': 0.0001, 'regressor__model__hidden_layer_sizes': (64, 32), 'regressor__model__learning_rate_init': 0.0001}"
2022-07-04 07:00:00,Naive,7,2.423689575983835,1.542931432012543,2020-07-04 07:00:00,2022-07-04 07:00:00,2022-07-04 07:00:00,730,1,,,not_applicable
2022-07-05 07:00:00,Decision Tree,7,2.528118001277691,2.4351504612199486,2020-07-05 07:00:00,2022-07-05 07:00:00,2022-07-05 07:00:00,730,1,-0.42290985504429074,0.42290985504429074,"{'max_depth': None, 'min_samples_leaf': 1, 'min_samples_split': 20}"
2022-07-05 07:00:00,ARX,7,2.528118001277691,2.6190524118427843,2020-07-05 07:00:00,2022-07-05 07:00:00,2022-07-05 07:00:00,730,1,-0.3032104293734177,0.3032104293734177,{'model__alpha': 0.01}
2022-07-05 07:00:00,Random Forest,7,2.528118001277691,2.4420542230781335,2020-07-05 07:00:00,2022-07-05 07:00:00,2022-07-05 07:00:00,730,1,-0.28640559026943707,0.28640559026943707,"{'max_depth': 10, 'max_features': 0.5, 'min_samples_leaf': 2, 'n_estimators': 100}"
2022-07-05 07:00:00,Neural Network,7,2.528118001277691,2.4401045554017253,2020-07-05 07:00:00,2022-07-05 07:00:00,2022-07-05 07:00:00,730,1,-0.35941423956503044,0.35941423956503044,"{'regressor__model__alpha': 0.0001, 'regressor__model__hidden_layer_sizes': (64, 32), 'regressor__model__learning_rate_init': 0.0001}"
2022-07-05 07:00:00,Naive,7,2.528118001277691,2.423689575983835,2020-07-05 07:00:00,2022-07-05 07:00:00,2022-07-05 07:00:00,730,1,,,not_applicable
2022-07-06 07:00:00,Decision Tree,7,2.5277387989330893,2.3739989381061815,2020-07-06 07:00:00,2022-07-06 07:00:00,2022-07-06 07:00:00,730,1,-0.42290985504429074,0.42290985504429074,"{'max_depth': None, 'min_samples_leaf': 1, 'min_samples_split': 20}"
2022-07-06 07:00:00,ARX,7,2.5277387989330893,2.5371832050383993,2020-07-06 07:00:00,2022-07-06 07:00:00,2022-07-06 07:00:00,730,1,-0.3032104293734177,0.3032104293734177,{'model__alpha': 0.01}
2022-07-06 07:00:00,Random Forest,7,2.5277387989330893,2.424105137637881,2020-07-06 07:00:00,2022-07-06 07:00:00,2022-07-06 07:00:00,730,1,-0.28640559026943707,0.28640559026943707,"{'max_depth': 10, 'max_features': 0.5, 'min_samples_leaf': 2, 'n_estimators': 100}"
2022-07-06 07:00:00,Neural Network,7,2.5277387989330893,2.4070972223714637,2020-07-06 07:00:00,2022-07-06 07:00:00,2022-07-06 07:00:00,730,1,-0.35941423956503044,0.35941423956503044,"{'regressor__model__alpha': 0.0001, 'regressor__model__hidden_layer_sizes': (64, 32), 'regressor__model__learning_rate_init': 0.0001}"
2022-07-06 07:00:00,Naive,7,2.5277387989330893,2.528118001277691,2020-07-06 07:00:00,2022-07-06 07:00:00,2022-07-06 07:00:00,730,1,,,not_applicable
2022-07-07 07:00:00,Decision Tree,7,2.0500088087160697,2.1210200920755393,2020-07-07 07:00:00,2022-07-07 07:00:00,2022-07-07 07:00:00,730,1,-0.42290985504429074,0.42290985504429074,"{'max_depth': None, 'min_samples_leaf': 1, 'min_samples_split': 20}"
2022-07-07 07:00:00,ARX,7,2.0500088087160697,2.355258320831688,2020-07-07 07:00:00,2022-07-07 07:00:00,2022-07-07 07:00:00,730,1,-0.3032104293734177,0.3032104293734177,{'model__alpha': 0.01}
2022-07-07 07:00:00,Random Forest,7,2.0500088087160697,2.282094272588156,2020-07-07 07:00:00,2022-07-07 07:00:00,2022-07-07 07:00:00,730,1,-0.28640559026943707,0.28640559026943707,"{'max_depth': 10, 'max_features': 0.5, 'min_samples_leaf': 2, 'n_estimators': 100}"
2022-07-07 07:00:00,Neural Network,7,2.0500088087160697,2.2068647988260714,2020-07-07 07:00:00,2022-07-07 07:00:00,2022-07-07 07:00:00,730,1,-0.35941423956503044,0.35941423956503044,"{'regressor__model__alpha': 0.0001, 'regressor__model__hidden_layer_sizes': (64, 32), 'regressor__model__learning_rate_init': 0.0001}"
2022-07-07 07:00:00,Naive,7,2.0500088087160697,2.5277387989330893,2020-07-07 07:00:00,2022-07-07 07:00:00,2022-07-07 07:00:00,730,1,,,not_applicable
2022-07-08 07:00:00,Decision Tree,7,2.53430354929918,1.6583479350021302,2020-07-08 07:00:00,2022-07-08 07:00:00,2022-07-08 07:00:00,730,1,-0.42290985504429074,0.42290985504429074,"{'max_depth': None, 'min_samples_leaf': 1, 'min_samples_split': 20}"
2022-07-08 07:00:00,ARX,7,2.53430354929918,2.0479427221806885,2020-07-08 07:00:00,2022-07-08 07:00:00,2022-07-08 07:00:00,730,1,-0.3032104293734177,0.3032104293734177,{'model__alpha': 0.01}
2022-07-08 07:00:00,Random Forest,7,2.53430354929918,2.0366608434835185,2020-07-08 07:00:00,2022-07-08 07:00:00,2022-07-08 07:00:00,730,1,-0.28640559026943707,0.28640559026943707,"{'max_depth': 10, 'max_features': 0.5, 'min_samples_leaf': 2, 'n_estimators': 100}"
2022-07-08 07:00:00,Neural Network,7,2.53430354929918,2.1018698874142157,2020-07-08 07:00:00,2022-07-08 07:00:00,2022-07-08 07:00:00,730,1,-0.35941423956503044,0.35941423956503044,"{'regressor__model__alpha': 0.0001, 'regressor__model__hidden_layer_sizes': (64, 32), 'regressor__model__learning_rate_init': 0.0001}"
2022-07-08 07:00:00,Naive,7,2.53430354929918,2.0500088087160697,2020-07-08 07:00:00,2022-07-08 07:00:00,2022-07-08 07:00:00,730,1,,,not_applicable
2022-07-09 07:00:00,Decision Tree,7,1.8546724566764952,1.9847894321885557,2020-07-09 07:00:00,2022-07-09 07:00:00,2022-07-09 07:00:00,730,1,-0.42290985504429074,0.42290985504429074,"{'max_depth': None, 'min_samples_leaf': 1, 'min_samples_split': 20}"
2022-07-09 07:00:00,ARX,7,1.8546724566764952,1.8148649247694921,2020-07-09 07:00:00,2022-07-09 07:00:00,2022-07-09 07:00:00,730,1,-0.3032104293734177,0.3032104293734177,{'model__alpha': 0.01}
2022-07-09 07:00:00,Random Forest,7,1.8546724566764952,1.9384763203945972,2020-07-09 07:00:00,2022-07-09 07:00:00,2022-07-09 07:00:00,730,1,-0.28640559026943707,0.28640559026943707,"{'max_depth': 10, 'max_features': 0.5, 'min_samples_leaf': 2, 'n_estimators': 100}"
2022-07-09 07:00:00,Neural Network,7,1.8546724566764952,1.7192542567517815,2020-07-09 07:00:00,2022-07-09 07:00:00,2022-07-09 07:00:00,730,1,-0.35941423956503044,0.35941423956503044,"{'regressor__model__alpha': 0.0001, 'regressor__model__hidden_layer_sizes': (64, 32), 'regressor__model__learning_rate_init': 0.0001}"
2022-07-09 07:00:00,Naive,7,1.8546724566764952,2.53430354929918,2020-07-09 07:00:00,2022-07-09 07:00:00,2022-07-09 07:00:00,730,1,,,not_applicable
2022-07-10 07:00:00,Decision Tree,7,-0.5489316124313137,0.3097377804710401,2020-07-10 07:00:00,2022-07-10 07:00:00,2022-07-10 07:00:00,730,1,-0.42290985504429074,0.42290985504429074,"{'max_depth': None, 'min_samples_leaf': 1, 'min_samples_split': 20}"
2022-07-10 07:00:00,ARX,7,-0.5489316124313137,0.24626841080048711,2020-07-10 07:00:00,2022-07-10 07:00:00,2022-07-10 07:00:00,730,1,-0.3032104293734177,0.3032104293734177,{'model__alpha': 0.01}
2022-07-10 07:00:00,Random Forest,7,-0.5489316124313137,-0.04060825731113412,2020-07-10 07:00:00,2022-07-10 07:00:00,2022-07-10 07:00:00,730,1,-0.28640559026943707,0.28640559026943707,"{'max_depth': 10, 'max_features': 0.5, 'min_samples_leaf': 2, 'n_estimators': 100}"
2022-07-10 07:00:00,Neural Network,7,-0.5489316124313137,0.0148199548219059,2020-07-10 07:00:00,2022-07-10 07:00:00,2022-07-10 07:00:00,730,1,-0.35941423956503044,0.35941423956503044,"{'regressor__model__alpha': 0.0001, 'regressor__model__hidden_layer_sizes': (64, 32), 'regressor__model__learning_rate_init': 0.0001}"
2022-07-10 07:00:00,Naive,7,-0.5489316124313137,1.8546724566764952,2020-07-10 07:00:00,2022-07-10 07:00:00,2022-07-10 07:00:00,730,1,,,not_applicable
2022-07-11 07:00:00,Decision Tree,7,2.5096929129847574,2.123826561709338,2020-07-11 07:00:00,2022-07-11 07:00:00,2022-07-11 07:00:00,730,1,-0.42290985504429074,0.42290985504429074,"{'max_depth': None, 'min_samples_leaf': 1, 'min_samples_split': 20}"
2022-07-11 07:00:00,ARX,7,2.5096929129847574,2.603276166446332,2020-07-11 07:00:00,2022-07-11 07:00:00,2022-07-11 07:00:00,730,1,-0.3032104293734177,0.3032104293734177,{'model__alpha': 0.01}
2022-07-11 07:00:00,Random Forest,7,2.5096929129847574,2.3364460053666067,2020-07-11 07:00:00,2022-07-11 07:00:00,2022-07-11 07:00:00,730,1,-0.28640559026943707,0.28640559026943707,"{'max_depth': 10, 'max_features': 0.5, 'min_samples_leaf': 2, 'n_estimators': 100}"
2022-07-11 07:00:00,Neural Network,7,2.5096929129847574,2.5530436084566777,2020-07-11 07:00:00,2022-07-11 07:00:00,2022-07-11 07:00:00,730,1,-0.35941423956503044,0.35941423956503044,"{'regressor__model__alpha': 0.0001, 'regressor__model__hidden_layer_sizes': (64, 32), 'regressor__model__learning_rate_init': 0.0001}"
2022-07-11 07:00:00,Naive,7,2.5096929129847574,-0.5489316124313137,2020-07-11 07:00:00,2022-07-11 07:00:00,2022-07-11 07:00:00,730,1,,,not_applicable
2022-07-12 07:00:00,Decision Tree,7,2.610573060389947,2.9594655090219097,2020-07-12 07:00:00,2022-07-12 07:00:00,2022-07-12 07:00:00,730,1,-0.42290985504429074,0.42290985504429074,"{'max_depth': None, 'min_samples_leaf': 1, 'min_samples_split': 20}"
2022-07-12 07:00:00,ARX,7,2.610573060389947,2.462346019039652,2020-07-12 07:00:00,2022-07-12 07:00:00,2022-07-12 07:00:00,730,1,-0.3032104293734177,0.3032104293734177,{'model__alpha': 0.01}
2022-07-12 07:00:00,Random Forest,7,2.610573060389947,2.4455822340328526,2020-07-12 07:00:00,2022-07-12 07:00:00,2022-07-12 07:00:00,730,1,-0.28640559026943707,0.28640559026943707,"{'max_depth': 10, 'max_features': 0.5, 'min_samples_leaf': 2, 'n_estimators': 100}"
2022-07-12 07:00:00,Neural Network,7,2.610573060389947,3.154808938248884,2020-07-12 07:00:00,2022-07-12 07:00:00,2022-07-12 07:00:00,730,1,-0.35941423956503044,0.35941423956503044,"{'regressor__model__alpha': 0.0001, 'regressor__model__hidden_layer_sizes': (64, 32), 'regressor__model__learning_rate_init': 0.0001}"
2022-07-12 07:00:00,Naive,7,2.610573060389947,2.5096929129847574,2020-07-12 07:00:00,2022-07-12 07:00:00,2022-07-12 07:00:00,730,1,,,not_applicable
2022-07-13 07:00:00,Decision Tree,7,2.5540873640865667,2.26045815442282,2020-07-13 07:00:00,2022-07-13 07:00:00,2022-07-13 07:00:00,730,1,-0.42290985504429074,0.42290985504429074,"{'max_depth': None, 'min_samples_leaf': 1, 'min_samples_split': 20}"
2022-07-13 07:00:00,ARX,7,2.5540873640865667,2.6318577893425807,2020-07-13 07:00:00,2022-07-13 07:00:00,2022-07-13 07:00:00,730,1,-0.3032104293734177,0.3032104293734177,{'model__alpha': 0.01}
2022-07-13 07:00:00,Random Forest,7,2.5540873640865667,2.6183166701002913,2020-07-13 07:00:00,2022-07-13 07:00:00,2022-07-13 07:00:00,730,1,-0.28640559026943707,0.28640559026943707,"{'max_depth': 10, 'max_features': 0.5, 'min_samples_leaf': 2, 'n_estimators': 100}"
2022-07-13 07:00:00,Neural Network,7,2.5540873640865667,2.5335174289477846,2020-07-13 07:00:00,2022-07-13 07:00:00,2022-07-13 07:00:00,730,1,-0.35941423956503044,0.35941423956503044,"{'regressor__model__alpha': 0.0001, 'regressor__model__hidden_layer_sizes': (64, 32), 'regressor__model__learning_rate_init': 0.0001}"
2022-07-13 07:00:00,Naive,7,2.5540873640865667,2.610573060389947,2020-07-13 07:00:00,2022-07-13 07:00:00,2022-07-13 07:00:00,730,1,,,not_applicable
2022-07-14 07:00:00,Decision Tree,7,2.544456187087973,2.6471443856264347,2020-07-14 07:00:00,2022-07-14 07:00:00,2022-07-14 07:00:00,730,1,-0.42290985504429074,0.42290985504429074,"{'max_depth': None, 'min_samples_leaf': 1, 'min_samples_split': 20}"
2022-07-14 07:00:00,ARX,7,2.544456187087973,2.535061319297525,2020-07-14 07:00:00,2022-07-14 07:00:00,2022-07-14 07:00:00,730,1,-0.3032104293734177,0.3032104293734177,{'model__alpha': 0.01}
2022-07-14 07:00:00,Random Forest,7,2.544456187087973,2.4443854816021813,2020-07-14 07:00:00,2022-07-14 07:00:00,2022-07-14 07:00:00,730,1,-0.28640559026943707,0.28640559026943707,"{'max_depth': 10, 'max_features': 0.5, 'min_samples_leaf': 2, 'n_estimators': 100}"
2022-07-14 07:00:00,Neural Network,7,2.544456187087973,2.506477051865871,2020-07-14 07:00:00,2022-07-14 07:00:00,2022-07-14 07:00:00,730,1,-0.35941423956503044,0.35941423956503044,"{'regressor__model__alpha': 0.0001, 'regressor__model__hidden_layer_sizes': (64, 32), 'regressor__model__learning_rate_init': 0.0001}"
2022-07-14 07:00:00,Naive,7,2.544456187087973,2.5540873640865667,2020-07-14 07:00:00,2022-07-14 07:00:00,2022-07-14 07:00:00,730,1,,,not_applicable
2022-07-15 07:00:00,Decision Tree,7,2.532420435221554,2.48341388090402,2020-07-15 07:00:00,2022-07-15 07:00:00,2022-07-15 07:00:00,730,1,-0.42290985504429074,0.42290985504429074,"{'max_depth': None, 'min_samples_leaf': 1, 'min_samples_split': 20}"
2022-07-15 07:00:00,ARX,7,2.532420435221554,2.501080129996363,2020-07-15 07:00:00,2022-07-15 07:00:00,2022-07-15 07:00:00,730,1,-0.3032104293734177,0.3032104293734177,{'model__alpha': 0.01}
2022-07-15 07:00:00,Random Forest,7,2.532420435221554,2.3856647982938806,2020-07-15 07:00:00,2022-07-15 07:00:00,2022-07-15 07:00:00,730,1,-0.28640559026943707,0.28640559026943707,"{'max_depth': 10, 'max_features': 0.5, 'min_samples_leaf': 2, 'n_estimators': 100}"
2022-07-15 07:00:00,Neural Network,7,2.532420435221554,2.5895734901292426,2020-07-15 07:00:00,2022-07-15 07:00:00,2022-07-15 07:00:00,730,1,-0.35941423956503044,0.35941423956503044,"{'regressor__model__alpha': 0.0001, 'regressor__model__hidden_layer_sizes': (64, 32), 'regressor__model__learning_rate_init': 0.0001}"
2022-07-15 07:00:00,Naive,7,2.532420435221554,2.544456187087973,2020-07-15 07:00:00,2022-07-15 07:00:00,2022-07-15 07:00:00,730,1,,,not_applicable
2022-07-16 07:00:00,Decision Tree,7,1.5217855619206029,1.8946711658945483,2020-07-16 07:00:00,2022-07-16 07:00:00,2022-07-16 07:00:00,730,1,-0.42290985504429074,0.42290985504429074,"{'max_depth': None, 'min_samples_leaf': 1, 'min_samples_split': 20}"
2022-07-16 07:00:00,ARX,7,1.5217855619206029,1.6464142612534496,2020-07-16 07:00:00,2022-07-16 07:00:00,2022-07-16 07:00:00,730,1,-0.3032104293734177,0.3032104293734177,{'model__alpha': 0.01}
2022-07-16 07:00:00,Random Forest,7,1.5217855619206029,1.856391405285291,2020-07-16 07:00:00,2022-07-16 07:00:00,2022-07-16 07:00:00,730,1,-0.28640559026943707,0.28640559026943707,"{'max_depth': 10, 'max_features': 0.5, 'min_samples_leaf': 2, 'n_estimators': 100}"
2022-07-16 07:00:00,Neural Network,7,1.5217855619206029,1.6380605122659126,2020-07-16 07:00:00,2022-07-16 07:00:00,2022-07-16 07:00:00,730,1,-0.35941423956503044,0.35941423956503044,"{'regressor__model__alpha': 0.0001, 'regressor__model__hidden_layer_sizes': (64, 32), 'regressor__model__learning_rate_init': 0.0001}"
2022-07-16 07:00:00,Naive,7,1.5217855619206029,2.532420435221554,2020-07-16 07:00:00,2022-07-16 07:00:00,2022-07-16 07:00:00,730,1,,,not_applicable
2022-07-17 07:00:00,Decision Tree,7,1.445001753373022,-1.2802291815218882,2020-07-17 07:00:00,2022-07-17 07:00:00,2022-07-17 07:00:00,730,1,-0.42290985504429074,0.42290985504429074,"{'max_depth': None, 'min_samples_leaf': 1, 'min_samples_split': 20}"
2022-07-17 07:00:00,ARX,7,1.445001753373022,1.289382873281762,2020-07-17 07:00:00,2022-07-17 07:00:00,2022-07-17 07:00:00,730,1,-0.3032104293734177,0.3032104293734177,{'model__alpha': 0.01}
2022-07-17 07:00:00,Random Forest,7,1.445001753373022,1.3806210159298353,2020-07-17 07:00:00,2022-07-17 07:00:00,2022-07-17 07:00:00,730,1,-0.28640559026943707,0.28640559026943707,"{'max_depth': 10, 'max_features': 0.5, 'min_samples_leaf': 2, 'n_estimators': 100}"
2022-07-17 07:00:00,Neural Network,7,1.445001753373022,0.6665553782589329,2020-07-17 07:00:00,2022-07-17 07:00:00,2022-07-17 07:00:00,730,1,-0.35941423956503044,0.35941423956503044,"{'regressor__model__alpha': 0.0001, 'regressor__model__hidden_layer_sizes': (64, 32), 'regressor__model__learning_rate_init': 0.0001}"
2022-07-17 07:00:00,Naive,7,1.445001753373022,1.5217855619206029,2020-07-17 07:00:00,2022-07-17 07:00:00,2022-07-17 07:00:00,730,1,,,not_applicable
2022-07-18 07:00:00,Decision Tree,7,2.5025426078016793,2.4861364672549935,2020-07-18 07:00:00,2022-07-18 07:00:00,2022-07-18 07:00:00,730,1,-0.42290985504429074,0.42290985504429074,"{'max_depth': None, 'min_samples_leaf': 1, 'min_samples_split': 20}"
2022-07-18 07:00:00,ARX,7,2.5025426078016793,2.6129380559319224,2020-07-18 07:00:00,2022-07-18 07:00:00,2022-07-18 07:00:00,730,1,-0.3032104293734177,0.3032104293734177,{'model__alpha': 0.01}
2022-07-18 07:00:00,Random Forest,7,2.5025426078016793,2.483025626658376,2020-07-18 07:00:00,2022-07-18 07:00:00,2022-07-18 07:00:00,730,1,-0.28640559026943707,0.28640559026943707,"{'max_depth': 10, 'max_features': 0.5, 'min_samples_leaf': 2, 'n_estimators': 100}"
2022-07-18 07:00:00,Neural Network,7,2.5025426078016793,2.425124337797099,2020-07-18 07:00:00,2022-07-18 07:00:00,2022-07-18 07:00:00,730,1,-0.35941423956503044,0.35941423956503044,"{'regressor__model__alpha': 0.0001, 'regressor__model__hidden_layer_sizes': (64, 32), 'regressor__model__learning_rate_init': 0.0001}"
2022-07-18 07:00:00,Naive,7,2.5025426078016793,1.445001753373022,2020-07-18 07:00:00,2022-07-18 07:00:00,2022-07-18 07:00:00,730,1,,,not_applicable
2022-07-19 07:00:00,Decision Tree,7,2.6500233415036747,3.1483504733543155,2020-07-19 07:00:00,2022-07-19 07:00:00,2022-07-19 07:00:00,730,1,-0.42290985504429074,0.42290985504429074,"{'max_depth': None, 'min_samples_leaf': 1, 'min_samples_split': 20}"
2022-07-19 07:00:00,ARX,7,2.6500233415036747,2.757242574373973,2020-07-19 07:00:00,2022-07-19 07:00:00,2022-07-19 07:00:00,730,1,-0.3032104293734177,0.3032104293734177,{'model__alpha': 0.01}
2022-07-19 07:00:00,Random Forest,7,2.6500233415036747,2.789320991933344,2020-07-19 07:00:00,2022-07-19 07:00:00,2022-07-19 07:00:00,730,1,-0.28640559026943707,0.28640559026943707,"{'max_depth': 10, 'max_features': 0.5, 'min_samples_leaf': 2, 'n_estimators': 100}"
2022-07-19 07:00:00,Neural Network,7,2.6500233415036747,2.5908848307615058,2020-07-19 07:00:00,2022-07-19 07:00:00,2022-07-19 07:00:00,730,1,-0.35941423956503044,0.35941423956503044,"{'regressor__model__alpha': 0.0001, 'regressor__model__hidden_layer_sizes': (64, 32), 'regressor__model__learning_rate_init': 0.0001}"
2022-07-19 07:00:00,Naive,7,2.6500233415036747,2.5025426078016793,2020-07-19 07:00:00,2022-07-19 07:00:00,2022-07-19 07:00:00,730,1,,,not_applicable
2022-07-20 07:00:00,Decision Tree,7,2.493671694676408,2.0455837163269943,2020-07-20 07:00:00,2022-07-20 07:00:00,2022-07-20 07:00:00,730,1,-0.42290985504429074,0.42290985504429074,"{'max_depth': None, 'min_samples_leaf': 1, 'min_samples_split': 20}"
2022-07-20 07:00:00,ARX,7,2.493671694676408,2.358607505101306,2020-07-20 07:00:00,2022-07-20 07:00:00,2022-07-20 07:00:00,730,1,-0.3032104293734177,0.3032104293734177,{'model__alpha': 0.01}
2022-07-20 07:00:00,Random Forest,7,2.493671694676408,2.409711995820084,2020-07-20 07:00:00,2022-07-20 07:00:00,2022-07-20 07:00:00,730,1,-0.28640559026943707,0.28640559026943707,"{'max_depth': 10, 'max_features': 0.5, 'min_samples_leaf': 2, 'n_estimators': 100}"
2022-07-20 07:00:00,Neural Network,7,2.493671694676408,2.282940694054949,2020-07-20 07:00:00,2022-07-20 07:00:00,2022-07-20 07:00:00,730,1,-0.35941423956503044,0.35941423956503044,"{'regressor__model__alpha': 0.0001, 'regressor__model__hidden_layer_sizes': (64, 32), 'regressor__model__learning_rate_init': 0.0001}"
2022-07-20 07:00:00,Naive,7,2.493671694676408,2.6500233415036747,2020-07-20 07:00:00,2022-07-20 07:00:00,2022-07-20 07:00:00,730,1,,,not_applicable
2022-07-21 07:00:00,Decision Tree,7,2.6658609430283344,2.457779524651616,2020-07-21 07:00:00,2022-07-21 07:00:00,2022-07-21 07:00:00,730,1,-0.42290985504429074,0.42290985504429074,"{'max_depth': None, 'min_samples_leaf': 1, 'min_samples_split': 20}"
2022-07-21 07:00:00,ARX,7,2.6658609430283344,2.5698524951114052,2020-07-21 07:00:00,2022-07-21 07:00:00,2022-07-21 07:00:00,730,1,-0.3032104293734177,0.3032104293734177,{'model__alpha': 0.01}
2022-07-21 07:00:00,Random Forest,7,2.6658609430283344,2.4971015244399313,2020-07-21 07:00:00,2022-07-21 07:00:00,2022-07-21 07:00:00,730,1,-0.28640559026943707,0.28640559026943707,"{'max_depth': 10, 'max_features': 0.5, 'min_samples_leaf': 2, 'n_estimators': 100}"
2022-07-21 07:00:00,Neural Network,7,2.6658609430283344,2.504791239742279,2020-07-21 07:00:00,2022-07-21 07:00:00,2022-07-21 07:00:00,730,1,-0.35941423956503044,0.35941423956503044,"{'regressor__model__alpha': 0.0001, 'regressor__model__hidden_layer_sizes': (64, 32), 'regressor__model__learning_rate_init': 0.0001}"
2022-07-21 07:00:00,Naive,7,2.6658609430283344,2.493671694676408,2020-07-21 07:00:00,2022-07-21 07:00:00,2022-07-21 07:00:00,730,1,,,not_applicable
2022-07-22 07:00:00,Decision Tree,7,2.5523510588599745,2.4869999483363983,2020-07-22 07:00:00,2022-07-22 07:00:00,2022-07-22 07:00:00,730,1,-0.42290985504429074,0.42290985504429074,"{'max_depth': None, 'min_samples_leaf': 1, 'min_samples_split': 20}"
2022-07-22 07:00:00,ARX,7,2.5523510588599745,2.7767165608220052,2020-07-22 07:00:00,2022-07-22 07:00:00,2022-07-22 07:00:00,730,1,-0.3032104293734177,0.3032104293734177,{'model__alpha': 0.01}
2022-07-22 07:00:00,Random Forest,7,2.5523510588599745,2.5312933000991378,2020-07-22 07:00:00,2022-07-22 07:00:00,2022-07-22 07:00:00,730,1,-0.28640559026943707,0.28640559026943707,"{'max_depth': 10, 'max_features': 0.5, 'min_samples_leaf': 2, 'n_estimators': 100}"
2022-07-22 07:00:00,Neural Network,7,2.5523510588599745,2.788872870609402,2020-07-22 07:00:00,2022-07-22 07:00:00,2022-07-22 07:00:00,730,1,-0.35941423956503044,0.35941423956503044,"{'regressor__model__alpha': 0.0001, 'regressor__model__hidden_layer_sizes': (64, 32), 'regressor__model__learning_rate_init': 0.0001}"
2022-07-22 07:00:00,Naive,7,2.5523510588599745,2.6658609430283344,2020-07-22 07:00:00,2022-07-22 07:00:00,2022-07-22 07:00:00,730,1,,,not_applicable
2022-07-23 07:00:00,Decision Tree,7,2.1728430927523013,2.0455837163269948,2020-07-23 07:00:00,2022-07-23 07:00:00,2022-07-23 07:00:00,730,1,-0.42290985504429074,0.42290985504429074,"{'max_depth': None, 'min_samples_leaf': 1, 'min_samples_split': 20}"
2022-07-23 07:00:00,ARX,7,2.1728430927523013,2.124595210613421,2020-07-23 07:00:00,2022-07-23 07:00:00,2022-07-23 07:00:00,730,1,-0.3032104293734177,0.3032104293734177,{'model__alpha': 0.01}
2022-07-23 07:00:00,Random Forest,7,2.1728430927523013,2.0509016749884807,2020-07-23 07:00:00,2022-07-23 07:00:00,2022-07-23 07:00:00,730,1,-0.28640559026943707,0.28640559026943707,"{'max_depth': 10, 'max_features': 0.5, 'min_samples_leaf': 2, 'n_estimators': 100}"
2022-07-23 07:00:00,Neural Network,7,2.1728430927523013,2.047635105026108,2020-07-23 07:00:00,2022-07-23 07:00:00,2022-07-23 07:00:00,730,1,-0.35941423956503044,0.35941423956503044,"{'regressor__model__alpha': 0.0001, 'regressor__model__hidden_layer_sizes': (64, 32), 'regressor__model__learning_rate_init': 0.0001}"
2022-07-23 07:00:00,Naive,7,2.1728430927523013,2.5523510588599745,2020-07-23 07:00:00,2022-07-23 07:00:00,2022-07-23 07:00:00,730,1,,,not_applicable
2022-07-24 07:00:00,Decision Tree,7,1.8491680781488073,2.200113010166257,2020-07-24 07:00:00,2022-07-24 07:00:00,2022-07-24 07:00:00,730,1,-0.42290985504429074,0.42290985504429074,"{'max_depth': None, 'min_samples_leaf': 1, 'min_samples_split': 20}"
2022-07-24 07:00:00,ARX,7,1.8491680781488073,1.4693278745069016,2020-07-24 07:00:00,2022-07-24 07:00:00,2022-07-24 07:00:00,730,1,-0.3032104293734177,0.3032104293734177,{'model__alpha': 0.01}
2022-07-24 07:00:00,Random Forest,7,1.8491680781488073,1.6780496087686185,2020-07-24 07:00:00,2022-07-24 07:00:00,2022-07-24 07:00:00,730,1,-0.28640559026943707,0.28640559026943707,"{'max_depth': 10, 'max_features': 0.5, 'min_samples_leaf': 2, 'n_estimators': 100}"
2022-07-24 07:00:00,Neural Network,7,1.8491680781488073,1.6204819335131266,2020-07-24 07:00:00,2022-07-24 07:00:00,2022-07-24 07:00:00,730,1,-0.35941423956503044,0.35941423956503044,"{'regressor__model__alpha': 0.0001, 'regressor__model__hidden_layer_sizes': (64, 32), 'regressor__model__learning_rate_init': 0.0001}"
2022-07-24 07:00:00,Naive,7,1.8491680781488073,2.1728430927523013,2020-07-24 07:00:00,2022-07-24 07:00:00,2022-07-24 07:00:00,730,1,,,not_applicable
2022-07-25 07:00:00,Decision Tree,7,2.423461861240898,2.462277174809837,2020-07-25 07:00:00,2022-07-25 07:00:00,2022-07-25 07:00:00,730,1,-0.42290985504429074,0.42290985504429074,"{'max_depth': None, 'min_samples_leaf': 1, 'min_samples_split': 20}"
2022-07-25 07:00:00,ARX,7,2.423461861240898,2.3879032910716056,2020-07-25 07:00:00,2022-07-25 07:00:00,2022-07-25 07:00:00,730,1,-0.3032104293734177,0.3032104293734177,{'model__alpha': 0.01}
2022-07-25 07:00:00,Random Forest,7,2.423461861240898,2.210685006171479,2020-07-25 07:00:00,2022-07-25 07:00:00,2022-07-25 07:00:00,730,1,-0.28640559026943707,0.28640559026943707,"{'max_depth': 10, 'max_features': 0.5, 'min_samples_leaf': 2, 'n_estimators': 100}"
2022-07-25 07:00:00,Neural Network,7,2.423461861240898,2.2376136653923084,2020-07-25 07:00:00,2022-07-25 07:00:00,2022-07-25 07:00:00,730,1,-0.35941423956503044,0.35941423956503044,"{'regressor__model__alpha': 0.0001, 'regressor__model__hidden_layer_sizes': (64, 32), 'regressor__model__learning_rate_init': 0.0001}"
2022-07-25 07:00:00,Naive,7,2.423461861240898,1.8491680781488073,2020-07-25 07:00:00,2022-07-25 07:00:00,2022-07-25 07:00:00,730,1,,,not_applicable
2022-07-26 07:00:00,Decision Tree,7,2.5410223881569594,2.460058862330742,2020-07-26 07:00:00,2022-07-26 07:00:00,2022-07-26 07:00:00,730,1,-0.42290985504429074,0.42290985504429074,"{'max_depth': None, 'min_samples_leaf': 1, 'min_samples_split': 20}"
2022-07-26 07:00:00,ARX,7,2.5410223881569594,2.427674610165134,2020-07-26 07:00:00,2022-07-26 07:00:00,2022-07-26 07:00:00,730,1,-0.3032104293734177,0.3032104293734177,{'model__alpha': 0.01}
2022-07-26 07:00:00,Random Forest,7,2.5410223881569594,2.4289163092792423,2020-07-26 07:00:00,2022-07-26 07:00:00,2022-07-26 07:00:00,730,1,-0.28640559026943707,0.28640559026943707,"{'max_depth': 10, 'max_features': 0.5, 'min_samples_leaf': 2, 'n_estimators': 100}"
2022-07-26 07:00:00,Neural Network,7,2.5410223881569594,2.0990456830973585,2020-07-26 07:00:00,2022-07-26 07:00:00,2022-07-26 07:00:00,730,1,-0.35941423956503044,0.35941423956503044,"{'regressor__model__alpha': 0.0001, 'regressor__model__hidden_layer_sizes': (64, 32), 'regressor__model__learning_rate_init': 0.0001}"
2022-07-26 07:00:00,Naive,7,2.5410223881569594,2.423461861240898,2020-07-26 07:00:00,2022-07-26 07:00:00,2022-07-26 07:00:00,730,1,,,not_applicable
2022-07-27 07:00:00,Decision Tree,7,2.6473145897949193,2.464556835987754,2020-07-27 07:00:00,2022-07-27 07:00:00,2022-07-27 07:00:00,730,1,-0.42290985504429074,0.42290985504429074,"{'max_depth': None, 'min_samples_leaf': 1, 'min_samples_split': 20}"
2022-07-27 07:00:00,ARX,7,2.6473145897949193,2.5956510062830196,2020-07-27 07:00:00,2022-07-27 07:00:00,2022-07-27 07:00:00,730,1,-0.3032104293734177,0.3032104293734177,{'model__alpha': 0.01}
2022-07-27 07:00:00,Random Forest,7,2.6473145897949193,2.5083532331413427,2020-07-27 07:00:00,2022-07-27 07:00:00,2022-07-27 07:00:00,730,1,-0.28640559026943707,0.28640559026943707,"{'max_depth': 10, 'max_features': 0.5, 'min_samples_leaf': 2, 'n_estimators': 100}"
2022-07-27 07:00:00,Neural Network,7,2.6473145897949193,2.4280239829299433,2020-07-27 07:00:00,2022-07-27 07:00:00,2022-07-27 07:00:00,730,1,-0.35941423956503044,0.35941423956503044,"{'regressor__model__alpha': 0.0001, 'regressor__model__hidden_layer_sizes': (64, 32), 'regressor__model__learning_rate_init': 0.0001}"
2022-07-27 07:00:00,Naive,7,2.6473145897949193,2.5410223881569594,2020-07-27 07:00:00,2022-07-27 07:00:00,2022-07-27 07:00:00,730,1,,,not_applicable
2022-07-28 07:00:00,Decision Tree,7,2.7716037350571057,2.4802391480160892,2020-07-28 07:00:00,2022-07-28 07:00:00,2022-07-28 07:00:00,730,1,-0.42290985504429074,0.42290985504429074,"{'max_depth': None, 'min_samples_leaf': 1, 'min_samples_split': 20}"
2022-07-28 07:00:00,ARX,7,2.7716037350571057,2.660981738145469,2020-07-28 07:00:00,2022-07-28 07:00:00,2022-07-28 07:00:00,730,1,-0.3032104293734177,0.3032104293734177,{'model__alpha': 0.01}
2022-07-28 07:00:00,Random Forest,7,2.7716037350571057,2.611905470145887,2020-07-28 07:00:00,2022-07-28 07:00:00,2022-07-28 07:00:00,730,1,-0.28640559026943707,0.28640559026943707,"{'max_depth': 10, 'max_features': 0.5, 'min_samples_leaf': 2, 'n_estimators': 100}"
2022-07-28 07:00:00,Neural Network,7,2.7716037350571057,2.5559742940775303,2020-07-28 07:00:00,2022-07-28 07:00:00,2022-07-28 07:00:00,730,1,-0.35941423956503044,0.35941423956503044,"{'regressor__model__alpha': 0.0001, 'regressor__model__hidden_layer_sizes': (64, 32), 'regressor__model__learning_rate_init': 0.0001}"
2022-07-28 07:00:00,Naive,7,2.7716037350571057,2.6473145897949193,2020-07-28 07:00:00,2022-07-28 07:00:00,2022-07-28 07:00:00,730,1,,,not_applicable
2022-07-29 07:00:00,Decision Tree,7,2.6592763397478167,2.6781899461071887,2020-07-29 07:00:00,2022-07-29 07:00:00,2022-07-29 07:00:00,730,1,-0.42290985504429074,0.42290985504429074,"{'max_depth': None, 'min_samples_leaf': 1, 'min_samples_split': 20}"
2022-07-29 07:00:00,ARX,7,2.6592763397478167,2.597582445925064,2020-07-29 07:00:00,2022-07-29 07:00:00,2022-07-29 07:00:00,730,1,-0.3032104293734177,0.3032104293734177,{'model__alpha': 0.01}
2022-07-29 07:00:00,Random Forest,7,2.6592763397478167,2.72883917212493,2020-07-29 07:00:00,2022-07-29 07:00:00,2022-07-29 07:00:00,730,1,-0.28640559026943707,0.28640559026943707,"{'max_depth': 10, 'max_features': 0.5, 'min_samples_leaf': 2, 'n_estimators': 100}"
2022-07-29 07:00:00,Neural Network,7,2.6592763397478167,2.6277109275285198,2020-07-29 07:00:00,2022-07-29 07:00:00,2022-07-29 07:00:00,730,1,-0.35941423956503044,0.35941423956503044,"{'regressor__model__alpha': 0.0001, 'regressor__model__hidden_layer_sizes': (64, 32), 'regressor__model__learning_rate_init': 0.0001}"
2022-07-29 07:00:00,Naive,7,2.6592763397478167,2.7716037350571057,2020-07-29 07:00:00,2022-07-29 07:00:00,2022-07-29 07:00:00,730,1,,,not_applicable
2022-07-30 07:00:00,Decision Tree,7,2.4397018553809326,1.7617957414383396,2020-07-30 07:00:00,2022-07-30 07:00:00,2022-07-30 07:00:00,730,1,-0.42290985504429074,0.42290985504429074,"{'max_depth': None, 'min_samples_leaf': 1, 'min_samples_split': 20}"
2022-07-30 07:00:00,ARX,7,2.4397018553809326,2.025477469868451,2020-07-30 07:00:00,2022-07-30 07:00:00,2022-07-30 07:00:00,730,1,-0.3032104293734177,0.3032104293734177,{'model__alpha': 0.01}
2022-07-30 07:00:00,Random Forest,7,2.4397018553809326,2.1069989081332747,2020-07-30 07:00:00,2022-07-30 07:00:00,2022-07-30 07:00:00,730,1,-0.28640559026943707,0.28640559026943707,"{'max_depth': 10, 'max_features': 0.5, 'min_samples_leaf': 2, 'n_estimators': 100}"
2022-07-30 07:00:00,Neural Network,7,2.4397018553809326,2.440809087414479,2020-07-30 07:00:00,2022-07-30 07:00:00,2022-07-30 07:00:00,730,1,-0.35941423956503044,0.35941423956503044,"{'regressor__model__alpha': 0.0001, 'regressor__model__hidden_layer_sizes': (64, 32), 'regressor__model__learning_rate_init': 0.0001}"
2022-07-30 07:00:00,Naive,7,2.4397018553809326,2.6592763397478167,2020-07-30 07:00:00,2022-07-30 07:00:00,2022-07-30 07:00:00,730,1,,,not_applicable
2022-07-31 07:00:00,Decision Tree,7,1.83965412450374,2.335587625455151,2020-07-31 07:00:00,2022-07-31 07:00:00,2022-07-31 07:00:00,730,1,-0.42290985504429074,0.42290985504429074,"{'max_depth': None, 'min_samples_leaf': 1, 'min_samples_split': 20}"
2022-07-31 07:00:00,ARX,7,1.83965412450374,1.662196928171613,2020-07-31 07:00:00,2022-07-31 07:00:00,2022-07-31 07:00:00,730,1,-0.3032104293734177,0.3032104293734177,{'model__alpha': 0.01}
2022-07-31 07:00:00,Random Forest,7,1.83965412450374,1.9589843617788119,2020-07-31 07:00:00,2022-07-31 07:00:00,2022-07-31 07:00:00,730,1,-0.28640559026943707,0.28640559026943707,"{'max_depth': 10, 'max_features': 0.5, 'min_samples_leaf': 2, 'n_estimators': 100}"
2022-07-31 07:00:00,Neural Network,7,1.83965412450374,2.1650060637487423,2020-07-31 07:00:00,2022-07-31 07:00:00,2022-07-31 07:00:00,730,1,-0.35941423956503044,0.35941423956503044,"{'regressor__model__alpha': 0.0001, 'regressor__model__hidden_layer_sizes': (64, 32), 'regressor__model__learning_rate_init': 0.0001}"
2022-07-31 07:00:00,Naive,7,1.83965412450374,2.4397018553809326,2020-07-31 07:00:00,2022-07-31 07:00:00,2022-07-31 07:00:00,730,1,,,not_applicable
2022-08-01 07:00:00,Decision Tree,7,2.551480513440748,2.5157413624812954,2020-08-01 07:00:00,2022-08-01 07:00:00,2022-08-01 07:00:00,730,1,-0.42290985504429074,0.42290985504429074,"{'max_depth': None, 'min_samples_leaf': 1, 'min_samples_split': 20}"
2022-08-01 07:00:00,ARX,7,2.551480513440748,2.719287683083873,2020-08-01 07:00:00,2022-08-01 07:00:00,2022-08-01 07:00:00,730,1,-0.3032104293734177,0.3032104293734177,{'model__alpha': 0.01}
2022-08-01 07:00:00,Random Forest,7,2.551480513440748,2.482918727380195,2020-08-01 07:00:00,2022-08-01 07:00:00,2022-08-01 07:00:00,730,1,-0.28640559026943707,0.28640559026943707,"{'max_depth': 10, 'max_features': 0.5, 'min_samples_leaf': 2, 'n_estimators': 100}"
2022-08-01 07:00:00,Neural Network,7,2.551480513440748,2.536015430350665,2020-08-01 07:00:00,2022-08-01 07:00:00,2022-08-01 07:00:00,730,1,-0.35941423956503044,0.35941423956503044,"{'regressor__model__alpha': 0.0001, 'regressor__model__hidden_layer_sizes': (64, 32), 'regressor__model__learning_rate_init': 0.0001}"
2022-08-01 07:00:00,Naive,7,2.551480513440748,1.83965412450374,2020-08-01 07:00:00,2022-08-01 07:00:00,2022-08-01 07:00:00,730,1,,,not_applicable
2022-08-02 07:00:00,Decision Tree,7,2.5770277910010417,2.5182941589783994,2020-08-02 07:00:00,2022-08-02 07:00:00,2022-08-02 07:00:00,730,1,-0.42290985504429074,0.42290985504429074,"{'max_depth': None, 'min_samples_leaf': 1, 'min_samples_split': 20}"
2022-08-02 07:00:00,ARX,7,2.5770277910010417,2.764642042130561,2020-08-02 07:00:00,2022-08-02 07:00:00,2022-08-02 07:00:00,730,1,-0.3032104293734177,0.3032104293734177,{'model__alpha': 0.01}
2022-08-02 07:00:00,Random Forest,7,2.5770277910010417,2.6141506929459855,2020-08-02 07:00:00,2022-08-02 07:00:00,2022-08-02 07:00:00,730,1,-0.28640559026943707,0.28640559026943707,"{'max_depth': 10, 'max_features': 0.5, 'min_samples_leaf': 2, 'n_estimators': 100}"
2022-08-02 07:00:00,Neural Network,7,2.5770277910010417,2.562681931747001,2020-08-02 07:00:00,2022-08-02 07:00:00,2022-08-02 07:00:00,730,1,-0.35941423956503044,0.35941423956503044,"{'regressor__model__alpha': 0.0001, 'regressor__model__hidden_layer_sizes': (64, 32), 'regressor__model__learning_rate_init': 0.0001}"
2022-08-02 07:00:00,Naive,7,2.5770277910010417,2.551480513440748,2020-08-02 07:00:00,2022-08-02 07:00:00,2022-08-02 07:00:00,730,1,,,not_applicable
2022-08-03 07:00:00,Decision Tree,7,2.5082528583759713,2.557386784175247,2020-08-03 07:00:00,2022-08-03 07:00:00,2022-08-03 07:00:00,730,1,-0.42290985504429074,0.42290985504429074,"{'max_depth': None, 'min_samples_leaf': 1, 'min_samples_split': 20}"
2022-08-03 07:00:00,ARX,7,2.5082528583759713,2.5806080304319865,2020-08-03 07:00:00,2022-08-03 07:00:00,2022-08-03 07:00:00,730,1,-0.3032104293734177,0.3032104293734177,{'model__alpha': 0.01}
2022-08-03 07:00:00,Random Forest,7,2.5082528583759713,2.571397003982087,2020-08-03 07:00:00,2022-08-03 07:00:00,2022-08-03 07:00:00,730,1,-0.28640559026943707,0.28640559026943707,"{'max_depth': 10, 'max_features': 0.5, 'min_samples_leaf': 2, 'n_estimators': 100}"
2022-08-03 07:00:00,Neural Network,7,2.5082528583759713,2.4034451022394174,2020-08-03 07:00:00,2022-08-03 07:00:00,2022-08-03 07:00:00,730,1,-0.35941423956503044,0.35941423956503044,"{'regressor__model__alpha': 0.0001, 'regressor__model__hidden_layer_sizes': (64, 32), 'regressor__model__learning_rate_init': 0.0001}"
2022-08-03 07:00:00,Naive,7,2.5082528583759713,2.5770277910010417,2020-08-03 07:00:00,2022-08-03 07:00:00,2022-08-03 07:00:00,730,1,,,not_applicable
2022-08-04 07:00:00,Decision Tree,7,2.568918651846305,2.5213374296921627,2020-08-04 07:00:00,2022-08-04 07:00:00,2022-08-04 07:00:00,730,1,-0.42290985504429074,0.42290985504429074,"{'max_depth': None, 'min_samples_leaf': 1, 'min_samples_split': 20}"
2022-08-04 07:00:00,ARX,7,2.568918651846305,2.5899336642759403,2020-08-04 07:00:00,2022-08-04 07:00:00,2022-08-04 07:00:00,730,1,-0.3032104293734177,0.3032104293734177,{'model__alpha': 0.01}
2022-08-04 07:00:00,Random Forest,7,2.568918651846305,2.602417750064098,2020-08-04 07:00:00,2022-08-04 07:00:00,2022-08-04 07:00:00,730,1,-0.28640559026943707,0.28640559026943707,"{'max_depth': 10, 'max_features': 0.5, 'min_samples_leaf': 2, 'n_estimators': 100}"
2022-08-04 07:00:00,Neural Network,7,2.568918651846305,2.5945369896543466,2020-08-04 07:00:00,2022-08-04 07:00:00,2022-08-04 07:00:00,730,1,-0.35941423956503044,0.35941423956503044,"{'regressor__model__alpha': 0.0001, 'regressor__model__hidden_layer_sizes': (64, 32), 'regressor__model__learning_rate_init': 0.0001}"
2022-08-04 07:00:00,Naive,7,2.568918651846305,2.5082528583759713,2020-08-04 07:00:00,2022-08-04 07:00:00,2022-08-04 07:00:00,730,1,,,not_applicable
2022-08-05 07:00:00,Decision Tree,7,2.530697297447268,2.5767892911572585,2020-08-05 07:00:00,2022-08-05 07:00:00,2022-08-05 07:00:00,730,1,-0.42290985504429074,0.42290985504429074,"{'max_depth': None, 'min_samples_leaf': 1, 'min_samples_split': 20}"
2022-08-05 07:00:00,ARX,7,2.530697297447268,2.7193167921923536,2020-08-05 07:00:00,2022-08-05 07:00:00,2022-08-05 07:00:00,730,1,-0.3032104293734177,0.3032104293734177,{'model__alpha': 0.01}
2022-08-05 07:00:00,Random Forest,7,2.530697297447268,2.552097194277246,2020-08-05 07:00:00,2022-08-05 07:00:00,2022-08-05 07:00:00,730,1,-0.28640559026943707,0.28640559026943707,"{'max_depth': 10, 'max_features': 0.5, 'min_samples_leaf': 2, 'n_estimators': 100}"
2022-08-05 07:00:00,Neural Network,7,2.530697297447268,2.6010170891148356,2020-08-05 07:00:00,2022-08-05 07:00:00,2022-08-05 07:00:00,730,1,-0.35941423956503044,0.35941423956503044,"{'regressor__model__alpha': 0.0001, 'regressor__model__hidden_layer_sizes': (64, 32), 'regressor__model__learning_rate_init': 0.0001}"
2022-08-05 07:00:00,Naive,7,2.530697297447268,2.568918651846305,2020-08-05 07:00:00,2022-08-05 07:00:00,2022-08-05 07:00:00,730,1,,,not_applicable
2022-08-06 07:00:00,Decision Tree,7,2.0362654321204183,2.084440448737703,2020-08-06 07:00:00,2022-08-06 07:00:00,2022-08-06 07:00:00,730,1,-0.42290985504429074,0.42290985504429074,"{'max_depth': None, 'min_samples_leaf': 1, 'min_samples_split': 20}"
2022-08-06 07:00:00,ARX,7,2.0362654321204183,1.882114804192483,2020-08-06 07:00:00,2022-08-06 07:00:00,2022-08-06 07:00:00,730,1,-0.3032104293734177,0.3032104293734177,{'model__alpha': 0.01}
2022-08-06 07:00:00,Random Forest,7,2.0362654321204183,2.0982507719363412,2020-08-06 07:00:00,2022-08-06 07:00:00,2022-08-06 07:00:00,730,1,-0.28640559026943707,0.28640559026943707,"{'max_depth': 10, 'max_features': 0.5, 'min_samples_leaf': 2, 'n_estimators': 100}"
2022-08-06 07:00:00,Neural Network,7,2.0362654321204183,2.232821911388622,2020-08-06 07:00:00,2022-08-06 07:00:00,2022-08-06 07:00:00,730,1,-0.35941423956503044,0.35941423956503044,"{'regressor__model__alpha': 0.0001, 'regressor__model__hidden_layer_sizes': (64, 32), 'regressor__model__learning_rate_init': 0.0001}"
2022-08-06 07:00:00,Naive,7,2.0362654321204183,2.530697297447268,2020-08-06 07:00:00,2022-08-06 07:00:00,2022-08-06 07:00:00,730,1,,,not_applicable
2022-08-07 07:00:00,Decision Tree,7,1.4520278632529688,1.7801241944340351,2020-08-07 07:00:00,2022-08-07 07:00:00,2022-08-07 07:00:00,730,1,-0.42290985504429074,0.42290985504429074,"{'max_depth': None, 'min_samples_leaf': 1, 'min_samples_split': 20}"
2022-08-07 07:00:00,ARX,7,1.4520278632529688,1.4519703209419124,2020-08-07 07:00:00,2022-08-07 07:00:00,2022-08-07 07:00:00,730,1,-0.3032104293734177,0.3032104293734177,{'model__alpha': 0.01}
2022-08-07 07:00:00,Random Forest,7,1.4520278632529688,1.7188380812487707,2020-08-07 07:00:00,2022-08-07 07:00:00,2022-08-07 07:00:00,730,1,-0.28640559026943707,0.28640559026943707,"{'max_depth': 10, 'max_features': 0.5, 'min_samples_leaf': 2, 'n_estimators': 100}"
2022-08-07 07:00:00,Neural Network,7,1.4520278632529688,1.9789056235636735,2020-08-07 07:00:00,2022-08-07 07:00:00,2022-08-07 07:00:00,730,1,-0.35941423956503044,0.35941423956503044,"{'regressor__model__alpha': 0.0001, 'regressor__model__hidden_layer_sizes': (64, 32), 'regressor__model__learning_rate_init': 0.0001}"
2022-08-07 07:00:00,Naive,7,1.4520278632529688,2.0362654321204183,2020-08-07 07:00:00,2022-08-07 07:00:00,2022-08-07 07:00:00,730,1,,,not_applicable
2022-08-08 07:00:00,Decision Tree,7,2.3935516011173776,2.4775018838800325,2020-08-08 07:00:00,2022-08-08 07:00:00,2022-08-08 07:00:00,730,1,-0.42290985504429074,0.42290985504429074,"{'max_depth': None, 'min_samples_leaf': 1, 'min_samples_split': 20}"
2022-08-08 07:00:00,ARX,7,2.3935516011173776,2.5946059137349273,2020-08-08 07:00:00,2022-08-08 07:00:00,2022-08-08 07:00:00,730,1,-0.3032104293734177,0.3032104293734177,{'model__alpha': 0.01}
2022-08-08 07:00:00,Random Forest,7,2.3935516011173776,2.3953745284726424,2020-08-08 07:00:00,2022-08-08 07:00:00,2022-08-08 07:00:00,730,1,-0.28640559026943707,0.28640559026943707,"{'max_depth': 10, 'max_features': 0.5, 'min_samples_leaf': 2, 'n_estimators': 100}"
2022-08-08 07:00:00,Neural Network,7,2.3935516011173776,2.4532084714322653,2020-08-08 07:00:00,2022-08-08 07:00:00,2022-08-08 07:00:00,730,1,-0.35941423956503044,0.35941423956503044,"{'regressor__model__alpha': 0.0001, 'regressor__model__hidden_layer_sizes': (64, 32), 'regressor__model__learning_rate_init': 0.0001}"
2022-08-08 07:00:00,Naive,7,2.3935516011173776,1.4520278632529688,2020-08-08 07:00:00,2022-08-08 07:00:00,2022-08-08 07:00:00,730,1,,,not_applicable
2022-08-09 07:00:00,Decision Tree,7,2.3758125672590795,2.5513910329328437,2020-08-09 07:00:00,2022-08-09 07:00:00,2022-08-09 07:00:00,730,1,-0.42290985504429074,0.42290985504429074,"{'max_depth': None, 'min_samples_leaf': 1, 'min_samples_split': 20}"
2022-08-09 07:00:00,ARX,7,2.3758125672590795,2.5748421786622187,2020-08-09 07:00:00,2022-08-09 07:00:00,2022-08-09 07:00:00,730,1,-0.3032104293734177,0.3032104293734177,{'model__alpha': 0.01}
2022-08-09 07:00:00,Random Forest,7,2.3758125672590795,2.507366941985997,2020-08-09 07:00:00,2022-08-09 07:00:00,2022-08-09 07:00:00,730,1,-0.28640559026943707,0.28640559026943707,"{'max_depth': 10, 'max_features': 0.5, 'min_samples_leaf': 2, 'n_estimators': 100}"
2022-08-09 07:00:00,Neural Network,7,2.3758125672590795,2.5217965386542636,2020-08-09 07:00:00,2022-08-09 07:00:00,2022-08-09 07:00:00,730,1,-0.35941423956503044,0.35941423956503044,"{'regressor__model__alpha': 0.0001, 'regressor__model__hidden_layer_sizes': (64, 32), 'regressor__model__learning_rate_init': 0.0001}"
2022-08-09 07:00:00,Naive,7,2.3758125672590795,2.3935516011173776,2020-08-09 07:00:00,2022-08-09 07:00:00,2022-08-09 07:00:00,730,1,,,not_applicable
2022-08-10 07:00:00,Decision Tree,7,2.30270809749665,2.0597969085744534,2020-08-10 07:00:00,2022-08-10 07:00:00,2022-08-10 07:00:00,730,1,-0.42290985504429074,0.42290985504429074,"{'max_depth': None, 'min_samples_leaf': 1, 'min_samples_split': 20}"
2022-08-10 07:00:00,ARX,7,2.30270809749665,2.4927267289131363,2020-08-10 07:00:00,2022-08-10 07:00:00,2022-08-10 07:00:00,730,1,-0.3032104293734177,0.3032104293734177,{'model__alpha': 0.01}
2022-08-10 07:00:00,Random Forest,7,2.30270809749665,2.4324952763272596,2020-08-10 07:00:00,2022-08-10 07:00:00,2022-08-10 07:00:00,730,1,-0.28640559026943707,0.28640559026943707,"{'max_depth': 10, 'max_features': 0.5, 'min_samples_leaf': 2, 'n_estimators': 100}"
2022-08-10 07:00:00,Neural Network,7,2.30270809749665,2.3634322124333664,2020-08-10 07:00:00,2022-08-10 07:00:00,2022-08-10 07:00:00,730,1,-0.35941423956503044,0.35941423956503044,"{'regressor__model__alpha': 0.0001, 'regressor__model__hidden_layer_sizes': (64, 32), 'regressor__model__learning_rate_init': 0.0001}"
2022-08-10 07:00:00,Naive,7,2.30270809749665,2.3758125672590795,2020-08-10 07:00:00,2022-08-10 07:00:00,2022-08-10 07:00:00,730,1,,,not_applicable
2022-08-11 07:00:00,Decision Tree,7,2.3751688803834994,2.0597969085744534,2020-08-11 07:00:00,2022-08-11 07:00:00,2022-08-11 07:00:00,730,1,-0.42290985504429074,0.42290985504429074,"{'max_depth': None, 'min_samples_leaf': 1, 'min_samples_split': 20}"
2022-08-11 07:00:00,ARX,7,2.3751688803834994,2.515174956158085,2020-08-11 07:00:00,2022-08-11 07:00:00,2022-08-11 07:00:00,730,1,-0.3032104293734177,0.3032104293734177,{'model__alpha': 0.01}
2022-08-11 07:00:00,Random Forest,7,2.3751688803834994,2.3841876381638945,2020-08-11 07:00:00,2022-08-11 07:00:00,2022-08-11 07:00:00,730,1,-0.28640559026943707,0.28640559026943707,"{'max_depth': 10, 'max_features': 0.5, 'min_samples_leaf': 2, 'n_estimators': 100}"
2022-08-11 07:00:00,Neural Network,7,2.3751688803834994,2.437037624730146,2020-08-11 07:00:00,2022-08-11 07:00:00,2022-08-11 07:00:00,730,1,-0.35941423956503044,0.35941423956503044,"{'regressor__model__alpha': 0.0001, 'regressor__model__hidden_layer_sizes': (64, 32), 'regressor__model__learning_rate_init': 0.0001}"
2022-08-11 07:00:00,Naive,7,2.3751688803834994,2.30270809749665,2020-08-11 07:00:00,2022-08-11 07:00:00,2022-08-11 07:00:00,730,1,,,not_applicable
2022-08-12 07:00:00,Decision Tree,7,2.6117886045074434,2.395779051168352,2020-08-12 07:00:00,2022-08-12 07:00:00,2022-08-12 07:00:00,730,1,-0.42290985504429074,0.42290985504429074,"{'max_depth': None, 'min_samples_leaf': 1, 'min_samples_split': 20}"
2022-08-12 07:00:00,ARX,7,2.6117886045074434,2.4955605040229196,2020-08-12 07:00:00,2022-08-12 07:00:00,2022-08-12 07:00:00,730,1,-0.3032104293734177,0.3032104293734177,{'model__alpha': 0.01}
2022-08-12 07:00:00,Random Forest,7,2.6117886045074434,2.480563434707607,2020-08-12 07:00:00,2022-08-12 07:00:00,2022-08-12 07:00:00,730,1,-0.28640559026943707,0.28640559026943707,"{'max_depth': 10, 'max_features': 0.5, 'min_samples_leaf': 2, 'n_estimators': 100}"
2022-08-12 07:00:00,Neural Network,7,2.6117886045074434,2.5596343832881434,2020-08-12 07:00:00,2022-08-12 07:00:00,2022-08-12 07:00:00,730,1,-0.35941423956503044,0.35941423956503044,"{'regressor__model__alpha': 0.0001, 'regressor__model__hidden_layer_sizes': (64, 32), 'regressor__model__learning_rate_init': 0.0001}"
2022-08-12 07:00:00,Naive,7,2.6117886045074434,2.3751688803834994,2020-08-12 07:00:00,2022-08-12 07:00:00,2022-08-12 07:00:00,730,1,,,not_applicable
2022-08-13 07:00:00,Decision Tree,7,2.2749003446100393,1.7583176034107504,2020-08-13 07:00:00,2022-08-13 07:00:00,2022-08-13 07:00:00,730,1,-0.42290985504429074,0.42290985504429074,"{'max_depth': None, 'min_samples_leaf': 1, 'min_samples_split': 20}"
2022-08-13 07:00:00,ARX,7,2.2749003446100393,1.916405194808966,2020-08-13 07:00:00,2022-08-13 07:00:00,2022-08-13 07:00:00,730,1,-0.3032104293734177,0.3032104293734177,{'model__alpha': 0.01}
2022-08-13 07:00:00,Random Forest,7,2.2749003446100393,2.133818179494257,2020-08-13 07:00:00,2022-08-13 07:00:00,2022-08-13 07:00:00,730,1,-0.28640559026943707,0.28640559026943707,"{'max_depth': 10, 'max_features': 0.5, 'min_samples_leaf': 2, 'n_estimators': 100}"
2022-08-13 07:00:00,Neural Network,7,2.2749003446100393,2.328828437498219,2020-08-13 07:00:00,2022-08-13 07:00:00,2022-08-13 07:00:00,730,1,-0.35941423956503044,0.35941423956503044,"{'regressor__model__alpha': 0.0001, 'regressor__model__hidden_layer_sizes': (64, 32), 'regressor__model__learning_rate_init': 0.0001}"
2022-08-13 07:00:00,Naive,7,2.2749003446100393,2.6117886045074434,2020-08-13 07:00:00,2022-08-13 07:00:00,2022-08-13 07:00:00,730,1,,,not_applicable
2022-08-14 07:00:00,Decision Tree,7,2.1341979087274647,1.7457834440421487,2020-08-14 07:00:00,2022-08-14 07:00:00,2022-08-14 07:00:00,730,1,-0.42290985504429074,0.42290985504429074,"{'max_depth': None, 'min_samples_leaf': 1, 'min_samples_split': 20}"
2022-08-14 07:00:00,ARX,7,2.1341979087274647,1.571057095448843,2020-08-14 07:00:00,2022-08-14 07:00:00,2022-08-14 07:00:00,730,1,-0.3032104293734177,0.3032104293734177,{'model__alpha': 0.01}
2022-08-14 07:00:00,Random Forest,7,2.1341979087274647,1.8884914725802515,2020-08-14 07:00:00,2022-08-14 07:00:00,2022-08-14 07:00:00,730,1,-0.28640559026943707,0.28640559026943707,"{'max_depth': 10, 'max_features': 0.5, 'min_samples_leaf': 2, 'n_estimators': 100}"
2022-08-14 07:00:00,Neural Network,7,2.1341979087274647,1.9862451957036362,2020-08-14 07:00:00,2022-08-14 07:00:00,2022-08-14 07:00:00,730,1,-0.35941423956503044,0.35941423956503044,"{'regressor__model__alpha': 0.0001, 'regressor__model__hidden_layer_sizes': (64, 32), 'regressor__model__learning_rate_init': 0.0001}"
2022-08-14 07:00:00,Naive,7,2.1341979087274647,2.2749003446100393,2020-08-14 07:00:00,2022-08-14 07:00:00,2022-08-14 07:00:00,730,1,,,not_applicable
2022-08-15 07:00:00,Decision Tree,7,2.382908078881089,2.5531326493673845,2020-08-15 07:00:00,2022-08-15 07:00:00,2022-08-15 07:00:00,730,1,-0.42290985504429074,0.42290985504429074,"{'max_depth': None, 'min_samples_leaf': 1, 'min_samples_split': 20}"
2022-08-15 07:00:00,ARX,7,2.382908078881089,2.2011863050229112,2020-08-15 07:00:00,2022-08-15 07:00:00,2022-08-15 07:00:00,730,1,-0.3032104293734177,0.3032104293734177,{'model__alpha': 0.01}
2022-08-15 07:00:00,Random Forest,7,2.382908078881089,2.2878885675583387,2020-08-15 07:00:00,2022-08-15 07:00:00,2022-08-15 07:00:00,730,1,-0.28640559026943707,0.28640559026943707,"{'max_depth': 10, 'max_features': 0.5, 'min_samples_leaf': 2, 'n_estimators': 100}"
2022-08-15 07:00:00,Neural Network,7,2.382908078881089,2.5815899665204203,2020-08-15 07:00:00,2022-08-15 07:00:00,2022-08-15 07:00:00,730,1,-0.35941423956503044,0.35941423956503044,"{'regressor__model__alpha': 0.0001, 'regressor__model__hidden_layer_sizes': (64, 32), 'regressor__model__learning_rate_init': 0.0001}"
2022-08-15 07:00:00,Naive,7,2.382908078881089,2.1341979087274647,2020-08-15 07:00:00,2022-08-15 07:00:00,2022-08-15 07:00:00,730,1,,,not_applicable
2022-08-16 07:00:00,Decision Tree,7,2.5996018907507468,2.605490325294062,2020-08-16 07:00:00,2022-08-16 07:00:00,2022-08-16 07:00:00,730,1,-0.42290985504429074,0.42290985504429074,"{'max_depth': None, 'min_samples_leaf': 1, 'min_samples_split': 20}"
2022-08-16 07:00:00,ARX,7,2.5996018907507468,2.7545589456302766,2020-08-16 07:00:00,2022-08-16 07:00:00,2022-08-16 07:00:00,730,1,-0.3032104293734177,0.3032104293734177,{'model__alpha': 0.01}
2022-08-16 07:00:00,Random Forest,7,2.5996018907507468,2.5401370681578346,2020-08-16 07:00:00,2022-08-16 07:00:00,2022-08-16 07:00:00,730,1,-0.28640559026943707,0.28640559026943707,"{'max_depth': 10, 'max_features': 0.5, 'min_samples_leaf': 2, 'n_estimators': 100}"
2022-08-16 07:00:00,Neural Network,7,2.5996018907507468,2.712795888901871,2020-08-16 07:00:00,2022-08-16 07:00:00,2022-08-16 07:00:00,730,1,-0.35941423956503044,0.35941423956503044,"{'regressor__model__alpha': 0.0001, 'regressor__model__hidden_layer_sizes': (64, 32), 'regressor__model__learning_rate_init': 0.0001}"
2022-08-16 07:00:00,Naive,7,2.5996018907507468,2.382908078881089,2020-08-16 07:00:00,2022-08-16 07:00:00,2022-08-16 07:00:00,730,1,,,not_applicable
2022-08-17 07:00:00,Decision Tree,7,2.760869705030085,2.8813098914300377,2020-08-17 07:00:00,2022-08-17 07:00:00,2022-08-17 07:00:00,730,1,-0.42290985504429074,0.42290985504429074,"{'max_depth': None, 'min_samples_leaf': 1, 'min_samples_split': 20}"
2022-08-17 07:00:00,ARX,7,2.760869705030085,2.8163251898354655,2020-08-17 07:00:00,2022-08-17 07:00:00,2022-08-17 07:00:00,730,1,-0.3032104293734177,0.3032104293734177,{'model__alpha': 0.01}
2022-08-17 07:00:00,Random Forest,7,2.760869705030085,2.7032140231953785,2020-08-17 07:00:00,2022-08-17 07:00:00,2022-08-17 07:00:00,730,1,-0.28640559026943707,0.28640559026943707,"{'max_depth': 10, 'max_features': 0.5, 'min_samples_leaf': 2, 'n_estimators': 100}"
2022-08-17 07:00:00,Neural Network,7,2.760869705030085,2.646991727720315,2020-08-17 07:00:00,2022-08-17 07:00:00,2022-08-17 07:00:00,730,1,-0.35941423956503044,0.35941423956503044,"{'regressor__model__alpha': 0.0001, 'regressor__model__hidden_layer_sizes': (64, 32), 'regressor__model__learning_rate_init': 0.0001}"
2022-08-17 07:00:00,Naive,7,2.760869705030085,2.5996018907507468,2020-08-17 07:00:00,2022-08-17 07:00:00,2022-08-17 07:00:00,730,1,,,not_applicable
2022-08-18 07:00:00,Decision Tree,7,2.7574358383866113,2.872045261706965,2020-08-18 07:00:00,2022-08-18 07:00:00,2022-08-18 07:00:00,730,1,-0.42290985504429074,0.42290985504429074,"{'max_depth': None, 'min_samples_leaf': 1, 'min_samples_split': 20}"
2022-08-18 07:00:00,ARX,7,2.7574358383866113,2.8322850637450117,2020-08-18 07:00:00,2022-08-18 07:00:00,2022-08-18 07:00:00,730,1,-0.3032104293734177,0.3032104293734177,{'model__alpha': 0.01}
2022-08-18 07:00:00,Random Forest,7,2.7574358383866113,2.7975018476788347,2020-08-18 07:00:00,2022-08-18 07:00:00,2022-08-18 07:00:00,730,1,-0.28640559026943707,0.28640559026943707,"{'max_depth': 10, 'max_features': 0.5, 'min_samples_leaf': 2, 'n_estimators': 100}"
2022-08-18 07:00:00,Neural Network,7,2.7574358383866113,2.7053275034499364,2020-08-18 07:00:00,2022-08-18 07:00:00,2022-08-18 07:00:00,730,1,-0.35941423956503044,0.35941423956503044,"{'regressor__model__alpha': 0.0001, 'regressor__model__hidden_layer_sizes': (64, 32), 'regressor__model__learning_rate_init': 0.0001}"
2022-08-18 07:00:00,Naive,7,2.7574358383866113,2.760869705030085,2020-08-18 07:00:00,2022-08-18 07:00:00,2022-08-18 07:00:00,730,1,,,not_applicable
2022-08-19 07:00:00,Decision Tree,7,2.6927680312006452,2.871125123455729,2020-08-19 07:00:00,2022-08-19 07:00:00,2022-08-19 07:00:00,730,1,-0.42290985504429074,0.42290985504429074,"{'max_depth': None, 'min_samples_leaf': 1, 'min_samples_split': 20}"
2022-08-19 07:00:00,ARX,7,2.6927680312006452,2.9033606767995606,2020-08-19 07:00:00,2022-08-19 07:00:00,2022-08-19 07:00:00,730,1,-0.3032104293734177,0.3032104293734177,{'model__alpha': 0.01}
2022-08-19 07:00:00,Random Forest,7,2.6927680312006452,2.725747013695901,2020-08-19 07:00:00,2022-08-19 07:00:00,2022-08-19 07:00:00,730,1,-0.28640559026943707,0.28640559026943707,"{'max_depth': 10, 'max_features': 0.5, 'min_samples_leaf': 2, 'n_estimators': 100}"
2022-08-19 07:00:00,Neural Network,7,2.6927680312006452,2.853873609430151,2020-08-19 07:00:00,2022-08-19 07:00:00,2022-08-19 07:00:00,730,1,-0.35941423956503044,0.35941423956503044,"{'regressor__model__alpha': 0.0001, 'regressor__model__hidden_layer_sizes': (64, 32), 'regressor__model__learning_rate_init': 0.0001}"
2022-08-19 07:00:00,Naive,7,2.6927680312006452,2.7574358383866113,2020-08-19 07:00:00,2022-08-19 07:00:00,2022-08-19 07:00:00,730,1,,,not_applicable
2022-08-20 07:00:00,Decision Tree,7,2.471761939521489,1.9154838201261097,2020-08-20 07:00:00,2022-08-20 07:00:00,2022-08-20 07:00:00,730,1,-0.42290985504429074,0.42290985504429074,"{'max_depth': None, 'min_samples_leaf': 1, 'min_samples_split': 20}"
2022-08-20 07:00:00,ARX,7,2.471761939521489,2.2794601772829433,2020-08-20 07:00:00,2022-08-20 07:00:00,2022-08-20 07:00:00,730,1,-0.3032104293734177,0.3032104293734177,{'model__alpha': 0.01}
2022-08-20 07:00:00,Random Forest,7,2.471761939521489,2.3010365717817027,2020-08-20 07:00:00,2022-08-20 07:00:00,2022-08-20 07:00:00,730,1,-0.28640559026943707,0.28640559026943707,"{'max_depth': 10, 'max_features': 0.5, 'min_samples_leaf': 2, 'n_estimators': 100}"
2022-08-20 07:00:00,Neural Network,7,2.471761939521489,2.5625264826992025,2020-08-20 07:00:00,2022-08-20 07:00:00,2022-08-20 07:00:00,730,1,-0.35941423956503044,0.35941423956503044,"{'regressor__model__alpha': 0.0001, 'regressor__model__hidden_layer_sizes': (64, 32), 'regressor__model__learning_rate_init': 0.0001}"
2022-08-20 07:00:00,Naive,7,2.471761939521489,2.6927680312006452,2020-08-20 07:00:00,2022-08-20 07:00:00,2022-08-20 07:00:00,730,1,,,not_applicable
2022-08-21 07:00:00,Decision Tree,7,2.084522386449387,1.9368816537598634,2020-08-21 07:00:00,2022-08-21 07:00:00,2022-08-21 07:00:00,730,1,-0.42290985504429074,0.42290985504429074,"{'max_depth': None, 'min_samples_leaf': 1, 'min_samples_split': 20}"
2022-08-21 07:00:00,ARX,7,2.084522386449387,1.7239780964747697,2020-08-21 07:00:00,2022-08-21 07:00:00,2022-08-21 07:00:00,730,1,-0.3032104293734177,0.3032104293734177,{'model__alpha': 0.01}
2022-08-21 07:00:00,Random Forest,7,2.084522386449387,2.0475674661952845,2020-08-21 07:00:00,2022-08-21 07:00:00,2022-08-21 07:00:00,730,1,-0.28640559026943707,0.28640559026943707,"{'max_depth': 10, 'max_features': 0.5, 'min_samples_leaf': 2, 'n_estimators': 100}"
2022-08-21 07:00:00,Neural Network,7,2.084522386449387,1.8965200916974898,2020-08-21 07:00:00,2022-08-21 07:00:00,2022-08-21 07:00:00,730,1,-0.35941423956503044,0.35941423956503044,"{'regressor__model__alpha': 0.0001, 'regressor__model__hidden_layer_sizes': (64, 32), 'regressor__model__learning_rate_init': 0.0001}"
2022-08-21 07:00:00,Naive,7,2.084522386449387,2.471761939521489,2020-08-21 07:00:00,2022-08-21 07:00:00,2022-08-21 07:00:00,730,1,,,not_applicable
2022-08-22 07:00:00,Decision Tree,7,2.7324318560294003,2.6285251338412374,2020-08-22 07:00:00,2022-08-22 07:00:00,2022-08-22 07:00:00,730,1,-0.42290985504429074,0.42290985504429074,"{'max_depth': None, 'min_samples_leaf': 1, 'min_samples_split': 20}"
2022-08-22 07:00:00,ARX,7,2.7324318560294003,2.925249902223475,2020-08-22 07:00:00,2022-08-22 07:00:00,2022-08-22 07:00:00,730,1,-0.3032104293734177,0.3032104293734177,{'model__alpha': 0.01}
2022-08-22 07:00:00,Random Forest,7,2.7324318560294003,2.6354638505249612,2020-08-22 07:00:00,2022-08-22 07:00:00,2022-08-22 07:00:00,730,1,-0.28640559026943707,0.28640559026943707,"{'max_depth': 10, 'max_features': 0.5, 'min_samples_leaf': 2, 'n_estimators': 100}"
2022-08-22 07:00:00,Neural Network,7,2.7324318560294003,2.7950355972003065,2020-08-22 07:00:00,2022-08-22 07:00:00,2022-08-22 07:00:00,730,1,-0.35941423956503044,0.35941423956503044,"{'regressor__model__alpha': 0.0001, 'regressor__model__hidden_layer_sizes': (64, 32), 'regressor__model__learning_rate_init': 0.0001}"
2022-08-22 07:00:00,Naive,7,2.7324318560294003,2.084522386449387,2020-08-22 07:00:00,2022-08-22 07:00:00,2022-08-22 07:00:00,730,1,,,not_applicable
2022-08-23 07:00:00,Decision Tree,7,2.8502910509395107,2.8141322445386185,2020-08-23 07:00:00,2022-08-23 07:00:00,2022-08-23 07:00:00,730,1,-0.42290985504429074,0.42290985504429074,"{'max_depth': None, 'min_samples_leaf': 1, 'min_samples_split': 20}"
2022-08-23 07:00:00,ARX,7,2.8502910509395107,2.8211774945793415,2020-08-23 07:00:00,2022-08-23 07:00:00,2022-08-23 07:00:00,730,1,-0.3032104293734177,0.3032104293734177,{'model__alpha': 0.01}
2022-08-23 07:00:00,Random Forest,7,2.8502910509395107,2.7856676201365342,2020-08-23 07:00:00,2022-08-23 07:00:00,2022-08-23 07:00:00,730,1,-0.28640559026943707,0.28640559026943707,"{'max_depth': 10, 'max_features': 0.5, 'min_samples_leaf': 2, 'n_estimators': 100}"
2022-08-23 07:00:00,Neural Network,7,2.8502910509395107,2.654142562178195,2020-08-23 07:00:00,2022-08-23 07:00:00,2022-08-23 07:00:00,730,1,-0.35941423956503044,0.35941423956503044,"{'regressor__model__alpha': 0.0001, 'regressor__model__hidden_layer_sizes': (64, 32), 'regressor__model__learning_rate_init': 0.0001}"
2022-08-23 07:00:00,Naive,7,2.8502910509395107,2.7324318560294003,2020-08-23 07:00:00,2022-08-23 07:00:00,2022-08-23 07:00:00,730,1,,,not_applicable
2022-08-24 07:00:00,Decision Tree,7,2.8728142553027123,3.2028356674672773,2020-08-24 07:00:00,2022-08-24 07:00:00,2022-08-24 07:00:00,730,1,-0.42290985504429074,0.42290985504429074,"{'max_depth': None, 'min_samples_leaf': 1, 'min_samples_split': 20}"
2022-08-24 07:00:00,ARX,7,2.8728142553027123,2.8931302335105538,2020-08-24 07:00:00,2022-08-24 07:00:00,2022-08-24 07:00:00,730,1,-0.3032104293734177,0.3032104293734177,{'model__alpha': 0.01}
2022-08-24 07:00:00,Random Forest,7,2.8728142553027123,2.9905451325032044,2020-08-24 07:00:00,2022-08-24 07:00:00,2022-08-24 07:00:00,730,1,-0.28640559026943707,0.28640559026943707,"{'max_depth': 10, 'max_features': 0.5, 'min_samples_leaf': 2, 'n_estimators': 100}"
2022-08-24 07:00:00,Neural Network,7,2.8728142553027123,2.687186726024022,2020-08-24 07:00:00,2022-08-24 07:00:00,2022-08-24 07:00:00,730,1,-0.35941423956503044,0.35941423956503044,"{'regressor__model__alpha': 0.0001, 'regressor__model__hidden_layer_sizes': (64, 32), 'regressor__model__learning_rate_init': 0.0001}"
2022-08-24 07:00:00,Naive,7,2.8728142553027123,2.8502910509395107,2020-08-24 07:00:00,2022-08-24 07:00:00,2022-08-24 07:00:00,730,1,,,not_applicable
2022-08-25 07:00:00,Decision Tree,7,2.8396578788274875,3.182209329206992,2020-08-25 07:00:00,2022-08-25 07:00:00,2022-08-25 07:00:00,730,1,-0.42290985504429074,0.42290985504429074,"{'max_depth': None, 'min_samples_leaf': 1, 'min_samples_split': 20}"
2022-08-25 07:00:00,ARX,7,2.8396578788274875,2.844959501497458,2020-08-25 07:00:00,2022-08-25 07:00:00,2022-08-25 07:00:00,730,1,-0.3032104293734177,0.3032104293734177,{'model__alpha': 0.01}
2022-08-25 07:00:00,Random Forest,7,2.8396578788274875,3.0133098753250613,2020-08-25 07:00:00,2022-08-25 07:00:00,2022-08-25 07:00:00,730,1,-0.28640559026943707,0.28640559026943707,"{'max_depth': 10, 'max_features': 0.5, 'min_samples_leaf': 2, 'n_estimators': 100}"
2022-08-25 07:00:00,Neural Network,7,2.8396578788274875,2.9440558983212197,2020-08-25 07:00:00,2022-08-25 07:00:00,2022-08-25 07:00:00,730,1,-0.35941423956503044,0.35941423956503044,"{'regressor__model__alpha': 0.0001, 'regressor__model__hidden_layer_sizes': (64, 32), 'regressor__model__learning_rate_init': 0.0001}"
2022-08-25 07:00:00,Naive,7,2.8396578788274875,2.8728142553027123,2020-08-25 07:00:00,2022-08-25 07:00:00,2022-08-25 07:00:00,730,1,,,not_applicable
2022-08-26 07:00:00,Decision Tree,7,2.9928476660653343,3.162059243890551,2020-08-26 07:00:00,2022-08-26 07:00:00,2022-08-26 07:00:00,730,1,-0.42290985504429074,0.42290985504429074,"{'max_depth': None, 'min_samples_leaf': 1, 'min_samples_split': 20}"
2022-08-26 07:00:00,ARX,7,2.9928476660653343,2.951104151291981,2020-08-26 07:00:00,2022-08-26 07:00:00,2022-08-26 07:00:00,730,1,-0.3032104293734177,0.3032104293734177,{'model__alpha': 0.01}
2022-08-26 07:00:00,Random Forest,7,2.9928476660653343,2.8898414114290305,2020-08-26 07:00:00,2022-08-26 07:00:00,2022-08-26 07:00:00,730,1,-0.28640559026943707,0.28640559026943707,"{'max_depth': 10, 'max_features': 0.5, 'min_samples_leaf': 2, 'n_estimators': 100}"
2022-08-26 07:00:00,Neural Network,7,2.9928476660653343,2.826135196882517,2020-08-26 07:00:00,2022-08-26 07:00:00,2022-08-26 07:00:00,730,1,-0.35941423956503044,0.35941423956503044,"{'regressor__model__alpha': 0.0001, 'regressor__model__hidden_layer_sizes': (64, 32), 'regressor__model__learning_rate_init': 0.0001}"
2022-08-26 07:00:00,Naive,7,2.9928476660653343,2.8396578788274875,2020-08-26 07:00:00,2022-08-26 07:00:00,2022-08-26 07:00:00,730,1,,,not_applicable
2022-08-27 07:00:00,Decision Tree,7,2.7728252132286966,1.9814217006459878,2020-08-27 07:00:00,2022-08-27 07:00:00,2022-08-27 07:00:00,730,1,-0.42290985504429074,0.42290985504429074,"{'max_depth': None, 'min_samples_leaf': 1, 'min_samples_split': 20}"
2022-08-27 07:00:00,ARX,7,2.7728252132286966,2.3328039805077836,2020-08-27 07:00:00,2022-08-27 07:00:00,2022-08-27 07:00:00,730,1,-0.3032104293734177,0.3032104293734177,{'model__alpha': 0.01}
2022-08-27 07:00:00,Random Forest,7,2.7728252132286966,2.5910279110031933,2020-08-27 07:00:00,2022-08-27 07:00:00,2022-08-27 07:00:00,730,1,-0.28640559026943707,0.28640559026943707,"{'max_depth': 10, 'max_features': 0.5, 'min_samples_leaf': 2, 'n_estimators': 100}"
2022-08-27 07:00:00,Neural Network,7,2.7728252132286966,2.575826074053392,2020-08-27 07:00:00,2022-08-27 07:00:00,2022-08-27 07:00:00,730,1,-0.35941423956503044,0.35941423956503044,"{'regressor__model__alpha': 0.0001, 'regressor__model__hidden_layer_sizes': (64, 32), 'regressor__model__learning_rate_init': 0.0001}"
2022-08-27 07:00:00,Naive,7,2.7728252132286966,2.9928476660653343,2020-08-27 07:00:00,2022-08-27 07:00:00,2022-08-27 07:00:00,730,1,,,not_applicable
2022-08-28 07:00:00,Decision Tree,7,2.3405497050029047,1.7240915600862337,2020-08-28 07:00:00,2022-08-28 07:00:00,2022-08-28 07:00:00,730,1,-0.42290985504429074,0.42290985504429074,"{'max_depth': None, 'min_samples_leaf': 1, 'min_samples_split': 20}"
2022-08-28 07:00:00,ARX,7,2.3405497050029047,1.8429358769478492,2020-08-28 07:00:00,2022-08-28 07:00:00,2022-08-28 07:00:00,730,1,-0.3032104293734177,0.3032104293734177,{'model__alpha': 0.01}
2022-08-28 07:00:00,Random Forest,7,2.3405497050029047,2.22888117148113,2020-08-28 07:00:00,2022-08-28 07:00:00,2022-08-28 07:00:00,730,1,-0.28640559026943707,0.28640559026943707,"{'max_depth': 10, 'max_features': 0.5, 'min_samples_leaf': 2, 'n_estimators': 100}"
2022-08-28 07:00:00,Neural Network,7,2.3405497050029047,2.0833517575232303,2020-08-28 07:00:00,2022-08-28 07:00:00,2022-08-28 07:00:00,730,1,-0.35941423956503044,0.35941423956503044,"{'regressor__model__alpha': 0.0001, 'regressor__model__hidden_layer_sizes': (64, 32), 'regressor__model__learning_rate_init': 0.0001}"
2022-08-28 07:00:00,Naive,7,2.3405497050029047,2.7728252132286966,2020-08-28 07:00:00,2022-08-28 07:00:00,2022-08-28 07:00:00,730,1,,,not_applicable
2022-08-29 07:00:00,Decision Tree,7,2.9808028218869804,3.212635989720742,2020-08-29 07:00:00,2022-08-29 07:00:00,2022-08-29 07:00:00,730,1,-0.42290985504429074,0.42290985504429074,"{'max_depth': None, 'min_samples_leaf': 1, 'min_samples_split': 20}"
2022-08-29 07:00:00,ARX,7,2.9808028218869804,2.983315046295921,2020-08-29 07:00:00,2022-08-29 07:00:00,2022-08-29 07:00:00,730,1,-0.3032104293734177,0.3032104293734177,{'model__alpha': 0.01}
2022-08-29 07:00:00,Random Forest,7,2.9808028218869804,2.8310265860158497,2020-08-29 07:00:00,2022-08-29 07:00:00,2022-08-29 07:00:00,730,1,-0.28640559026943707,0.28640559026943707,"{'max_depth': 10, 'max_features': 0.5, 'min_samples_leaf': 2, 'n_estimators': 100}"
2022-08-29 07:00:00,Neural Network,7,2.9808028218869804,2.8281144569927807,2020-08-29 07:00:00,2022-08-29 07:00:00,2022-08-29 07:00:00,730,1,-0.35941423956503044,0.35941423956503044,"{'regressor__model__alpha': 0.0001, 'regressor__model__hidden_layer_sizes': (64, 32), 'regressor__model__learning_rate_init': 0.0001}"
2022-08-29 07:00:00,Naive,7,2.9808028218869804,2.3405497050029047,2020-08-29 07:00:00,2022-08-29 07:00:00,2022-08-29 07:00:00,730,1,,,not_applicable
2022-08-30 07:00:00,Decision Tree,7,2.987189591308843,3.1526586006780395,2020-08-30 07:00:00,2022-08-30 07:00:00,2022-08-30 07:00:00,730,1,-0.42290985504429074,0.42290985504429074,"{'max_depth': None, 'min_samples_leaf': 1, 'min_samples_split': 20}"
2022-08-30 07:00:00,ARX,7,2.987189591308843,3.0979255836779487,2020-08-30 07:00:00,2022-08-30 07:00:00,2022-08-30 07:00:00,730,1,-0.3032104293734177,0.3032104293734177,{'model__alpha': 0.01}
2022-08-30 07:00:00,Random Forest,7,2.987189591308843,3.070144130496078,2020-08-30 07:00:00,2022-08-30 07:00:00,2022-08-30 07:00:00,730,1,-0.28640559026943707,0.28640559026943707,"{'max_depth': 10, 'max_features': 0.5, 'min_samples_leaf': 2, 'n_estimators': 100}"
2022-08-30 07:00:00,Neural Network,7,2.987189591308843,3.0879711349277947,2020-08-30 07:00:00,2022-08-30 07:00:00,2022-08-30 07:00:00,730,1,-0.35941423956503044,0.35941423956503044,"{'regressor__model__alpha': 0.0001, 'regressor__model__hidden_layer_sizes': (64, 32), 'regressor__model__learning_rate_init': 0.0001}"
2022-08-30 07:00:00,Naive,7,2.987189591308843,2.9808028218869804,2020-08-30 07:00:00,2022-08-30 07:00:00,2022-08-30 07:00:00,730,1,,,not_applicable
2022-08-31 07:00:00,Decision Tree,7,2.901025300548761,3.1439497054480814,2020-08-31 07:00:00,2022-08-31 07:00:00,2022-08-31 07:00:00,730,1,-0.42290985504429074,0.42290985504429074,"{'max_depth': None, 'min_samples_leaf': 1, 'min_samples_split': 20}"
2022-08-31 07:00:00,ARX,7,2.901025300548761,2.975571979357726,2020-08-31 07:00:00,2022-08-31 07:00:00,2022-08-31 07:00:00,730,1,-0.3032104293734177,0.3032104293734177,{'model__alpha': 0.01}
2022-08-31 07:00:00,Random Forest,7,2.901025300548761,2.992758125086142,2020-08-31 07:00:00,2022-08-31 07:00:00,2022-08-31 07:00:00,730,1,-0.28640559026943707,0.28640559026943707,"{'max_depth': 10, 'max_features': 0.5, 'min_samples_leaf': 2, 'n_estimators': 100}"
2022-08-31 07:00:00,Neural Network,7,2.901025300548761,3.0002872987247553,2020-08-31 07:00:00,2022-08-31 07:00:00,2022-08-31 07:00:00,730,1,-0.35941423956503044,0.35941423956503044,"{'regressor__model__alpha': 0.0001, 'regressor__model__hidden_layer_sizes': (64, 32), 'regressor__model__learning_rate_init': 0.0001}"
2022-08-31 07:00:00,Naive,7,2.901025300548761,2.987189591308843,2020-08-31 07:00:00,2022-08-31 07:00:00,2022-08-31 07:00:00,730,1,,,not_applicable
2022-09-01 07:00:00,Decision Tree,7,2.805309271687327,2.784450453168411,2020-09-01 07:00:00,2022-09-01 07:00:00,2022-09-01 07:00:00,730,1,-0.42290985504429074,0.42290985504429074,"{'max_depth': None, 'min_samples_leaf': 1, 'min_samples_split': 20}"
2022-09-01 07:00:00,ARX,7,2.805309271687327,2.9577044009108784,2020-09-01 07:00:00,2022-09-01 07:00:00,2022-09-01 07:00:00,730,1,-0.3032104293734177,0.3032104293734177,{'model__alpha': 0.01}
2022-09-01 07:00:00,Random Forest,7,2.805309271687327,2.869867288154575,2020-09-01 07:00:00,2022-09-01 07:00:00,2022-09-01 07:00:00,730,1,-0.28640559026943707,0.28640559026943707,"{'max_depth': 10, 'max_features': 0.5, 'min_samples_leaf': 2, 'n_estimators': 100}"
2022-09-01 07:00:00,Neural Network,7,2.805309271687327,2.937041800680621,2020-09-01 07:00:00,2022-09-01 07:00:00,2022-09-01 07:00:00,730,1,-0.35941423956503044,0.35941423956503044,"{'regressor__model__alpha': 0.0001, 'regressor__model__hidden_layer_sizes': (64, 32), 'regressor__model__learning_rate_init': 0.0001}"
2022-09-01 07:00:00,Naive,7,2.805309271687327,2.901025300548761,2020-09-01 07:00:00,2022-09-01 07:00:00,2022-09-01 07:00:00,730,1,,,not_applicable
2022-09-02 07:00:00,Decision Tree,7,2.603320320165812,2.9437318056309376,2020-09-02 07:00:00,2022-09-02 07:00:00,2022-09-02 07:00:00,730,1,-0.42290985504429074,0.42290985504429074,"{'max_depth': None, 'min_samples_leaf': 1, 'min_samples_split': 20}"
2022-09-02 07:00:00,ARX,7,2.603320320165812,2.711011310674927,2020-09-02 07:00:00,2022-09-02 07:00:00,2022-09-02 07:00:00,730,1,-0.3032104293734177,0.3032104293734177,{'model__alpha': 0.01}
2022-09-02 07:00:00,Random Forest,7,2.603320320165812,2.8611067544779925,2020-09-02 07:00:00,2022-09-02 07:00:00,2022-09-02 07:00:00,730,1,-0.28640559026943707,0.28640559026943707,"{'max_depth': 10, 'max_features': 0.5, 'min_samples_leaf': 2, 'n_estimators': 100}"
2022-09-02 07:00:00,Neural Network,7,2.603320320165812,2.8246090752928588,2020-09-02 07:00:00,2022-09-02 07:00:00,2022-09-02 07:00:00,730,1,-0.35941423956503044,0.35941423956503044,"{'regressor__model__alpha': 0.0001, 'regressor__model__hidden_layer_sizes': (64, 32), 'regressor__model__learning_rate_init': 0.0001}"
2022-09-02 07:00:00,Naive,7,2.603320320165812,2.805309271687327,2020-09-02 07:00:00,2022-09-02 07:00:00,2022-09-02 07:00:00,730,1,,,not_applicable
2022-09-03 07:00:00,Decision Tree,7,2.079728811733829,2.239841123044042,2020-09-03 07:00:00,2022-09-03 07:00:00,2022-09-03 07:00:00,730,1,-0.42290985504429074,0.42290985504429074,"{'max_depth': None, 'min_samples_leaf': 1, 'min_samples_split': 20}"
2022-09-03 07:00:00,ARX,7,2.079728811733829,1.5733846275458012,2020-09-03 07:00:00,2022-09-03 07:00:00,2022-09-03 07:00:00,730,1,-0.3032104293734177,0.3032104293734177,{'model__alpha': 0.01}
2022-09-03 07:00:00,Random Forest,7,2.079728811733829,1.9947153850797503,2020-09-03 07:00:00,2022-09-03 07:00:00,2022-09-03 07:00:00,730,1,-0.28640559026943707,0.28640559026943707,"{'max_depth': 10, 'max_features': 0.5, 'min_samples_leaf': 2, 'n_estimators': 100}"
2022-09-03 07:00:00,Neural Network,7,2.079728811733829,2.041749675907969,2020-09-03 07:00:00,2022-09-03 07:00:00,2022-09-03 07:00:00,730,1,-0.35941423956503044,0.35941423956503044,"{'regressor__model__alpha': 0.0001, 'regressor__model__hidden_layer_sizes': (64, 32), 'regressor__model__learning_rate_init': 0.0001}"
2022-09-03 07:00:00,Naive,7,2.079728811733829,2.603320320165812,2020-09-03 07:00:00,2022-09-03 07:00:00,2022-09-03 07:00:00,730,1,,,not_applicable
2022-09-04 07:00:00,Decision Tree,7,1.412909249600694,1.6520104385816774,2020-09-04 07:00:00,2022-09-04 07:00:00,2022-09-04 07:00:00,730,1,-0.42290985504429074,0.42290985504429074,"{'max_depth': None, 'min_samples_leaf': 1, 'min_samples_split': 20}"
2022-09-04 07:00:00,ARX,7,1.412909249600694,1.5200555458209895,2020-09-04 07:00:00,2022-09-04 07:00:00,2022-09-04 07:00:00,730,1,-0.3032104293734177,0.3032104293734177,{'model__alpha': 0.01}
2022-09-04 07:00:00,Random Forest,7,1.412909249600694,1.8391596191765587,2020-09-04 07:00:00,2022-09-04 07:00:00,2022-09-04 07:00:00,730,1,-0.28640559026943707,0.28640559026943707,"{'max_depth': 10, 'max_features': 0.5, 'min_samples_leaf': 2, 'n_estimators': 100}"
2022-09-04 07:00:00,Neural Network,7,1.412909249600694,1.655514581816109,2020-09-04 07:00:00,2022-09-04 07:00:00,2022-09-04 07:00:00,730,1,-0.35941423956503044,0.35941423956503044,"{'regressor__model__alpha': 0.0001, 'regressor__model__hidden_layer_sizes': (64, 32), 'regressor__model__learning_rate_init': 0.0001}"
2022-09-04 07:00:00,Naive,7,1.412909249600694,2.079728811733829,2020-09-04 07:00:00,2022-09-04 07:00:00,2022-09-04 07:00:00,730,1,,,not_applicable
2022-09-05 07:00:00,Decision Tree,7,2.457652408548558,2.619386334297771,2020-09-05 07:00:00,2022-09-05 07:00:00,2022-09-05 07:00:00,730,1,-0.42290985504429074,0.42290985504429074,"{'max_depth': None, 'min_samples_leaf': 1, 'min_samples_split': 20}"
2022-09-05 07:00:00,ARX,7,2.457652408548558,2.53704154204559,2020-09-05 07:00:00,2022-09-05 07:00:00,2022-09-05 07:00:00,730,1,-0.3032104293734177,0.3032104293734177,{'model__alpha': 0.01}
2022-09-05 07:00:00,Random Forest,7,2.457652408548558,2.52402898138875,2020-09-05 07:00:00,2022-09-05 07:00:00,2022-09-05 07:00:00,730,1,-0.28640559026943707,0.28640559026943707,"{'max_depth': 10, 'max_features': 0.5, 'min_samples_leaf': 2, 'n_estimators': 100}"
2022-09-05 07:00:00,Neural Network,7,2.457652408548558,2.7038804964718675,2020-09-05 07:00:00,2022-09-05 07:00:00,2022-09-05 07:00:00,730,1,-0.35941423956503044,0.35941423956503044,"{'regressor__model__alpha': 0.0001, 'regressor__model__hidden_layer_sizes': (64, 32), 'regressor__model__learning_rate_init': 0.0001}"
2022-09-05 07:00:00,Naive,7,2.457652408548558,1.412909249600694,2020-09-05 07:00:00,2022-09-05 07:00:00,2022-09-05 07:00:00,730,1,,,not_applicable
2022-09-06 07:00:00,Decision Tree,7,2.5559924468196122,2.3423215569975913,2020-09-06 07:00:00,2022-09-06 07:00:00,2022-09-06 07:00:00,730,1,-0.42290985504429074,0.42290985504429074,"{'max_depth': None, 'min_samples_leaf': 1, 'min_samples_split': 20}"
2022-09-06 07:00:00,ARX,7,2.5559924468196122,2.1967880295523594,2020-09-06 07:00:00,2022-09-06 07:00:00,2022-09-06 07:00:00,730,1,-0.3032104293734177,0.3032104293734177,{'model__alpha': 0.01}
2022-09-06 07:00:00,Random Forest,7,2.5559924468196122,2.3967041793953157,2020-09-06 07:00:00,2022-09-06 07:00:00,2022-09-06 07:00:00,730,1,-0.28640559026943707,0.28640559026943707,"{'max_depth': 10, 'max_features': 0.5, 'min_samples_leaf': 2, 'n_estimators': 100}"
2022-09-06 07:00:00,Neural Network,7,2.5559924468196122,2.4523278255099594,2020-09-06 07:00:00,2022-09-06 07:00:00,2022-09-06 07:00:00,730,1,-0.35941423956503044,0.35941423956503044,"{'regressor__model__alpha': 0.0001, 'regressor__model__hidden_layer_sizes': (64, 32), 'regressor__model__learning_rate_init': 0.0001}"
2022-09-06 07:00:00,Naive,7,2.5559924468196122,2.457652408548558,2020-09-06 07:00:00,2022-09-06 07:00:00,2022-09-06 07:00:00,730,1,,,not_applicable
2022-09-07 07:00:00,Decision Tree,7,2.476772702116413,2.622225205763366,2020-09-07 07:00:00,2022-09-07 07:00:00,2022-09-07 07:00:00,730,1,-0.42290985504429074,0.42290985504429074,"{'max_depth': None, 'min_samples_leaf': 1, 'min_samples_split': 20}"
2022-09-07 07:00:00,ARX,7,2.476772702116413,2.748655328577864,2020-09-07 07:00:00,2022-09-07 07:00:00,2022-09-07 07:00:00,730,1,-0.3032104293734177,0.3032104293734177,{'model__alpha': 0.01}
2022-09-07 07:00:00,Random Forest,7,2.476772702116413,2.6170000341467783,2020-09-07 07:00:00,2022-09-07 07:00:00,2022-09-07 07:00:00,730,1,-0.28640559026943707,0.28640559026943707,"{'max_depth': 10, 'max_features': 0.5, 'min_samples_leaf': 2, 'n_estimators': 100}"
2022-09-07 07:00:00,Neural Network,7,2.476772702116413,2.699273932602132,2020-09-07 07:00:00,2022-09-07 07:00:00,2022-09-07 07:00:00,730,1,-0.35941423956503044,0.35941423956503044,"{'regressor__model__alpha': 0.0001, 'regressor__model__hidden_layer_sizes': (64, 32), 'regressor__model__learning_rate_init': 0.0001}"
2022-09-07 07:00:00,Naive,7,2.476772702116413,2.5559924468196122,2020-09-07 07:00:00,2022-09-07 07:00:00,2022-09-07 07:00:00,730,1,,,not_applicable
2022-09-08 07:00:00,Decision Tree,7,2.473731785694432,2.415815204533731,2020-09-08 07:00:00,2022-09-08 07:00:00,2022-09-08 07:00:00,730,1,-0.42290985504429074,0.42290985504429074,"{'max_depth': None, 'min_samples_leaf': 1, 'min_samples_split': 20}"
2022-09-08 07:00:00,ARX,7,2.473731785694432,2.7955626399862945,2020-09-08 07:00:00,2022-09-08 07:00:00,2022-09-08 07:00:00,730,1,-0.3032104293734177,0.3032104293734177,{'model__alpha': 0.01}
2022-09-08 07:00:00,Random Forest,7,2.473731785694432,2.54741563394714,2020-09-08 07:00:00,2022-09-08 07:00:00,2022-09-08 07:00:00,730,1,-0.28640559026943707,0.28640559026943707,"{'max_depth': 10, 'max_features': 0.5, 'min_samples_leaf': 2, 'n_estimators': 100}"
2022-09-08 07:00:00,Neural Network,7,2.473731785694432,2.6682939918540707,2020-09-08 07:00:00,2022-09-08 07:00:00,2022-09-08 07:00:00,730,1,-0.35941423956503044,0.35941423956503044,"{'regressor__model__alpha': 0.0001, 'regressor__model__hidden_layer_sizes': (64, 32), 'regressor__model__learning_rate_init': 0.0001}"
2022-09-08 07:00:00,Naive,7,2.473731785694432,2.476772702116413,2020-09-08 07:00:00,2022-09-08 07:00:00,2022-09-08 07:00:00,730,1,,,not_applicable
2022-09-09 07:00:00,Decision Tree,7,2.242290005766025,2.5363371510678396,2020-09-09 07:00:00,2022-09-09 07:00:00,2022-09-09 07:00:00,730,1,-0.42290985504429074,0.42290985504429074,"{'max_depth': None, 'min_samples_leaf': 1, 'min_samples_split': 20}"
2022-09-09 07:00:00,ARX,7,2.242290005766025,2.5447682745621023,2020-09-09 07:00:00,2022-09-09 07:00:00,2022-09-09 07:00:00,730,1,-0.3032104293734177,0.3032104293734177,{'model__alpha': 0.01}
2022-09-09 07:00:00,Random Forest,7,2.242290005766025,2.4517101887939874,2020-09-09 07:00:00,2022-09-09 07:00:00,2022-09-09 07:00:00,730,1,-0.28640559026943707,0.28640559026943707,"{'max_depth': 10, 'max_features': 0.5, 'min_samples_leaf': 2, 'n_estimators': 100}"
2022-09-09 07:00:00,Neural Network,7,2.242290005766025,2.44383374047389,2020-09-09 07:00:00,2022-09-09 07:00:00,2022-09-09 07:00:00,730,1,-0.35941423956503044,0.35941423956503044,"{'regressor__model__alpha': 0.0001, 'regressor__model__hidden_layer_sizes': (64, 32), 'regressor__model__learning_rate_init': 0.0001}"
2022-09-09 07:00:00,Naive,7,2.242290005766025,2.473731785694432,2020-09-09 07:00:00,2022-09-09 07:00:00,2022-09-09 07:00:00,730,1,,,not_applicable
2022-09-10 07:00:00,Decision Tree,7,2.177491892573421,2.354192161987703,2020-09-10 07:00:00,2022-09-10 07:00:00,2022-09-10 07:00:00,730,1,-0.42290985504429074,0.42290985504429074,"{'max_depth': None, 'min_samples_leaf': 1, 'min_samples_split': 20}"
2022-09-10 07:00:00,ARX,7,2.177491892573421,2.021957857753697,2020-09-10 07:00:00,2022-09-10 07:00:00,2022-09-10 07:00:00,730,1,-0.3032104293734177,0.3032104293734177,{'model__alpha': 0.01}
2022-09-10 07:00:00,Random Forest,7,2.177491892573421,2.01682702147094,2020-09-10 07:00:00,2022-09-10 07:00:00,2022-09-10 07:00:00,730,1,-0.28640559026943707,0.28640559026943707,"{'max_depth': 10, 'max_features': 0.5, 'min_samples_leaf': 2, 'n_estimators': 100}"
2022-09-10 07:00:00,Neural Network,7,2.177491892573421,2.0736137714882634,2020-09-10 07:00:00,2022-09-10 07:00:00,2022-09-10 07:00:00,730,1,-0.35941423956503044,0.35941423956503044,"{'regressor__model__alpha': 0.0001, 'regressor__model__hidden_layer_sizes': (64, 32), 'regressor__model__learning_rate_init': 0.0001}"
2022-09-10 07:00:00,Naive,7,2.177491892573421,2.242290005766025,2020-09-10 07:00:00,2022-09-10 07:00:00,2022-09-10 07:00:00,730,1,,,not_applicable
2022-09-11 07:00:00,Decision Tree,7,2.0901730306510973,2.3448921478080043,2020-09-11 07:00:00,2022-09-11 07:00:00,2022-09-11 07:00:00,730,1,-0.42290985504429074,0.42290985504429074,"{'max_depth': None, 'min_samples_leaf': 1, 'min_samples_split': 20}"
2022-09-11 07:00:00,ARX,7,2.0901730306510973,1.7274090678600638,2020-09-11 07:00:00,2022-09-11 07:00:00,2022-09-11 07:00:00,730,1,-0.3032104293734177,0.3032104293734177,{'model__alpha': 0.01}
2022-09-11 07:00:00,Random Forest,7,2.0901730306510973,1.9916726757231416,2020-09-11 07:00:00,2022-09-11 07:00:00,2022-09-11 07:00:00,730,1,-0.28640559026943707,0.28640559026943707,"{'max_depth': 10, 'max_features': 0.5, 'min_samples_leaf': 2, 'n_estimators': 100}"
2022-09-11 07:00:00,Neural Network,7,2.0901730306510973,1.970073014339421,2020-09-11 07:00:00,2022-09-11 07:00:00,2022-09-11 07:00:00,730,1,-0.35941423956503044,0.35941423956503044,"{'regressor__model__alpha': 0.0001, 'regressor__model__hidden_layer_sizes': (64, 32), 'regressor__model__learning_rate_init': 0.0001}"
2022-09-11 07:00:00,Naive,7,2.0901730306510973,2.177491892573421,2020-09-11 07:00:00,2022-09-11 07:00:00,2022-09-11 07:00:00,730,1,,,not_applicable
2022-09-12 07:00:00,Decision Tree,7,2.4082546403102563,2.536452904749613,2020-09-12 07:00:00,2022-09-12 07:00:00,2022-09-12 07:00:00,730,1,-0.42290985504429074,0.42290985504429074,"{'max_depth': None, 'min_samples_leaf': 1, 'min_samples_split': 20}"
2022-09-12 07:00:00,ARX,7,2.4082546403102563,2.8245889455794133,2020-09-12 07:00:00,2022-09-12 07:00:00,2022-09-12 07:00:00,730,1,-0.3032104293734177,0.3032104293734177,{'model__alpha': 0.01}
2022-09-12 07:00:00,Random Forest,7,2.4082546403102563,2.485343955047762,2020-09-12 07:00:00,2022-09-12 07:00:00,2022-09-12 07:00:00,730,1,-0.28640559026943707,0.28640559026943707,"{'max_depth': 10, 'max_features': 0.5, 'min_samples_leaf': 2, 'n_estimators': 100}"
2022-09-12 07:00:00,Neural Network,7,2.4082546403102563,2.708782478621461,2020-09-12 07:00:00,2022-09-12 07:00:00,2022-09-12 07:00:00,730,1,-0.35941423956503044,0.35941423956503044,"{'regressor__model__alpha': 0.0001, 'regressor__model__hidden_layer_sizes': (64, 32), 'regressor__model__learning_rate_init': 0.0001}"
2022-09-12 07:00:00,Naive,7,2.4082546403102563,2.0901730306510973,2020-09-12 07:00:00,2022-09-12 07:00:00,2022-09-12 07:00:00,730,1,,,not_applicable
2022-09-13 07:00:00,Decision Tree,7,2.261574014355893,2.50252520231349,2020-09-13 07:00:00,2022-09-13 07:00:00,2022-09-13 07:00:00,730,1,-0.42290985504429074,0.42290985504429074,"{'max_depth': None, 'min_samples_leaf': 1, 'min_samples_split': 20}"
2022-09-13 07:00:00,ARX,7,2.261574014355893,2.4875822477505327,2020-09-13 07:00:00,2022-09-13 07:00:00,2022-09-13 07:00:00,730,1,-0.3032104293734177,0.3032104293734177,{'model__alpha': 0.01}
2022-09-13 07:00:00,Random Forest,7,2.261574014355893,2.4392900840263603,2020-09-13 07:00:00,2022-09-13 07:00:00,2022-09-13 07:00:00,730,1,-0.28640559026943707,0.28640559026943707,"{'max_depth': 10, 'max_features': 0.5, 'min_samples_leaf': 2, 'n_estimators': 100}"
2022-09-13 07:00:00,Neural Network,7,2.261574014355893,2.390280257403785,2020-09-13 07:00:00,2022-09-13 07:00:00,2022-09-13 07:00:00,730,1,-0.35941423956503044,0.35941423956503044,"{'regressor__model__alpha': 0.0001, 'regressor__model__hidden_layer_sizes': (64, 32), 'regressor__model__learning_rate_init': 0.0001}"
2022-09-13 07:00:00,Naive,7,2.261574014355893,2.4082546403102563,2020-09-13 07:00:00,2022-09-13 07:00:00,2022-09-13 07:00:00,730,1,,,not_applicable
2022-09-14 07:00:00,Decision Tree,7,2.4081514051255097,2.3086401647310075,2020-09-14 07:00:00,2022-09-14 07:00:00,2022-09-14 07:00:00,730,1,-0.42290985504429074,0.42290985504429074,"{'max_depth': None, 'min_samples_leaf': 1, 'min_samples_split': 20}"
2022-09-14 07:00:00,ARX,7,2.4081514051255097,2.6919781698611427,2020-09-14 07:00:00,2022-09-14 07:00:00,2022-09-14 07:00:00,730,1,-0.3032104293734177,0.3032104293734177,{'model__alpha': 0.01}
2022-09-14 07:00:00,Random Forest,7,2.4081514051255097,2.4351087030456195,2020-09-14 07:00:00,2022-09-14 07:00:00,2022-09-14 07:00:00,730,1,-0.28640559026943707,0.28640559026943707,"{'max_depth': 10, 'max_features': 0.5, 'min_samples_leaf': 2, 'n_estimators': 100}"
2022-09-14 07:00:00,Neural Network,7,2.4081514051255097,2.448898960807024,2020-09-14 07:00:00,2022-09-14 07:00:00,2022-09-14 07:00:00,730,1,-0.35941423956503044,0.35941423956503044,"{'regressor__model__alpha': 0.0001, 'regressor__model__hidden_layer_sizes': (64, 32), 'regressor__model__learning_rate_init': 0.0001}"
2022-09-14 07:00:00,Naive,7,2.4081514051255097,2.261574014355893,2020-09-14 07:00:00,2022-09-14 07:00:00,2022-09-14 07:00:00,730,1,,,not_applicable
2022-09-15 07:00:00,Decision Tree,7,2.3052707703940256,2.3196969692192853,2020-09-15 07:00:00,2022-09-15 07:00:00,2022-09-15 07:00:00,730,1,-0.42290985504429074,0.42290985504429074,"{'max_depth': None, 'min_samples_leaf': 1, 'min_samples_split': 20}"
2022-09-15 07:00:00,ARX,7,2.3052707703940256,2.4404752787287642,2020-09-15 07:00:00,2022-09-15 07:00:00,2022-09-15 07:00:00,730,1,-0.3032104293734177,0.3032104293734177,{'model__alpha': 0.01}
2022-09-15 07:00:00,Random Forest,7,2.3052707703940256,2.44974520615283,2020-09-15 07:00:00,2022-09-15 07:00:00,2022-09-15 07:00:00,730,1,-0.28640559026943707,0.28640559026943707,"{'max_depth': 10, 'max_features': 0.5, 'min_samples_leaf': 2, 'n_estimators': 100}"
2022-09-15 07:00:00,Neural Network,7,2.3052707703940256,2.396307086741253,2020-09-15 07:00:00,2022-09-15 07:00:00,2022-09-15 07:00:00,730,1,-0.35941423956503044,0.35941423956503044,"{'regressor__model__alpha': 0.0001, 'regressor__model__hidden_layer_sizes': (64, 32), 'regressor__model__learning_rate_init': 0.0001}"
2022-09-15 07:00:00,Naive,7,2.3052707703940256,2.4081514051255097,2020-09-15 07:00:00,2022-09-15 07:00:00,2022-09-15 07:00:00,730,1,,,not_applicable
2022-09-16 07:00:00,Decision Tree,7,2.176756646339342,2.5328905479002852,2020-09-16 07:00:00,2022-09-16 07:00:00,2022-09-16 07:00:00,730,1,-0.42290985504429074,0.42290985504429074,"{'max_depth': None, 'min_samples_leaf': 1, 'min_samples_split': 20}"
2022-09-16 07:00:00,ARX,7,2.176756646339342,1.9712984056748293,2020-09-16 07:00:00,2022-09-16 07:00:00,2022-09-16 07:00:00,730,1,-0.3032104293734177,0.3032104293734177,{'model__alpha': 0.01}
2022-09-16 07:00:00,Random Forest,7,2.176756646339342,2.275092007305554,2020-09-16 07:00:00,2022-09-16 07:00:00,2022-09-16 07:00:00,730,1,-0.28640559026943707,0.28640559026943707,"{'max_depth': 10, 'max_features': 0.5, 'min_samples_leaf': 2, 'n_estimators': 100}"
2022-09-16 07:00:00,Neural Network,7,2.176756646339342,1.8921807720643873,2020-09-16 07:00:00,2022-09-16 07:00:00,2022-09-16 07:00:00,730,1,-0.35941423956503044,0.35941423956503044,"{'regressor__model__alpha': 0.0001, 'regressor__model__hidden_layer_sizes': (64, 32), 'regressor__model__learning_rate_init': 0.0001}"
2022-09-16 07:00:00,Naive,7,2.176756646339342,2.3052707703940256,2020-09-16 07:00:00,2022-09-16 07:00:00,2022-09-16 07:00:00,730,1,,,not_applicable
2022-09-17 07:00:00,Decision Tree,7,-0.06133810419447301,1.4642053572285272,2020-09-17 07:00:00,2022-09-17 07:00:00,2022-09-17 07:00:00,730,1,-0.42290985504429074,0.42290985504429074,"{'max_depth': None, 'min_samples_leaf': 1, 'min_samples_split': 20}"
2022-09-17 07:00:00,ARX,7,-0.06133810419447301,0.8167984397667702,2020-09-17 07:00:00,2022-09-17 07:00:00,2022-09-17 07:00:00,730,1,-0.3032104293734177,0.3032104293734177,{'model__alpha': 0.01}
2022-09-17 07:00:00,Random Forest,7,-0.06133810419447301,1.0415270445308025,2020-09-17 07:00:00,2022-09-17 07:00:00,2022-09-17 07:00:00,730,1,-0.28640559026943707,0.28640559026943707,"{'max_depth': 10, 'max_features': 0.5, 'min_samples_leaf': 2, 'n_estimators': 100}"
2022-09-17 07:00:00,Neural Network,7,-0.06133810419447301,0.9256475720712807,2020-09-17 07:00:00,2022-09-17 07:00:00,2022-09-17 07:00:00,730,1,-0.35941423956503044,0.35941423956503044,"{'regressor__model__alpha': 0.0001, 'regressor__model__hidden_layer_sizes': (64, 32), 'regressor__model__learning_rate_init': 0.0001}"
2022-09-17 07:00:00,Naive,7,-0.06133810419447301,2.176756646339342,2020-09-17 07:00:00,2022-09-17 07:00:00,2022-09-17 07:00:00,730,1,,,not_applicable
2022-09-18 07:00:00,Decision Tree,7,-0.39040437029906744,-0.8690250990946777,2020-09-18 07:00:00,2022-09-18 07:00:00,2022-09-18 07:00:00,730,1,-0.42290985504429074,0.42290985504429074,"{'max_depth': None, 'min_samples_leaf': 1, 'min_samples_split': 20}"
2022-09-18 07:00:00,ARX,7,-0.39040437029906744,-0.11940384758653733,2020-09-18 07:00:00,2022-09-18 07:00:00,2022-09-18 07:00:00,730,1,-0.3032104293734177,0.3032104293734177,{'model__alpha': 0.01}
2022-09-18 07:00:00,Random Forest,7,-0.39040437029906744,-0.8338801946430445,2020-09-18 07:00:00,2022-09-18 07:00:00,2022-09-18 07:00:00,730,1,-0.28640559026943707,0.28640559026943707,"{'max_depth': 10, 'max_features': 0.5, 'min_samples_leaf': 2, 'n_estimators': 100}"
2022-09-18 07:00:00,Neural Network,7,-0.39040437029906744,0.12225071379585217,2020-09-18 07:00:00,2022-09-18 07:00:00,2022-09-18 07:00:00,730,1,-0.35941423956503044,0.35941423956503044,"{'regressor__model__alpha': 0.0001, 'regressor__model__hidden_layer_sizes': (64, 32), 'regressor__model__learning_rate_init': 0.0001}"
2022-09-18 07:00:00,Naive,7,-0.39040437029906744,-0.06133810419447301,2020-09-18 07:00:00,2022-09-18 07:00:00,2022-09-18 07:00:00,730,1,,,not_applicable
2022-09-19 07:00:00,Decision Tree,7,2.0998083678191652,1.5295013199912415,2020-09-19 07:00:00,2022-09-19 07:00:00,2022-09-19 07:00:00,730,1,-0.42290985504429074,0.42290985504429074,"{'max_depth': None, 'min_samples_leaf': 1, 'min_samples_split': 20}"
2022-09-19 07:00:00,ARX,7,2.0998083678191652,1.4371734886099257,2020-09-19 07:00:00,2022-09-19 07:00:00,2022-09-19 07:00:00,730,1,-0.3032104293734177,0.3032104293734177,{'model__alpha': 0.01}
2022-09-19 07:00:00,Random Forest,7,2.0998083678191652,1.5020664294887829,2020-09-19 07:00:00,2022-09-19 07:00:00,2022-09-19 07:00:00,730,1,-0.28640559026943707,0.28640559026943707,"{'max_depth': 10, 'max_features': 0.5, 'min_samples_leaf': 2, 'n_estimators': 100}"
2022-09-19 07:00:00,Neural Network,7,2.0998083678191652,2.017248832860742,2020-09-19 07:00:00,2022-09-19 07:00:00,2022-09-19 07:00:00,730,1,-0.35941423956503044,0.35941423956503044,"{'regressor__model__alpha': 0.0001, 'regressor__model__hidden_layer_sizes': (64, 32), 'regressor__model__learning_rate_init': 0.0001}"
2022-09-19 07:00:00,Naive,7,2.0998083678191652,-0.39040437029906744,2020-09-19 07:00:00,2022-09-19 07:00:00,2022-09-19 07:00:00,730,1,,,not_applicable
2022-09-20 07:00:00,Decision Tree,7,2.194264515301954,2.4386948325702478,2020-09-20 07:00:00,2022-09-20 07:00:00,2022-09-20 07:00:00,730,1,-0.42290985504429074,0.42290985504429074,"{'max_depth': None, 'min_samples_leaf': 1, 'min_samples_split': 20}"
2022-09-20 07:00:00,ARX,7,2.194264515301954,2.2138991214804102,2020-09-20 07:00:00,2022-09-20 07:00:00,2022-09-20 07:00:00,730,1,-0.3032104293734177,0.3032104293734177,{'model__alpha': 0.01}
2022-09-20 07:00:00,Random Forest,7,2.194264515301954,2.1813933010531237,2020-09-20 07:00:00,2022-09-20 07:00:00,2022-09-20 07:00:00,730,1,-0.28640559026943707,0.28640559026943707,"{'max_depth': 10, 'max_features': 0.5, 'min_samples_leaf': 2, 'n_estimators': 100}"
2022-09-20 07:00:00,Neural Network,7,2.194264515301954,2.870863977818174,2020-09-20 07:00:00,2022-09-20 07:00:00,2022-09-20 07:00:00,730,1,-0.35941423956503044,0.35941423956503044,"{'regressor__model__alpha': 0.0001, 'regressor__model__hidden_layer_sizes': (64, 32), 'regressor__model__learning_rate_init': 0.0001}"
2022-09-20 07:00:00,Naive,7,2.194264515301954,2.0998083678191652,2020-09-20 07:00:00,2022-09-20 07:00:00,2022-09-20 07:00:00,730,1,,,not_applicable
2022-09-21 07:00:00,Decision Tree,7,2.4419761112125418,2.5573984998432002,2020-09-21 07:00:00,2022-09-21 07:00:00,2022-09-21 07:00:00,730,1,-0.42290985504429074,0.42290985504429074,"{'max_depth': None, 'min_samples_leaf': 1, 'min_samples_split': 20}"
2022-09-21 07:00:00,ARX,7,2.4419761112125418,2.5890552296259832,2020-09-21 07:00:00,2022-09-21 07:00:00,2022-09-21 07:00:00,730,1,-0.3032104293734177,0.3032104293734177,{'model__alpha': 0.01}
2022-09-21 07:00:00,Random Forest,7,2.4419761112125418,2.339090252695467,2020-09-21 07:00:00,2022-09-21 07:00:00,2022-09-21 07:00:00,730,1,-0.28640559026943707,0.28640559026943707,"{'max_depth': 10, 'max_features': 0.5, 'min_samples_leaf': 2, 'n_estimators': 100}"
2022-09-21 07:00:00,Neural Network,7,2.4419761112125418,2.558068654768867,2020-09-21 07:00:00,2022-09-21 07:00:00,2022-09-21 07:00:00,730,1,-0.35941423956503044,0.35941423956503044,"{'regressor__model__alpha': 0.0001, 'regressor__model__hidden_layer_sizes': (64, 32), 'regressor__model__learning_rate_init': 0.0001}"
2022-09-21 07:00:00,Naive,7,2.4419761112125418,2.194264515301954,2020-09-21 07:00:00,2022-09-21 07:00:00,2022-09-21 07:00:00,730,1,,,not_applicable
2022-09-22 07:00:00,Decision Tree,7,2.4362275049910336,2.2220255889205243,2020-09-22 07:00:00,2022-09-22 07:00:00,2022-09-22 07:00:00,730,1,-0.42290985504429074,0.42290985504429074,"{'max_depth': None, 'min_samples_leaf': 1, 'min_samples_split': 20}"
2022-09-22 07:00:00,ARX,7,2.4362275049910336,2.6447576403434248,2020-09-22 07:00:00,2022-09-22 07:00:00,2022-09-22 07:00:00,730,1,-0.3032104293734177,0.3032104293734177,{'model__alpha': 0.01}
2022-09-22 07:00:00,Random Forest,7,2.4362275049910336,2.2898868831198937,2020-09-22 07:00:00,2022-09-22 07:00:00,2022-09-22 07:00:00,730,1,-0.28640559026943707,0.28640559026943707,"{'max_depth': 10, 'max_features': 0.5, 'min_samples_leaf': 2, 'n_estimators': 100}"
2022-09-22 07:00:00,Neural Network,7,2.4362275049910336,1.9803509404773192,2020-09-22 07:00:00,2022-09-22 07:00:00,2022-09-22 07:00:00,730,1,-0.35941423956503044,0.35941423956503044,"{'regressor__model__alpha': 0.0001, 'regressor__model__hidden_layer_sizes': (64, 32), 'regressor__model__learning_rate_init': 0.0001}"
2022-09-22 07:00:00,Naive,7,2.4362275049910336,2.4419761112125418,2020-09-22 07:00:00,2022-09-22 07:00:00,2022-09-22 07:00:00,730,1,,,not_applicable
2022-09-23 07:00:00,Decision Tree,7,2.2353306775431157,2.4217989930467803,2020-09-23 07:00:00,2022-09-23 07:00:00,2022-09-23 07:00:00,730,1,-0.42290985504429074,0.42290985504429074,"{'max_depth': None, 'min_samples_leaf': 1, 'min_samples_split': 20}"
2022-09-23 07:00:00,ARX,7,2.2353306775431157,2.586158987598784,2020-09-23 07:00:00,2022-09-23 07:00:00,2022-09-23 07:00:00,730,1,-0.3032104293734177,0.3032104293734177,{'model__alpha': 0.01}
2022-09-23 07:00:00,Random Forest,7,2.2353306775431157,2.310095020162433,2020-09-23 07:00:00,2022-09-23 07:00:00,2022-09-23 07:00:00,730,1,-0.28640559026943707,0.28640559026943707,"{'max_depth': 10, 'max_features': 0.5, 'min_samples_leaf': 2, 'n_estimators': 100}"
2022-09-23 07:00:00,Neural Network,7,2.2353306775431157,2.3263484573871813,2020-09-23 07:00:00,2022-09-23 07:00:00,2022-09-23 07:00:00,730,1,-0.35941423956503044,0.35941423956503044,"{'regressor__model__alpha': 0.0001, 'regressor__model__hidden_layer_sizes': (64, 32), 'regressor__model__learning_rate_init': 0.0001}"
2022-09-23 07:00:00,Naive,7,2.2353306775431157,2.4362275049910336,2020-09-23 07:00:00,2022-09-23 07:00:00,2022-09-23 07:00:00,730,1,,,not_applicable
2022-09-24 07:00:00,Decision Tree,7,1.973260778013578,1.912184310360877,2020-09-24 07:00:00,2022-09-24 07:00:00,2022-09-24 07:00:00,730,1,-0.42290985504429074,0.42290985504429074,"{'max_depth': None, 'min_samples_leaf': 1, 'min_samples_split': 20}"
2022-09-24 07:00:00,ARX,7,1.973260778013578,1.8942178420922942,2020-09-24 07:00:00,2022-09-24 07:00:00,2022-09-24 07:00:00,730,1,-0.3032104293734177,0.3032104293734177,{'model__alpha': 0.01}
2022-09-24 07:00:00,Random Forest,7,1.973260778013578,1.9030404305418023,2020-09-24 07:00:00,2022-09-24 07:00:00,2022-09-24 07:00:00,730,1,-0.28640559026943707,0.28640559026943707,"{'max_depth': 10, 'max_features': 0.5, 'min_samples_leaf': 2, 'n_estimators': 100}"
2022-09-24 07:00:00,Neural Network,7,1.973260778013578,2.3711320379334615,2020-09-24 07:00:00,2022-09-24 07:00:00,2022-09-24 07:00:00,730,1,-0.35941423956503044,0.35941423956503044,"{'regressor__model__alpha': 0.0001, 'regressor__model__hidden_layer_sizes': (64, 32), 'regressor__model__learning_rate_init': 0.0001}"
2022-09-24 07:00:00,Naive,7,1.973260778013578,2.2353306775431157,2020-09-24 07:00:00,2022-09-24 07:00:00,2022-09-24 07:00:00,730,1,,,not_applicable
2022-09-25 07:00:00,Decision Tree,7,1.370398560344378,2.0524522150697537,2020-09-25 07:00:00,2022-09-25 07:00:00,2022-09-25 07:00:00,730,1,-0.42290985504429074,0.42290985504429074,"{'max_depth': None, 'min_samples_leaf': 1, 'min_samples_split': 20}"
2022-09-25 07:00:00,ARX,7,1.370398560344378,1.5465944279010995,2020-09-25 07:00:00,2022-09-25 07:00:00,2022-09-25 07:00:00,730,1,-0.3032104293734177,0.3032104293734177,{'model__alpha': 0.01}
2022-09-25 07:00:00,Random Forest,7,1.370398560344378,1.8045930283851153,2020-09-25 07:00:00,2022-09-25 07:00:00,2022-09-25 07:00:00,730,1,-0.28640559026943707,0.28640559026943707,"{'max_depth': 10, 'max_features': 0.5, 'min_samples_leaf': 2, 'n_estimators': 100}"
2022-09-25 07:00:00,Neural Network,7,1.370398560344378,1.7990958040273104,2020-09-25 07:00:00,2022-09-25 07:00:00,2022-09-25 07:00:00,730,1,-0.35941423956503044,0.35941423956503044,"{'regressor__model__alpha': 0.0001, 'regressor__model__hidden_layer_sizes': (64, 32), 'regressor__model__learning_rate_init': 0.0001}"
2022-09-25 07:00:00,Naive,7,1.370398560344378,1.973260778013578,2020-09-25 07:00:00,2022-09-25 07:00:00,2022-09-25 07:00:00,730,1,,,not_applicable
2022-09-26 07:00:00,Decision Tree,7,1.8182475433411618,2.1384944330585545,2020-09-26 07:00:00,2022-09-26 07:00:00,2022-09-26 07:00:00,730,1,-0.42290985504429074,0.42290985504429074,"{'max_depth': None, 'min_samples_leaf': 1, 'min_samples_split': 20}"
2022-09-26 07:00:00,ARX,7,1.8182475433411618,2.287102085038556,2020-09-26 07:00:00,2022-09-26 07:00:00,2022-09-26 07:00:00,730,1,-0.3032104293734177,0.3032104293734177,{'model__alpha': 0.01}
2022-09-26 07:00:00,Random Forest,7,1.8182475433411618,2.065113957017124,2020-09-26 07:00:00,2022-09-26 07:00:00,2022-09-26 07:00:00,730,1,-0.28640559026943707,0.28640559026943707,"{'max_depth': 10, 'max_features': 0.5, 'min_samples_leaf': 2, 'n_estimators': 100}"
2022-09-26 07:00:00,Neural Network,7,1.8182475433411618,2.254101512072793,2020-09-26 07:00:00,2022-09-26 07:00:00,2022-09-26 07:00:00,730,1,-0.35941423956503044,0.35941423956503044,"{'regressor__model__alpha': 0.0001, 'regressor__model__hidden_layer_sizes': (64, 32), 'regressor__model__learning_rate_init': 0.0001}"
2022-09-26 07:00:00,Naive,7,1.8182475433411618,1.370398560344378,2020-09-26 07:00:00,2022-09-26 07:00:00,2022-09-26 07:00:00,730,1,,,not_applicable
2022-09-27 07:00:00,Decision Tree,7,2.092891240500002,1.5525047072199734,2020-09-27 07:00:00,2022-09-27 07:00:00,2022-09-27 07:00:00,730,1,-0.42290985504429074,0.42290985504429074,"{'max_depth': None, 'min_samples_leaf': 1, 'min_samples_split': 20}"
2022-09-27 07:00:00,ARX,7,2.092891240500002,2.2935768185129772,2020-09-27 07:00:00,2022-09-27 07:00:00,2022-09-27 07:00:00,730,1,-0.3032104293734177,0.3032104293734177,{'model__alpha': 0.01}
2022-09-27 07:00:00,Random Forest,7,2.092891240500002,2.076699921367836,2020-09-27 07:00:00,2022-09-27 07:00:00,2022-09-27 07:00:00,730,1,-0.28640559026943707,0.28640559026943707,"{'max_depth': 10, 'max_features': 0.5, 'min_samples_leaf': 2, 'n_estimators': 100}"
2022-09-27 07:00:00,Neural Network,7,2.092891240500002,2.138683136777815,2020-09-27 07:00:00,2022-09-27 07:00:00,2022-09-27 07:00:00,730,1,-0.35941423956503044,0.35941423956503044,"{'regressor__model__alpha': 0.0001, 'regressor__model__hidden_layer_sizes': (64, 32), 'regressor__model__learning_rate_init': 0.0001}"
2022-09-27 07:00:00,Naive,7,2.092891240500002,1.8182475433411618,2020-09-27 07:00:00,2022-09-27 07:00:00,2022-09-27 07:00:00,730,1,,,not_applicable
2022-09-28 07:00:00,Decision Tree,7,2.2456422277222945,1.8958850111977081,2020-09-28 07:00:00,2022-09-28 07:00:00,2022-09-28 07:00:00,730,1,-0.42290985504429074,0.42290985504429074,"{'max_depth': None, 'min_samples_leaf': 1, 'min_samples_split': 20}"
2022-09-28 07:00:00,ARX,7,2.2456422277222945,2.63553230448767,2020-09-28 07:00:00,2022-09-28 07:00:00,2022-09-28 07:00:00,730,1,-0.3032104293734177,0.3032104293734177,{'model__alpha': 0.01}
2022-09-28 07:00:00,Random Forest,7,2.2456422277222945,2.0659401683015974,2020-09-28 07:00:00,2022-09-28 07:00:00,2022-09-28 07:00:00,730,1,-0.28640559026943707,0.28640559026943707,"{'max_depth': 10, 'max_features': 0.5, 'min_samples_leaf': 2, 'n_estimators': 100}"
2022-09-28 07:00:00,Neural Network,7,2.2456422277222945,2.4929464116888504,2020-09-28 07:00:00,2022-09-28 07:00:00,2022-09-28 07:00:00,730,1,-0.35941423956503044,0.35941423956503044,"{'regressor__model__alpha': 0.0001, 'regressor__model__hidden_layer_sizes': (64, 32), 'regressor__model__learning_rate_init': 0.0001}"
2022-09-28 07:00:00,Naive,7,2.2456422277222945,2.092891240500002,2020-09-28 07:00:00,2022-09-28 07:00:00,2022-09-28 07:00:00,730,1,,,not_applicable
2022-09-29 07:00:00,Decision Tree,7,2.464256345184887,2.285313683226028,2020-09-29 07:00:00,2022-09-29 07:00:00,2022-09-29 07:00:00,730,1,-0.42290985504429074,0.42290985504429074,"{'max_depth': None, 'min_samples_leaf': 1, 'min_samples_split': 20}"
2022-09-29 07:00:00,ARX,7,2.464256345184887,2.7881280816885523,2020-09-29 07:00:00,2022-09-29 07:00:00,2022-09-29 07:00:00,730,1,-0.3032104293734177,0.3032104293734177,{'model__alpha': 0.01}
2022-09-29 07:00:00,Random Forest,7,2.464256345184887,2.310457601335415,2020-09-29 07:00:00,2022-09-29 07:00:00,2022-09-29 07:00:00,730,1,-0.28640559026943707,0.28640559026943707,"{'max_depth': 10, 'max_features': 0.5, 'min_samples_leaf': 2, 'n_estimators': 100}"
2022-09-29 07:00:00,Neural Network,7,2.464256345184887,2.3717773890936336,2020-09-29 07:00:00,2022-09-29 07:00:00,2022-09-29 07:00:00,730,1,-0.35941423956503044,0.35941423956503044,"{'regressor__model__alpha': 0.0001, 'regressor__model__hidden_layer_sizes': (64, 32), 'regressor__model__learning_rate_init': 0.0001}"
2022-09-29 07:00:00,Naive,7,2.464256345184887,2.2456422277222945,2020-09-29 07:00:00,2022-09-29 07:00:00,2022-09-29 07:00:00,730,1,,,not_applicable
2022-09-30 07:00:00,Decision Tree,7,2.3578838080175246,2.4886243508058095,2020-09-30 07:00:00,2022-09-30 07:00:00,2022-09-30 07:00:00,730,1,-0.42290985504429074,0.42290985504429074,"{'max_depth': None, 'min_samples_leaf': 1, 'min_samples_split': 20}"
2022-09-30 07:00:00,ARX,7,2.3578838080175246,2.7292238187791,2020-09-30 07:00:00,2022-09-30 07:00:00,2022-09-30 07:00:00,730,1,-0.3032104293734177,0.3032104293734177,{'model__alpha': 0.01}
2022-09-30 07:00:00,Random Forest,7,2.3578838080175246,2.3388538598659507,2020-09-30 07:00:00,2022-09-30 07:00:00,2022-09-30 07:00:00,730,1,-0.28640559026943707,0.28640559026943707,"{'max_depth': 10, 'max_features': 0.5, 'min_samples_leaf': 2, 'n_estimators': 100}"
2022-09-30 07:00:00,Neural Network,7,2.3578838080175246,2.4988632161043376,2020-09-30 07:00:00,2022-09-30 07:00:00,2022-09-30 07:00:00,730,1,-0.35941423956503044,0.35941423956503044,"{'regressor__model__alpha': 0.0001, 'regressor__model__hidden_layer_sizes': (64, 32), 'regressor__model__learning_rate_init': 0.0001}"
2022-09-30 07:00:00,Naive,7,2.3578838080175246,2.464256345184887,2020-09-30 07:00:00,2022-09-30 07:00:00,2022-09-30 07:00:00,730,1,,,not_applicable
2022-10-01 07:00:00,Decision Tree,7,-0.7816649834074018,-0.9191242333397062,2020-10-01 07:00:00,2022-10-01 07:00:00,2022-10-01 07:00:00,730,1,-0.42290985504429074,0.42290985504429074,"{'max_depth': None, 'min_samples_leaf': 1, 'min_samples_split': 20}"
2022-10-01 07:00:00,ARX,7,-0.7816649834074018,0.42547804287109803,2020-10-01 07:00:00,2022-10-01 07:00:00,2022-10-01 07:00:00,730,1,-0.3032104293734177,0.3032104293734177,{'model__alpha': 0.01}
2022-10-01 07:00:00,Random Forest,7,-0.7816649834074018,-0.19336585763007869,2020-10-01 07:00:00,2022-10-01 07:00:00,2022-10-01 07:00:00,730,1,-0.28640559026943707,0.28640559026943707,"{'max_depth': 10, 'max_features': 0.5, 'min_samples_leaf': 2, 'n_estimators': 100}"
2022-10-01 07:00:00,Neural Network,7,-0.7816649834074018,0.3680575164947206,2020-10-01 07:00:00,2022-10-01 07:00:00,2022-10-01 07:00:00,730,1,-0.35941423956503044,0.35941423956503044,"{'regressor__model__alpha': 0.0001, 'regressor__model__hidden_layer_sizes': (64, 32), 'regressor__model__learning_rate_init': 0.0001}"
2022-10-01 07:00:00,Naive,7,-0.7816649834074018,2.3578838080175246,2020-10-01 07:00:00,2022-10-01 07:00:00,2022-10-01 07:00:00,730,1,,,not_applicable
2022-10-02 07:00:00,Decision Tree,7,-0.4223349667143401,-0.9105330302189371,2020-10-02 07:00:00,2022-10-02 07:00:00,2022-10-02 07:00:00,730,1,-0.42290985504429074,0.42290985504429074,"{'max_depth': None, 'min_samples_leaf': 1, 'min_samples_split': 20}"
2022-10-02 07:00:00,ARX,7,-0.4223349667143401,0.17608338705005688,2020-10-02 07:00:00,2022-10-02 07:00:00,2022-10-02 07:00:00,730,1,-0.3032104293734177,0.3032104293734177,{'model__alpha': 0.01}
2022-10-02 07:00:00,Random Forest,7,-0.4223349667143401,-0.602907430605822,2020-10-02 07:00:00,2022-10-02 07:00:00,2022-10-02 07:00:00,730,1,-0.28640559026943707,0.28640559026943707,"{'max_depth': 10, 'max_features': 0.5, 'min_samples_leaf': 2, 'n_estimators': 100}"
2022-10-02 07:00:00,Neural Network,7,-0.4223349667143401,-0.017679112113170747,2020-10-02 07:00:00,2022-10-02 07:00:00,2022-10-02 07:00:00,730,1,-0.35941423956503044,0.35941423956503044,"{'regressor__model__alpha': 0.0001, 'regressor__model__hidden_layer_sizes': (64, 32), 'regressor__model__learning_rate_init': 0.0001}"
2022-10-02 07:00:00,Naive,7,-0.4223349667143401,-0.7816649834074018,2020-10-02 07:00:00,2022-10-02 07:00:00,2022-10-02 07:00:00,730,1,,,not_applicable
2022-10-03 07:00:00,Decision Tree,7,1.5495836194268204,0.5519528486197042,2020-10-03 07:00:00,2022-10-03 07:00:00,2022-10-03 07:00:00,730,1,-0.42290985504429074,0.42290985504429074,"{'max_depth': None, 'min_samples_leaf': 1, 'min_samples_split': 20}"
2022-10-03 07:00:00,ARX,7,1.5495836194268204,1.1412070849965852,2020-10-03 07:00:00,2022-10-03 07:00:00,2022-10-03 07:00:00,730,1,-0.3032104293734177,0.3032104293734177,{'model__alpha': 0.01}
2022-10-03 07:00:00,Random Forest,7,1.5495836194268204,1.1166783589663305,2020-10-03 07:00:00,2022-10-03 07:00:00,2022-10-03 07:00:00,730,1,-0.28640559026943707,0.28640559026943707,"{'max_depth': 10, 'max_features': 0.5, 'min_samples_leaf': 2, 'n_estimators': 100}"
2022-10-03 07:00:00,Neural Network,7,1.5495836194268204,1.5988838503427862,2020-10-03 07:00:00,2022-10-03 07:00:00,2022-10-03 07:00:00,730,1,-0.35941423956503044,0.35941423956503044,"{'regressor__model__alpha': 0.0001, 'regressor__model__hidden_layer_sizes': (64, 32), 'regressor__model__learning_rate_init': 0.0001}"
2022-10-03 07:00:00,Naive,7,1.5495836194268204,-0.4223349667143401,2020-10-03 07:00:00,2022-10-03 07:00:00,2022-10-03 07:00:00,730,1,,,not_applicable
2022-10-04 07:00:00,Decision Tree,7,2.105466629309944,2.0894566607368175,2020-10-04 07:00:00,2022-10-04 07:00:00,2022-10-04 07:00:00,730,1,-0.42290985504429074,0.42290985504429074,"{'max_depth': None, 'min_samples_leaf': 1, 'min_samples_split': 20}"
2022-10-04 07:00:00,ARX,7,2.105466629309944,2.346121715664988,2020-10-04 07:00:00,2022-10-04 07:00:00,2022-10-04 07:00:00,730,1,-0.3032104293734177,0.3032104293734177,{'model__alpha': 0.01}
2022-10-04 07:00:00,Random Forest,7,2.105466629309944,2.075355834056186,2020-10-04 07:00:00,2022-10-04 07:00:00,2022-10-04 07:00:00,730,1,-0.28640559026943707,0.28640559026943707,"{'max_depth': 10, 'max_features': 0.5, 'min_samples_leaf': 2, 'n_estimators': 100}"
2022-10-04 07:00:00,Neural Network,7,2.105466629309944,2.5466375164366504,2020-10-04 07:00:00,2022-10-04 07:00:00,2022-10-04 07:00:00,730,1,-0.35941423956503044,0.35941423956503044,"{'regressor__model__alpha': 0.0001, 'regressor__model__hidden_layer_sizes': (64, 32), 'regressor__model__learning_rate_init': 0.0001}"
2022-10-04 07:00:00,Naive,7,2.105466629309944,1.5495836194268204,2020-10-04 07:00:00,2022-10-04 07:00:00,2022-10-04 07:00:00,730,1,,,not_applicable
2022-10-05 07:00:00,Decision Tree,7,1.242843804500781,0.5025808180500629,2020-10-05 07:00:00,2022-10-05 07:00:00,2022-10-05 07:00:00,730,1,-0.42290985504429074,0.42290985504429074,"{'max_depth': None, 'min_samples_leaf': 1, 'min_samples_split': 20}"
2022-10-05 07:00:00,ARX,7,1.242843804500781,1.668212628548352,2020-10-05 07:00:00,2022-10-05 07:00:00,2022-10-05 07:00:00,730,1,-0.3032104293734177,0.3032104293734177,{'model__alpha': 0.01}
2022-10-05 07:00:00,Random Forest,7,1.242843804500781,1.6616800376805707,2020-10-05 07:00:00,2022-10-05 07:00:00,2022-10-05 07:00:00,730,1,-0.28640559026943707,0.28640559026943707,"{'max_depth': 10, 'max_features': 0.5, 'min_samples_leaf': 2, 'n_estimators': 100}"
2022-10-05 07:00:00,Neural Network,7,1.242843804500781,2.4417008144389234,2020-10-05 07:00:00,2022-10-05 07:00:00,2022-10-05 07:00:00,730,1,-0.35941423956503044,0.35941423956503044,"{'regressor__model__alpha': 0.0001, 'regressor__model__hidden_layer_sizes': (64, 32), 'regressor__model__learning_rate_init': 0.0001}"
2022-10-05 07:00:00,Naive,7,1.242843804500781,2.105466629309944,2020-10-05 07:00:00,2022-10-05 07:00:00,2022-10-05 07:00:00,730,1,,,not_applicable
2022-10-06 07:00:00,Decision Tree,7,0.6013901065045589,0.7187183623359554,2020-10-06 07:00:00,2022-10-06 07:00:00,2022-10-06 07:00:00,730,1,-0.42290985504429074,0.42290985504429074,"{'max_depth': None, 'min_samples_leaf': 1, 'min_samples_split': 20}"
2022-10-06 07:00:00,ARX,7,0.6013901065045589,0.9072090210886682,2020-10-06 07:00:00,2022-10-06 07:00:00,2022-10-06 07:00:00,730,1,-0.3032104293734177,0.3032104293734177,{'model__alpha': 0.01}
2022-10-06 07:00:00,Random Forest,7,0.6013901065045589,0.9234789786062737,2020-10-06 07:00:00,2022-10-06 07:00:00,2022-10-06 07:00:00,730,1,-0.28640559026943707,0.28640559026943707,"{'max_depth': 10, 'max_features': 0.5, 'min_samples_leaf': 2, 'n_estimators': 100}"
2022-10-06 07:00:00,Neural Network,7,0.6013901065045589,1.779991409372018,2020-10-06 07:00:00,2022-10-06 07:00:00,2022-10-06 07:00:00,730,1,-0.35941423956503044,0.35941423956503044,"{'regressor__model__alpha': 0.0001, 'regressor__model__hidden_layer_sizes': (64, 32), 'regressor__model__learning_rate_init': 0.0001}"
2022-10-06 07:00:00,Naive,7,0.6013901065045589,1.242843804500781,2020-10-06 07:00:00,2022-10-06 07:00:00,2022-10-06 07:00:00,730,1,,,not_applicable
2022-10-07 07:00:00,Decision Tree,7,1.6447394818916503,1.4168268254362544,2020-10-07 07:00:00,2022-10-07 07:00:00,2022-10-07 07:00:00,730,1,-0.42290985504429074,0.42290985504429074,"{'max_depth': None, 'min_samples_leaf': 1, 'min_samples_split': 20}"
2022-10-07 07:00:00,ARX,7,1.6447394818916503,1.8553091078978174,2020-10-07 07:00:00,2022-10-07 07:00:00,2022-10-07 07:00:00,730,1,-0.3032104293734177,0.3032104293734177,{'model__alpha': 0.01}
2022-10-07 07:00:00,Random Forest,7,1.6447394818916503,1.5174734164270862,2020-10-07 07:00:00,2022-10-07 07:00:00,2022-10-07 07:00:00,730,1,-0.28640559026943707,0.28640559026943707,"{'max_depth': 10, 'max_features': 0.5, 'min_samples_leaf': 2, 'n_estimators': 100}"
2022-10-07 07:00:00,Neural Network,7,1.6447394818916503,1.7500805112877318,2020-10-07 07:00:00,2022-10-07 07:00:00,2022-10-07 07:00:00,730,1,-0.35941423956503044,0.35941423956503044,"{'regressor__model__alpha': 0.0001, 'regressor__model__hidden_layer_sizes': (64, 32), 'regressor__model__learning_rate_init': 0.0001}"
2022-10-07 07:00:00,Naive,7,1.6447394818916503,0.6013901065045589,2020-10-07 07:00:00,2022-10-07 07:00:00,2022-10-07 07:00:00,730,1,,,not_applicable
2022-10-08 07:00:00,Decision Tree,7,0.5394028112759917,0.12901147940657182,2020-10-08 07:00:00,2022-10-08 07:00:00,2022-10-08 07:00:00,730,1,-0.42290985504429074,0.42290985504429074,"{'max_depth': None, 'min_samples_leaf': 1, 'min_samples_split': 20}"
2022-10-08 07:00:00,ARX,7,0.5394028112759917,0.598249996994968,2020-10-08 07:00:00,2022-10-08 07:00:00,2022-10-08 07:00:00,730,1,-0.3032104293734177,0.3032104293734177,{'model__alpha': 0.01}
2022-10-08 07:00:00,Random Forest,7,0.5394028112759917,0.5177801040230197,2020-10-08 07:00:00,2022-10-08 07:00:00,2022-10-08 07:00:00,730,1,-0.28640559026943707,0.28640559026943707,"{'max_depth': 10, 'max_features': 0.5, 'min_samples_leaf': 2, 'n_estimators': 100}"
2022-10-08 07:00:00,Neural Network,7,0.5394028112759917,0.7891470516824198,2020-10-08 07:00:00,2022-10-08 07:00:00,2022-10-08 07:00:00,730,1,-0.35941423956503044,0.35941423956503044,"{'regressor__model__alpha': 0.0001, 'regressor__model__hidden_layer_sizes': (64, 32), 'regressor__model__learning_rate_init': 0.0001}"
2022-10-08 07:00:00,Naive,7,0.5394028112759917,1.6447394818916503,2020-10-08 07:00:00,2022-10-08 07:00:00,2022-10-08 07:00:00,730,1,,,not_applicable
2022-10-09 07:00:00,Decision Tree,7,1.0165589154871209,0.15832514596867328,2020-10-09 07:00:00,2022-10-09 07:00:00,2022-10-09 07:00:00,730,1,-0.42290985504429074,0.42290985504429074,"{'max_depth': None, 'min_samples_leaf': 1, 'min_samples_split': 20}"
2022-10-09 07:00:00,ARX,7,1.0165589154871209,1.1045428278156586,2020-10-09 07:00:00,2022-10-09 07:00:00,2022-10-09 07:00:00,730,1,-0.3032104293734177,0.3032104293734177,{'model__alpha': 0.01}
2022-10-09 07:00:00,Random Forest,7,1.0165589154871209,0.48324196605126035,2020-10-09 07:00:00,2022-10-09 07:00:00,2022-10-09 07:00:00,730,1,-0.28640559026943707,0.28640559026943707,"{'max_depth': 10, 'max_features': 0.5, 'min_samples_leaf': 2, 'n_estimators': 100}"
2022-10-09 07:00:00,Neural Network,7,1.0165589154871209,1.1374232705293785,2020-10-09 07:00:00,2022-10-09 07:00:00,2022-10-09 07:00:00,730,1,-0.35941423956503044,0.35941423956503044,"{'regressor__model__alpha': 0.0001, 'regressor__model__hidden_layer_sizes': (64, 32), 'regressor__model__learning_rate_init': 0.0001}"
2022-10-09 07:00:00,Naive,7,1.0165589154871209,0.5394028112759917,2020-10-09 07:00:00,2022-10-09 07:00:00,2022-10-09 07:00:00,730,1,,,not_applicable
2022-10-10 07:00:00,Decision Tree,7,1.2332833679482997,0.9708235225375343,2020-10-10 07:00:00,2022-10-10 07:00:00,2022-10-10 07:00:00,730,1,-0.42290985504429074,0.42290985504429074,"{'max_depth': None, 'min_samples_leaf': 1, 'min_samples_split': 20}"
2022-10-10 07:00:00,ARX,7,1.2332833679482997,1.3800127661443014,2020-10-10 07:00:00,2022-10-10 07:00:00,2022-10-10 07:00:00,730,1,-0.3032104293734177,0.3032104293734177,{'model__alpha': 0.01}
2022-10-10 07:00:00,Random Forest,7,1.2332833679482997,1.2365360195951742,2020-10-10 07:00:00,2022-10-10 07:00:00,2022-10-10 07:00:00,730,1,-0.28640559026943707,0.28640559026943707,"{'max_depth': 10, 'max_features': 0.5, 'min_samples_leaf': 2, 'n_estimators': 100}"
2022-10-10 07:00:00,Neural Network,7,1.2332833679482997,1.5951890699392073,2020-10-10 07:00:00,2022-10-10 07:00:00,2022-10-10 07:00:00,730,1,-0.35941423956503044,0.35941423956503044,"{'regressor__model__alpha': 0.0001, 'regressor__model__hidden_layer_sizes': (64, 32), 'regressor__model__learning_rate_init': 0.0001}"
2022-10-10 07:00:00,Naive,7,1.2332833679482997,1.0165589154871209,2020-10-10 07:00:00,2022-10-10 07:00:00,2022-10-10 07:00:00,730,1,,,not_applicable
2022-10-11 07:00:00,Decision Tree,7,1.6206862325384668,1.589884243874481,2020-10-11 07:00:00,2022-10-11 07:00:00,2022-10-11 07:00:00,730,1,-0.42290985504429074,0.42290985504429074,"{'max_depth': None, 'min_samples_leaf': 1, 'min_samples_split': 20}"
2022-10-11 07:00:00,ARX,7,1.6206862325384668,2.0354331963763252,2020-10-11 07:00:00,2022-10-11 07:00:00,2022-10-11 07:00:00,730,1,-0.3032104293734177,0.3032104293734177,{'model__alpha': 0.01}
2022-10-11 07:00:00,Random Forest,7,1.6206862325384668,1.5530370332515264,2020-10-11 07:00:00,2022-10-11 07:00:00,2022-10-11 07:00:00,730,1,-0.28640559026943707,0.28640559026943707,"{'max_depth': 10, 'max_features': 0.5, 'min_samples_leaf': 2, 'n_estimators': 100}"
2022-10-11 07:00:00,Neural Network,7,1.6206862325384668,2.190721497580225,2020-10-11 07:00:00,2022-10-11 07:00:00,2022-10-11 07:00:00,730,1,-0.35941423956503044,0.35941423956503044,"{'regressor__model__alpha': 0.0001, 'regressor__model__hidden_layer_sizes': (64, 32), 'regressor__model__learning_rate_init': 0.0001}"
2022-10-11 07:00:00,Naive,7,1.6206862325384668,1.2332833679482997,2020-10-11 07:00:00,2022-10-11 07:00:00,2022-10-11 07:00:00,730,1,,,not_applicable
2022-10-12 07:00:00,Decision Tree,7,2.2213783517003427,1.8124936124444246,2020-10-12 07:00:00,2022-10-12 07:00:00,2022-10-12 07:00:00,730,1,-0.42290985504429074,0.42290985504429074,"{'max_depth': None, 'min_samples_leaf': 1, 'min_samples_split': 20}"
2022-10-12 07:00:00,ARX,7,2.2213783517003427,2.3015104456376747,2020-10-12 07:00:00,2022-10-12 07:00:00,2022-10-12 07:00:00,730,1,-0.3032104293734177,0.3032104293734177,{'model__alpha': 0.01}
2022-10-12 07:00:00,Random Forest,7,2.2213783517003427,1.9077497463030235,2020-10-12 07:00:00,2022-10-12 07:00:00,2022-10-12 07:00:00,730,1,-0.28640559026943707,0.28640559026943707,"{'max_depth': 10, 'max_features': 0.5, 'min_samples_leaf': 2, 'n_estimators': 100}"
2022-10-12 07:00:00,Neural Network,7,2.2213783517003427,2.0989534604179867,2020-10-12 07:00:00,2022-10-12 07:00:00,2022-10-12 07:00:00,730,1,-0.35941423956503044,0.35941423956503044,"{'regressor__model__alpha': 0.0001, 'regressor__model__hidden_layer_sizes': (64, 32), 'regressor__model__learning_rate_init': 0.0001}"
2022-10-12 07:00:00,Naive,7,2.2213783517003427,1.6206862325384668,2020-10-12 07:00:00,2022-10-12 07:00:00,2022-10-12 07:00:00,730,1,,,not_applicable
2022-10-13 07:00:00,Decision Tree,7,1.5423520773505512,1.8172453532209232,2020-10-13 07:00:00,2022-10-13 07:00:00,2022-10-13 07:00:00,730,1,-0.42290985504429074,0.42290985504429074,"{'max_depth': None, 'min_samples_leaf': 1, 'min_samples_split': 20}"
2022-10-13 07:00:00,ARX,7,1.5423520773505512,2.1320578095791944,2020-10-13 07:00:00,2022-10-13 07:00:00,2022-10-13 07:00:00,730,1,-0.3032104293734177,0.3032104293734177,{'model__alpha': 0.01}
2022-10-13 07:00:00,Random Forest,7,1.5423520773505512,1.7909035663751398,2020-10-13 07:00:00,2022-10-13 07:00:00,2022-10-13 07:00:00,730,1,-0.28640559026943707,0.28640559026943707,"{'max_depth': 10, 'max_features': 0.5, 'min_samples_leaf': 2, 'n_estimators': 100}"
2022-10-13 07:00:00,Neural Network,7,1.5423520773505512,2.2484253689886438,2020-10-13 07:00:00,2022-10-13 07:00:00,2022-10-13 07:00:00,730,1,-0.35941423956503044,0.35941423956503044,"{'regressor__model__alpha': 0.0001, 'regressor__model__hidden_layer_sizes': (64, 32), 'regressor__model__learning_rate_init': 0.0001}"
2022-10-13 07:00:00,Naive,7,1.5423520773505512,2.2213783517003427,2020-10-13 07:00:00,2022-10-13 07:00:00,2022-10-13 07:00:00,730,1,,,not_applicable
2022-10-14 07:00:00,Decision Tree,7,1.8080475155828744,1.5899076213710417,2020-10-14 07:00:00,2022-10-14 07:00:00,2022-10-14 07:00:00,730,1,-0.42290985504429074,0.42290985504429074,"{'max_depth': None, 'min_samples_leaf': 1, 'min_samples_split': 20}"
2022-10-14 07:00:00,ARX,7,1.8080475155828744,2.0438129444218602,2020-10-14 07:00:00,2022-10-14 07:00:00,2022-10-14 07:00:00,730,1,-0.3032104293734177,0.3032104293734177,{'model__alpha': 0.01}
2022-10-14 07:00:00,Random Forest,7,1.8080475155828744,1.6487595079328852,2020-10-14 07:00:00,2022-10-14 07:00:00,2022-10-14 07:00:00,730,1,-0.28640559026943707,0.28640559026943707,"{'max_depth': 10, 'max_features': 0.5, 'min_samples_leaf': 2, 'n_estimators': 100}"
2022-10-14 07:00:00,Neural Network,7,1.8080475155828744,2.048090497028095,2020-10-14 07:00:00,2022-10-14 07:00:00,2022-10-14 07:00:00,730,1,-0.35941423956503044,0.35941423956503044,"{'regressor__model__alpha': 0.0001, 'regressor__model__hidden_layer_sizes': (64, 32), 'regressor__model__learning_rate_init': 0.0001}"
2022-10-14 07:00:00,Naive,7,1.8080475155828744,1.5423520773505512,2020-10-14 07:00:00,2022-10-14 07:00:00,2022-10-14 07:00:00,730,1,,,not_applicable
2022-10-15 07:00:00,Decision Tree,7,0.6689744422574652,1.242382490734596,2020-10-15 07:00:00,2022-10-15 07:00:00,2022-10-15 07:00:00,730,1,-0.42290985504429074,0.42290985504429074,"{'max_depth': None, 'min_samples_leaf': 1, 'min_samples_split': 20}"
2022-10-15 07:00:00,ARX,7,0.6689744422574652,1.2347303994587224,2020-10-15 07:00:00,2022-10-15 07:00:00,2022-10-15 07:00:00,730,1,-0.3032104293734177,0.3032104293734177,{'model__alpha': 0.01}
2022-10-15 07:00:00,Random Forest,7,0.6689744422574652,0.9336490983934743,2020-10-15 07:00:00,2022-10-15 07:00:00,2022-10-15 07:00:00,730,1,-0.28640559026943707,0.28640559026943707,"{'max_depth': 10, 'max_features': 0.5, 'min_samples_leaf': 2, 'n_estimators': 100}"
2022-10-15 07:00:00,Neural Network,7,0.6689744422574652,1.6509325337647764,2020-10-15 07:00:00,2022-10-15 07:00:00,2022-10-15 07:00:00,730,1,-0.35941423956503044,0.35941423956503044,"{'regressor__model__alpha': 0.0001, 'regressor__model__hidden_layer_sizes': (64, 32), 'regressor__model__learning_rate_init': 0.0001}"
2022-10-15 07:00:00,Naive,7,0.6689744422574652,1.8080475155828744,2020-10-15 07:00:00,2022-10-15 07:00:00,2022-10-15 07:00:00,730,1,,,not_applicable
2022-10-16 07:00:00,Decision Tree,7,-0.25946513349264505,0.11147975155595398,2020-10-16 07:00:00,2022-10-16 07:00:00,2022-10-16 07:00:00,730,1,-0.42290985504429074,0.42290985504429074,"{'max_depth': None, 'min_samples_leaf': 1, 'min_samples_split': 20}"
2022-10-16 07:00:00,ARX,7,-0.25946513349264505,0.4599296275344795,2020-10-16 07:00:00,2022-10-16 07:00:00,2022-10-16 07:00:00,730,1,-0.3032104293734177,0.3032104293734177,{'model__alpha': 0.01}
2022-10-16 07:00:00,Random Forest,7,-0.25946513349264505,0.1593812114718681,2020-10-16 07:00:00,2022-10-16 07:00:00,2022-10-16 07:00:00,730,1,-0.28640559026943707,0.28640559026943707,"{'max_depth': 10, 'max_features': 0.5, 'min_samples_leaf': 2, 'n_estimators': 100}"
2022-10-16 07:00:00,Neural Network,7,-0.25946513349264505,0.22064686115748922,2020-10-16 07:00:00,2022-10-16 07:00:00,2022-10-16 07:00:00,730,1,-0.35941423956503044,0.35941423956503044,"{'regressor__model__alpha': 0.0001, 'regressor__model__hidden_layer_sizes': (64, 32), 'regressor__model__learning_rate_init': 0.0001}"
2022-10-16 07:00:00,Naive,7,-0.25946513349264505,0.6689744422574652,2020-10-16 07:00:00,2022-10-16 07:00:00,2022-10-16 07:00:00,730,1,,,not_applicable
2022-10-17 07:00:00,Decision Tree,7,0.6533973629536283,1.2725824565488357,2020-10-17 07:00:00,2022-10-17 07:00:00,2022-10-17 07:00:00,730,1,-0.42290985504429074,0.42290985504429074,"{'max_depth': None, 'min_samples_leaf': 1, 'min_samples_split': 20}"
2022-10-17 07:00:00,ARX,7,0.6533973629536283,1.2970530982119177,2020-10-17 07:00:00,2022-10-17 07:00:00,2022-10-17 07:00:00,730,1,-0.3032104293734177,0.3032104293734177,{'model__alpha': 0.01}
2022-10-17 07:00:00,Random Forest,7,0.6533973629536283,1.2038570871473186,2020-10-17 07:00:00,2022-10-17 07:00:00,2022-10-17 07:00:00,730,1,-0.28640559026943707,0.28640559026943707,"{'max_depth': 10, 'max_features': 0.5, 'min_samples_leaf': 2, 'n_estimators': 100}"
2022-10-17 07:00:00,Neural Network,7,0.6533973629536283,1.6096872310166745,2020-10-17 07:00:00,2022-10-17 07:00:00,2022-10-17 07:00:00,730,1,-0.35941423956503044,0.35941423956503044,"{'regressor__model__alpha': 0.0001, 'regressor__model__hidden_layer_sizes': (64, 32), 'regressor__model__learning_rate_init': 0.0001}"
2022-10-17 07:00:00,Naive,7,0.6533973629536283,-0.25946513349264505,2020-10-17 07:00:00,2022-10-17 07:00:00,2022-10-17 07:00:00,730,1,,,not_applicable
2022-10-18 07:00:00,Decision Tree,7,1.376145599130279,1.4444428717422682,2020-10-18 07:00:00,2022-10-18 07:00:00,2022-10-18 07:00:00,730,1,-0.42290985504429074,0.42290985504429074,"{'max_depth': None, 'min_samples_leaf': 1, 'min_samples_split': 20}"
2022-10-18 07:00:00,ARX,7,1.376145599130279,1.770281413090911,2020-10-18 07:00:00,2022-10-18 07:00:00,2022-10-18 07:00:00,730,1,-0.3032104293734177,0.3032104293734177,{'model__alpha': 0.01}
2022-10-18 07:00:00,Random Forest,7,1.376145599130279,1.4561906374776727,2020-10-18 07:00:00,2022-10-18 07:00:00,2022-10-18 07:00:00,730,1,-0.28640559026943707,0.28640559026943707,"{'max_depth': 10, 'max_features': 0.5, 'min_samples_leaf': 2, 'n_estimators': 100}"
2022-10-18 07:00:00,Neural Network,7,1.376145599130279,1.908544249672065,2020-10-18 07:00:00,2022-10-18 07:00:00,2022-10-18 07:00:00,730,1,-0.35941423956503044,0.35941423956503044,"{'regressor__model__alpha': 0.0001, 'regressor__model__hidden_layer_sizes': (64, 32), 'regressor__model__learning_rate_init': 0.0001}"
2022-10-18 07:00:00,Naive,7,1.376145599130279,0.6533973629536283,2020-10-18 07:00:00,2022-10-18 07:00:00,2022-10-18 07:00:00,730,1,,,not_applicable
2022-10-19 07:00:00,Decision Tree,7,1.2697459169549903,1.5859746489362754,2020-10-19 07:00:00,2022-10-19 07:00:00,2022-10-19 07:00:00,730,1,-0.42290985504429074,0.42290985504429074,"{'max_depth': None, 'min_samples_leaf': 1, 'min_samples_split': 20}"
2022-10-19 07:00:00,ARX,7,1.2697459169549903,1.805721208020528,2020-10-19 07:00:00,2022-10-19 07:00:00,2022-10-19 07:00:00,730,1,-0.3032104293734177,0.3032104293734177,{'model__alpha': 0.01}
2022-10-19 07:00:00,Random Forest,7,1.2697459169549903,1.5398095879035896,2020-10-19 07:00:00,2022-10-19 07:00:00,2022-10-19 07:00:00,730,1,-0.28640559026943707,0.28640559026943707,"{'max_depth': 10, 'max_features': 0.5, 'min_samples_leaf': 2, 'n_estimators': 100}"
2022-10-19 07:00:00,Neural Network,7,1.2697459169549903,2.075877119466527,2020-10-19 07:00:00,2022-10-19 07:00:00,2022-10-19 07:00:00,730,1,-0.35941423956503044,0.35941423956503044,"{'regressor__model__alpha': 0.0001, 'regressor__model__hidden_layer_sizes': (64, 32), 'regressor__model__learning_rate_init': 0.0001}"
2022-10-19 07:00:00,Naive,7,1.2697459169549903,1.376145599130279,2020-10-19 07:00:00,2022-10-19 07:00:00,2022-10-19 07:00:00,730,1,,,not_applicable
2022-10-20 07:00:00,Decision Tree,7,0.7656508418781183,0.6884974875522379,2020-10-20 07:00:00,2022-10-20 07:00:00,2022-10-20 07:00:00,730,1,-0.42290985504429074,0.42290985504429074,"{'max_depth': None, 'min_samples_leaf': 1, 'min_samples_split': 20}"
2022-10-20 07:00:00,ARX,7,0.7656508418781183,1.1508059266709958,2020-10-20 07:00:00,2022-10-20 07:00:00,2022-10-20 07:00:00,730,1,-0.3032104293734177,0.3032104293734177,{'model__alpha': 0.01}
2022-10-20 07:00:00,Random Forest,7,0.7656508418781183,1.1708881551218404,2020-10-20 07:00:00,2022-10-20 07:00:00,2022-10-20 07:00:00,730,1,-0.28640559026943707,0.28640559026943707,"{'max_depth': 10, 'max_features': 0.5, 'min_samples_leaf': 2, 'n_estimators': 100}"
2022-10-20 07:00:00,Neural Network,7,0.7656508418781183,1.2593948287962913,2020-10-20 07:00:00,2022-10-20 07:00:00,2022-10-20 07:00:00,730,1,-0.35941423956503044,0.35941423956503044,"{'regressor__model__alpha': 0.0001, 'regressor__model__hidden_layer_sizes': (64, 32), 'regressor__model__learning_rate_init': 0.0001}"
2022-10-20 07:00:00,Naive,7,0.7656508418781183,1.2697459169549903,2020-10-20 07:00:00,2022-10-20 07:00:00,2022-10-20 07:00:00,730,1,,,not_applicable
2022-10-21 07:00:00,Decision Tree,7,0.8314566495389203,1.95869110499079,2020-10-21 07:00:00,2022-10-21 07:00:00,2022-10-21 07:00:00,730,1,-0.42290985504429074,0.42290985504429074,"{'max_depth': None, 'min_samples_leaf': 1, 'min_samples_split': 20}"
2022-10-21 07:00:00,ARX,7,0.8314566495389203,1.2611055439055263,2020-10-21 07:00:00,2022-10-21 07:00:00,2022-10-21 07:00:00,730,1,-0.3032104293734177,0.3032104293734177,{'model__alpha': 0.01}
2022-10-21 07:00:00,Random Forest,7,0.8314566495389203,1.0851774578114581,2020-10-21 07:00:00,2022-10-21 07:00:00,2022-10-21 07:00:00,730,1,-0.28640559026943707,0.28640559026943707,"{'max_depth': 10, 'max_features': 0.5, 'min_samples_leaf': 2, 'n_estimators': 100}"
2022-10-21 07:00:00,Neural Network,7,0.8314566495389203,1.4204057604088665,2020-10-21 07:00:00,2022-10-21 07:00:00,2022-10-21 07:00:00,730,1,-0.35941423956503044,0.35941423956503044,"{'regressor__model__alpha': 0.0001, 'regressor__model__hidden_layer_sizes': (64, 32), 'regressor__model__learning_rate_init': 0.0001}"
2022-10-21 07:00:00,Naive,7,0.8314566495389203,0.7656508418781183,2020-10-21 07:00:00,2022-10-21 07:00:00,2022-10-21 07:00:00,730,1,,,not_applicable
2022-10-22 07:00:00,Decision Tree,7,0.4573011875329837,0.22042448096986741,2020-10-22 07:00:00,2022-10-22 07:00:00,2022-10-22 07:00:00,730,1,-0.42290985504429074,0.42290985504429074,"{'max_depth': None, 'min_samples_leaf': 1, 'min_samples_split': 20}"
2022-10-22 07:00:00,ARX,7,0.4573011875329837,0.7369392868235567,2020-10-22 07:00:00,2022-10-22 07:00:00,2022-10-22 07:00:00,730,1,-0.3032104293734177,0.3032104293734177,{'model__alpha': 0.01}
2022-10-22 07:00:00,Random Forest,7,0.4573011875329837,0.33385923886730073,2020-10-22 07:00:00,2022-10-22 07:00:00,2022-10-22 07:00:00,730,1,-0.28640559026943707,0.28640559026943707,"{'max_depth': 10, 'max_features': 0.5, 'min_samples_leaf': 2, 'n_estimators': 100}"
2022-10-22 07:00:00,Neural Network,7,0.4573011875329837,0.7130877976183646,2020-10-22 07:00:00,2022-10-22 07:00:00,2022-10-22 07:00:00,730,1,-0.35941423956503044,0.35941423956503044,"{'regressor__model__alpha': 0.0001, 'regressor__model__hidden_layer_sizes': (64, 32), 'regressor__model__learning_rate_init': 0.0001}"
2022-10-22 07:00:00,Naive,7,0.4573011875329837,0.8314566495389203,2020-10-22 07:00:00,2022-10-22 07:00:00,2022-10-22 07:00:00,730,1,,,not_applicable
2022-10-23 07:00:00,Decision Tree,7,0.11403707258038744,0.01583106012639684,2020-10-23 07:00:00,2022-10-23 07:00:00,2022-10-23 07:00:00,730,1,-0.42290985504429074,0.42290985504429074,"{'max_depth': None, 'min_samples_leaf': 1, 'min_samples_split': 20}"
2022-10-23 07:00:00,ARX,7,0.11403707258038744,0.38478224175255504,2020-10-23 07:00:00,2022-10-23 07:00:00,2022-10-23 07:00:00,730,1,-0.3032104293734177,0.3032104293734177,{'model__alpha': 0.01}
2022-10-23 07:00:00,Random Forest,7,0.11403707258038744,0.03262695853827936,2020-10-23 07:00:00,2022-10-23 07:00:00,2022-10-23 07:00:00,730,1,-0.28640559026943707,0.28640559026943707,"{'max_depth': 10, 'max_features': 0.5, 'min_samples_leaf': 2, 'n_estimators': 100}"
2022-10-23 07:00:00,Neural Network,7,0.11403707258038744,0.3980285815906843,2020-10-23 07:00:00,2022-10-23 07:00:00,2022-10-23 07:00:00,730,1,-0.35941423956503044,0.35941423956503044,"{'regressor__model__alpha': 0.0001, 'regressor__model__hidden_layer_sizes': (64, 32), 'regressor__model__learning_rate_init': 0.0001}"
2022-10-23 07:00:00,Naive,7,0.11403707258038744,0.4573011875329837,2020-10-23 07:00:00,2022-10-23 07:00:00,2022-10-23 07:00:00,730,1,,,not_applicable
2022-10-24 07:00:00,Decision Tree,7,0.04036874758729967,0.8158628736702237,2020-10-24 07:00:00,2022-10-24 07:00:00,2022-10-24 07:00:00,730,1,-0.42290985504429074,0.42290985504429074,"{'max_depth': None, 'min_samples_leaf': 1, 'min_samples_split': 20}"
2022-10-24 07:00:00,ARX,7,0.04036874758729967,0.5651205570599938,2020-10-24 07:00:00,2022-10-24 07:00:00,2022-10-24 07:00:00,730,1,-0.3032104293734177,0.3032104293734177,{'model__alpha': 0.01}
2022-10-24 07:00:00,Random Forest,7,0.04036874758729967,0.5673651580759479,2020-10-24 07:00:00,2022-10-24 07:00:00,2022-10-24 07:00:00,730,1,-0.28640559026943707,0.28640559026943707,"{'max_depth': 10, 'max_features': 0.5, 'min_samples_leaf': 2, 'n_estimators': 100}"
2022-10-24 07:00:00,Neural Network,7,0.04036874758729967,0.5392502424626169,2020-10-24 07:00:00,2022-10-24 07:00:00,2022-10-24 07:00:00,730,1,-0.35941423956503044,0.35941423956503044,"{'regressor__model__alpha': 0.0001, 'regressor__model__hidden_layer_sizes': (64, 32), 'regressor__model__learning_rate_init': 0.0001}"
2022-10-24 07:00:00,Naive,7,0.04036874758729967,0.11403707258038744,2020-10-24 07:00:00,2022-10-24 07:00:00,2022-10-24 07:00:00,730,1,,,not_applicable
2022-10-25 07:00:00,Decision Tree,7,0.2103023424176255,0.6303342038284441,2020-10-25 07:00:00,2022-10-25 07:00:00,2022-10-25 07:00:00,730,1,-0.42290985504429074,0.42290985504429074,"{'max_depth': None, 'min_samples_leaf': 1, 'min_samples_split': 20}"
2022-10-25 07:00:00,ARX,7,0.2103023424176255,0.6615259260412971,2020-10-25 07:00:00,2022-10-25 07:00:00,2022-10-25 07:00:00,730,1,-0.3032104293734177,0.3032104293734177,{'model__alpha': 0.01}
2022-10-25 07:00:00,Random Forest,7,0.2103023424176255,0.5093136628083744,2020-10-25 07:00:00,2022-10-25 07:00:00,2022-10-25 07:00:00,730,1,-0.28640559026943707,0.28640559026943707,"{'max_depth': 10, 'max_features': 0.5, 'min_samples_leaf': 2, 'n_estimators': 100}"
2022-10-25 07:00:00,Neural Network,7,0.2103023424176255,0.7950736089553265,2020-10-25 07:00:00,2022-10-25 07:00:00,2022-10-25 07:00:00,730,1,-0.35941423956503044,0.35941423956503044,"{'regressor__model__alpha': 0.0001, 'regressor__model__hidden_layer_sizes': (64, 32), 'regressor__model__learning_rate_init': 0.0001}"
2022-10-25 07:00:00,Naive,7,0.2103023424176255,0.04036874758729967,2020-10-25 07:00:00,2022-10-25 07:00:00,2022-10-25 07:00:00,730,1,,,not_applicable
2022-10-26 07:00:00,Decision Tree,7,0.5922888190866149,1.078217260762082,2020-10-26 07:00:00,2022-10-26 07:00:00,2022-10-26 07:00:00,730,1,-0.42290985504429074,0.42290985504429074,"{'max_depth': None, 'min_samples_leaf': 1, 'min_samples_split': 20}"
2022-10-26 07:00:00,ARX,7,0.5922888190866149,1.083461012825619,2020-10-26 07:00:00,2022-10-26 07:00:00,2022-10-26 07:00:00,730,1,-0.3032104293734177,0.3032104293734177,{'model__alpha': 0.01}
2022-10-26 07:00:00,Random Forest,7,0.5922888190866149,0.7929161859265845,2020-10-26 07:00:00,2022-10-26 07:00:00,2022-10-26 07:00:00,730,1,-0.28640559026943707,0.28640559026943707,"{'max_depth': 10, 'max_features': 0.5, 'min_samples_leaf': 2, 'n_estimators': 100}"
2022-10-26 07:00:00,Neural Network,7,0.5922888190866149,0.7105364304109568,2020-10-26 07:00:00,2022-10-26 07:00:00,2022-10-26 07:00:00,730,1,-0.35941423956503044,0.35941423956503044,"{'regressor__model__alpha': 0.0001, 'regressor__model__hidden_layer_sizes': (64, 32), 'regressor__model__learning_rate_init': 0.0001}"
2022-10-26 07:00:00,Naive,7,0.5922888190866149,0.2103023424176255,2020-10-26 07:00:00,2022-10-26 07:00:00,2022-10-26 07:00:00,730,1,,,not_applicable
2022-10-27 07:00:00,Decision Tree,7,0.7874328322317622,0.7185489880033378,2020-10-27 07:00:00,2022-10-27 07:00:00,2022-10-27 07:00:00,730,1,-0.42290985504429074,0.42290985504429074,"{'max_depth': None, 'min_samples_leaf': 1, 'min_samples_split': 20}"
2022-10-27 07:00:00,ARX,7,0.7874328322317622,0.8508031116943788,2020-10-27 07:00:00,2022-10-27 07:00:00,2022-10-27 07:00:00,730,1,-0.3032104293734177,0.3032104293734177,{'model__alpha': 0.01}
2022-10-27 07:00:00,Random Forest,7,0.7874328322317622,0.7216205702221172,2020-10-27 07:00:00,2022-10-27 07:00:00,2022-10-27 07:00:00,730,1,-0.28640559026943707,0.28640559026943707,"{'max_depth': 10, 'max_features': 0.5, 'min_samples_leaf': 2, 'n_estimators': 100}"
2022-10-27 07:00:00,Neural Network,7,0.7874328322317622,0.6346797389508905,2020-10-27 07:00:00,2022-10-27 07:00:00,2022-10-27 07:00:00,730,1,-0.35941423956503044,0.35941423956503044,"{'regressor__model__alpha': 0.0001, 'regressor__model__hidden_layer_sizes': (64, 32), 'regressor__model__learning_rate_init': 0.0001}"
2022-10-27 07:00:00,Naive,7,0.7874328322317622,0.5922888190866149,2020-10-27 07:00:00,2022-10-27 07:00:00,2022-10-27 07:00:00,730,1,,,not_applicable
2022-10-28 07:00:00,Decision Tree,7,0.3008429842896163,0.7226009788403038,2020-10-28 07:00:00,2022-10-28 07:00:00,2022-10-28 07:00:00,730,1,-0.42290985504429074,0.42290985504429074,"{'max_depth': None, 'min_samples_leaf': 1, 'min_samples_split': 20}"
2022-10-28 07:00:00,ARX,7,0.3008429842896163,0.7267067889988794,2020-10-28 07:00:00,2022-10-28 07:00:00,2022-10-28 07:00:00,730,1,-0.3032104293734177,0.3032104293734177,{'model__alpha': 0.01}
2022-10-28 07:00:00,Random Forest,7,0.3008429842896163,0.6389688174414458,2020-10-28 07:00:00,2022-10-28 07:00:00,2022-10-28 07:00:00,730,1,-0.28640559026943707,0.28640559026943707,"{'max_depth': 10, 'max_features': 0.5, 'min_samples_leaf': 2, 'n_estimators': 100}"
2022-10-28 07:00:00,Neural Network,7,0.3008429842896163,0.43792220110567137,2020-10-28 07:00:00,2022-10-28 07:00:00,2022-10-28 07:00:00,730,1,-0.35941423956503044,0.35941423956503044,"{'regressor__model__alpha': 0.0001, 'regressor__model__hidden_layer_sizes': (64, 32), 'regressor__model__learning_rate_init': 0.0001}"
2022-10-28 07:00:00,Naive,7,0.3008429842896163,0.7874328322317622,2020-10-28 07:00:00,2022-10-28 07:00:00,2022-10-28 07:00:00,730,1,,,not_applicable
2022-10-29 07:00:00,Decision Tree,7,0.0005742301399698403,-0.08423912190758324,2020-10-29 07:00:00,2022-10-29 07:00:00,2022-10-29 07:00:00,730,1,-0.42290985504429074,0.42290985504429074,"{'max_depth': None, 'min_samples_leaf': 1, 'min_samples_split': 20}"
2022-10-29 07:00:00,ARX,7,0.0005742301399698403,0.24053661094826717,2020-10-29 07:00:00,2022-10-29 07:00:00,2022-10-29 07:00:00,730,1,-0.3032104293734177,0.3032104293734177,{'model__alpha': 0.01}
2022-10-29 07:00:00,Random Forest,7,0.0005742301399698403,-0.02409975962951664,2020-10-29 07:00:00,2022-10-29 07:00:00,2022-10-29 07:00:00,730,1,-0.28640559026943707,0.28640559026943707,"{'max_depth': 10, 'max_features': 0.5, 'min_samples_leaf': 2, 'n_estimators': 100}"
2022-10-29 07:00:00,Neural Network,7,0.0005742301399698403,0.058436202288257855,2020-10-29 07:00:00,2022-10-29 07:00:00,2022-10-29 07:00:00,730,1,-0.35941423956503044,0.35941423956503044,"{'regressor__model__alpha': 0.0001, 'regressor__model__hidden_layer_sizes': (64, 32), 'regressor__model__learning_rate_init': 0.0001}"
2022-10-29 07:00:00,Naive,7,0.0005742301399698403,0.3008429842896163,2020-10-29 07:00:00,2022-10-29 07:00:00,2022-10-29 07:00:00,730,1,,,not_applicable
2022-10-30 07:00:00,Decision Tree,7,0.0990548352576257,0.7441741654265172,2020-10-30 07:00:00,2022-10-30 07:00:00,2022-10-30 07:00:00,730,1,-0.42290985504429074,0.42290985504429074,"{'max_depth': None, 'min_samples_leaf': 1, 'min_samples_split': 20}"
2022-10-30 07:00:00,ARX,7,0.0990548352576257,-0.09361705332677173,2020-10-30 07:00:00,2022-10-30 07:00:00,2022-10-30 07:00:00,730,1,-0.3032104293734177,0.3032104293734177,{'model__alpha': 0.01}
2022-10-30 07:00:00,Random Forest,7,0.0990548352576257,-0.10356888989905112,2020-10-30 07:00:00,2022-10-30 07:00:00,2022-10-30 07:00:00,730,1,-0.28640559026943707,0.28640559026943707,"{'max_depth': 10, 'max_features': 0.5, 'min_samples_leaf': 2, 'n_estimators': 100}"
2022-10-30 07:00:00,Neural Network,7,0.0990548352576257,-0.22003415891255473,2020-10-30 07:00:00,2022-10-30 07:00:00,2022-10-30 07:00:00,730,1,-0.35941423956503044,0.35941423956503044,"{'regressor__model__alpha': 0.0001, 'regressor__model__hidden_layer_sizes': (64, 32), 'regressor__model__learning_rate_init': 0.0001}"
2022-10-30 07:00:00,Naive,7,0.0990548352576257,0.0005742301399698403,2020-10-30 07:00:00,2022-10-30 07:00:00,2022-10-30 07:00:00,730,1,,,not_applicable
2022-10-31 07:00:00,Decision Tree,7,0.6868664921490645,0.7441741654265172,2020-10-31 07:00:00,2022-10-31 07:00:00,2022-10-31 07:00:00,730,1,-0.42290985504429074,0.42290985504429074,"{'max_depth': None, 'min_samples_leaf': 1, 'min_samples_split': 20}"
2022-10-31 07:00:00,ARX,7,0.6868664921490645,0.8097914291903271,2020-10-31 07:00:00,2022-10-31 07:00:00,2022-10-31 07:00:00,730,1,-0.3032104293734177,0.3032104293734177,{'model__alpha': 0.01}
2022-10-31 07:00:00,Random Forest,7,0.6868664921490645,0.602919145352975,2020-10-31 07:00:00,2022-10-31 07:00:00,2022-10-31 07:00:00,730,1,-0.28640559026943707,0.28640559026943707,"{'max_depth': 10, 'max_features': 0.5, 'min_samples_leaf': 2, 'n_estimators': 100}"
2022-10-31 07:00:00,Neural Network,7,0.6868664921490645,0.7940228054902384,2020-10-31 07:00:00,2022-10-31 07:00:00,2022-10-31 07:00:00,730,1,-0.35941423956503044,0.35941423956503044,"{'regressor__model__alpha': 0.0001, 'regressor__model__hidden_layer_sizes': (64, 32), 'regressor__model__learning_rate_init': 0.0001}"
2022-10-31 07:00:00,Naive,7,0.6868664921490645,0.0990548352576257,2020-10-31 07:00:00,2022-10-31 07:00:00,2022-10-31 07:00:00,730,1,,,not_applicable
2022-11-01 07:00:00,Decision Tree,7,-0.27248363696081457,0.19191907940598635,2020-11-01 07:00:00,2022-11-01 07:00:00,2022-11-01 07:00:00,730,1,-0.42290985504429074,0.42290985504429074,"{'max_depth': None, 'min_samples_leaf': 1, 'min_samples_split': 20}"
2022-11-01 07:00:00,ARX,7,-0.27248363696081457,-0.2523575449371944,2020-11-01 07:00:00,2022-11-01 07:00:00,2022-11-01 07:00:00,730,1,-0.3032104293734177,0.3032104293734177,{'model__alpha': 0.01}
2022-11-01 07:00:00,Random Forest,7,-0.27248363696081457,0.4023752146070819,2020-11-01 07:00:00,2022-11-01 07:00:00,2022-11-01 07:00:00,730,1,-0.28640559026943707,0.28640559026943707,"{'max_depth': 10, 'max_features': 0.5, 'min_samples_leaf': 2, 'n_estimators': 100}"
2022-11-01 07:00:00,Neural Network,7,-0.27248363696081457,0.15571265925785704,2020-11-01 07:00:00,2022-11-01 07:00:00,2022-11-01 07:00:00,730,1,-0.35941423956503044,0.35941423956503044,"{'regressor__model__alpha': 0.0001, 'regressor__model__hidden_layer_sizes': (64, 32), 'regressor__model__learning_rate_init': 0.0001}"
2022-11-01 07:00:00,Naive,7,-0.27248363696081457,0.6868664921490645,2020-11-01 07:00:00,2022-11-01 07:00:00,2022-11-01 07:00:00,730,1,,,not_applicable
2022-11-02 07:00:00,Decision Tree,7,-0.055871763903205744,-0.014853100315158537,2020-11-02 07:00:00,2022-11-02 07:00:00,2022-11-02 07:00:00,730,1,-0.42290985504429074,0.42290985504429074,"{'max_depth': None, 'min_samples_leaf': 1, 'min_samples_split': 20}"
2022-11-02 07:00:00,ARX,7,-0.055871763903205744,-0.20059702023468362,2020-11-02 07:00:00,2022-11-02 07:00:00,2022-11-02 07:00:00,730,1,-0.3032104293734177,0.3032104293734177,{'model__alpha': 0.01}
2022-11-02 07:00:00,Random Forest,7,-0.055871763903205744,0.16456823222055805,2020-11-02 07:00:00,2022-11-02 07:00:00,2022-11-02 07:00:00,730,1,-0.28640559026943707,0.28640559026943707,"{'max_depth': 10, 'max_features': 0.5, 'min_samples_leaf': 2, 'n_estimators': 100}"
2022-11-02 07:00:00,Neural Network,7,-0.055871763903205744,-0.1412756667717714,2020-11-02 07:00:00,2022-11-02 07:00:00,2022-11-02 07:00:00,730,1,-0.35941423956503044,0.35941423956503044,"{'regressor__model__alpha': 0.0001, 'regressor__model__hidden_layer_sizes': (64, 32), 'regressor__model__learning_rate_init': 0.0001}"
2022-11-02 07:00:00,Naive,7,-0.055871763903205744,-0.27248363696081457,2020-11-02 07:00:00,2022-11-02 07:00:00,2022-11-02 07:00:00,730,1,,,not_applicable
2022-11-03 07:00:00,Decision Tree,7,-0.02670932952540421,0.7370107062668356,2020-11-03 07:00:00,2022-11-03 07:00:00,2022-11-03 07:00:00,730,1,-0.42290985504429074,0.42290985504429074,"{'max_depth': None, 'min_samples_leaf': 1, 'min_samples_split': 20}"
2022-11-03 07:00:00,ARX,7,-0.02670932952540421,0.36269593474375794,2020-11-03 07:00:00,2022-11-03 07:00:00,2022-11-03 07:00:00,730,1,-0.3032104293734177,0.3032104293734177,{'model__alpha': 0.01}
2022-11-03 07:00:00,Random Forest,7,-0.02670932952540421,0.37492864504429063,2020-11-03 07:00:00,2022-11-03 07:00:00,2022-11-03 07:00:00,730,1,-0.28640559026943707,0.28640559026943707,"{'max_depth': 10, 'max_features': 0.5, 'min_samples_leaf': 2, 'n_estimators': 100}"
2022-11-03 07:00:00,Neural Network,7,-0.02670932952540421,0.3655402887758461,2020-11-03 07:00:00,2022-11-03 07:00:00,2022-11-03 07:00:00,730,1,-0.35941423956503044,0.35941423956503044,"{'regressor__model__alpha': 0.0001, 'regressor__model__hidden_layer_sizes': (64, 32), 'regressor__model__learning_rate_init': 0.0001}"
2022-11-03 07:00:00,Naive,7,-0.02670932952540421,-0.055871763903205744,2020-11-03 07:00:00,2022-11-03 07:00:00,2022-11-03 07:00:00,730,1,,,not_applicable
2022-11-04 07:00:00,Decision Tree,7,1.0109628545108134,0.8071600347411261,2020-11-04 07:00:00,2022-11-04 07:00:00,2022-11-04 07:00:00,730,1,-0.42290985504429074,0.42290985504429074,"{'max_depth': None, 'min_samples_leaf': 1, 'min_samples_split': 20}"
2022-11-04 07:00:00,ARX,7,1.0109628545108134,0.6233557788959536,2020-11-04 07:00:00,2022-11-04 07:00:00,2022-11-04 07:00:00,730,1,-0.3032104293734177,0.3032104293734177,{'model__alpha': 0.01}
2022-11-04 07:00:00,Random Forest,7,1.0109628545108134,0.6527762945735947,2020-11-04 07:00:00,2022-11-04 07:00:00,2022-11-04 07:00:00,730,1,-0.28640559026943707,0.28640559026943707,"{'max_depth': 10, 'max_features': 0.5, 'min_samples_leaf': 2, 'n_estimators': 100}"
2022-11-04 07:00:00,Neural Network,7,1.0109628545108134,0.3842765561833634,2020-11-04 07:00:00,2022-11-04 07:00:00,2022-11-04 07:00:00,730,1,-0.35941423956503044,0.35941423956503044,"{'regressor__model__alpha': 0.0001, 'regressor__model__hidden_layer_sizes': (64, 32), 'regressor__model__learning_rate_init': 0.0001}"
2022-11-04 07:00:00,Naive,7,1.0109628545108134,-0.02670932952540421,2020-11-04 07:00:00,2022-11-04 07:00:00,2022-11-04 07:00:00,730,1,,,not_applicable
2022-11-05 07:00:00,Decision Tree,7,0.43681795028061027,0.337060626421008,2020-11-05 07:00:00,2022-11-05 07:00:00,2022-11-05 07:00:00,730,1,-0.42290985504429074,0.42290985504429074,"{'max_depth': None, 'min_samples_leaf': 1, 'min_samples_split': 20}"
2022-11-05 07:00:00,ARX,7,0.43681795028061027,0.45527817415231575,2020-11-05 07:00:00,2022-11-05 07:00:00,2022-11-05 07:00:00,730,1,-0.3032104293734177,0.3032104293734177,{'model__alpha': 0.01}
2022-11-05 07:00:00,Random Forest,7,0.43681795028061027,0.34897303005713526,2020-11-05 07:00:00,2022-11-05 07:00:00,2022-11-05 07:00:00,730,1,-0.28640559026943707,0.28640559026943707,"{'max_depth': 10, 'max_features': 0.5, 'min_samples_leaf': 2, 'n_estimators': 100}"
2022-11-05 07:00:00,Neural Network,7,0.43681795028061027,0.5358010412862662,2020-11-05 07:00:00,2022-11-05 07:00:00,2022-11-05 07:00:00,730,1,-0.35941423956503044,0.35941423956503044,"{'regressor__model__alpha': 0.0001, 'regressor__model__hidden_layer_sizes': (64, 32), 'regressor__model__learning_rate_init': 0.0001}"
2022-11-05 07:00:00,Naive,7,0.43681795028061027,1.0109628545108134,2020-11-05 07:00:00,2022-11-05 07:00:00,2022-11-05 07:00:00,730,1,,,not_applicable
2022-11-06 07:00:00,Decision Tree,7,-0.7479150613908259,-0.811126623058072,2020-11-06 07:00:00,2022-11-06 07:00:00,2022-11-06 07:00:00,730,1,-0.42290985504429074,0.42290985504429074,"{'max_depth': None, 'min_samples_leaf': 1, 'min_samples_split': 20}"
2022-11-06 07:00:00,ARX,7,-0.7479150613908259,-0.5458461921536346,2020-11-06 07:00:00,2022-11-06 07:00:00,2022-11-06 07:00:00,730,1,-0.3032104293734177,0.3032104293734177,{'model__alpha': 0.01}
2022-11-06 07:00:00,Random Forest,7,-0.7479150613908259,-0.8651807260473479,2020-11-06 07:00:00,2022-11-06 07:00:00,2022-11-06 07:00:00,730,1,-0.28640559026943707,0.28640559026943707,"{'max_depth': 10, 'max_features': 0.5, 'min_samples_leaf': 2, 'n_estimators': 100}"
2022-11-06 07:00:00,Neural Network,7,-0.7479150613908259,-0.7011437972283274,2020-11-06 07:00:00,2022-11-06 07:00:00,2022-11-06 07:00:00,730,1,-0.35941423956503044,0.35941423956503044,"{'regressor__model__alpha': 0.0001, 'regressor__model__hidden_layer_sizes': (64, 32), 'regressor__model__learning_rate_init': 0.0001}"
2022-11-06 07:00:00,Naive,7,-0.7479150613908259,0.43681795028061027,2020-11-06 07:00:00,2022-11-06 07:00:00,2022-11-06 07:00:00,730,1,,,not_applicable
2022-11-07 07:00:00,Decision Tree,7,-0.041583798511922836,0.34231101188730284,2020-11-07 07:00:00,2022-11-07 07:00:00,2022-11-07 07:00:00,730,1,-0.42290985504429074,0.42290985504429074,"{'max_depth': None, 'min_samples_leaf': 1, 'min_samples_split': 20}"
2022-11-07 07:00:00,ARX,7,-0.041583798511922836,0.09886562405332366,2020-11-07 07:00:00,2022-11-07 07:00:00,2022-11-07 07:00:00,730,1,-0.3032104293734177,0.3032104293734177,{'model__alpha': 0.01}
2022-11-07 07:00:00,Random Forest,7,-0.041583798511922836,0.20627100561785552,2020-11-07 07:00:00,2022-11-07 07:00:00,2022-11-07 07:00:00,730,1,-0.28640559026943707,0.28640559026943707,"{'max_depth': 10, 'max_features': 0.5, 'min_samples_leaf': 2, 'n_estimators': 100}"
2022-11-07 07:00:00,Neural Network,7,-0.041583798511922836,0.28607447874391756,2020-11-07 07:00:00,2022-11-07 07:00:00,2022-11-07 07:00:00,730,1,-0.35941423956503044,0.35941423956503044,"{'regressor__model__alpha': 0.0001, 'regressor__model__hidden_layer_sizes': (64, 32), 'regressor__model__learning_rate_init': 0.0001}"
2022-11-07 07:00:00,Naive,7,-0.041583798511922836,-0.7479150613908259,2020-11-07 07:00:00,2022-11-07 07:00:00,2022-11-07 07:00:00,730,1,,,not_applicable
2022-11-08 07:00:00,Decision Tree,7,0.2911479493991418,0.7509237594812049,2020-11-08 07:00:00,2022-11-08 07:00:00,2022-11-08 07:00:00,730,1,-0.42290985504429074,0.42290985504429074,"{'max_depth': None, 'min_samples_leaf': 1, 'min_samples_split': 20}"
2022-11-08 07:00:00,ARX,7,0.2911479493991418,0.22652565225881682,2020-11-08 07:00:00,2022-11-08 07:00:00,2022-11-08 07:00:00,730,1,-0.3032104293734177,0.3032104293734177,{'model__alpha': 0.01}
2022-11-08 07:00:00,Random Forest,7,0.2911479493991418,0.26519494116099973,2020-11-08 07:00:00,2022-11-08 07:00:00,2022-11-08 07:00:00,730,1,-0.28640559026943707,0.28640559026943707,"{'max_depth': 10, 'max_features': 0.5, 'min_samples_leaf': 2, 'n_estimators': 100}"
2022-11-08 07:00:00,Neural Network,7,0.2911479493991418,0.09654723684300182,2020-11-08 07:00:00,2022-11-08 07:00:00,2022-11-08 07:00:00,730,1,-0.35941423956503044,0.35941423956503044,"{'regressor__model__alpha': 0.0001, 'regressor__model__hidden_layer_sizes': (64, 32), 'regressor__model__learning_rate_init': 0.0001}"
2022-11-08 07:00:00,Naive,7,0.2911479493991418,-0.041583798511922836,2020-11-08 07:00:00,2022-11-08 07:00:00,2022-11-08 07:00:00,730,1,,,not_applicable
2022-11-09 07:00:00,Decision Tree,7,0.495944638222541,0.7509237594812049,2020-11-09 07:00:00,2022-11-09 07:00:00,2022-11-09 07:00:00,730,1,-0.42290985504429074,0.42290985504429074,"{'max_depth': None, 'min_samples_leaf': 1, 'min_samples_split': 20}"
2022-11-09 07:00:00,ARX,7,0.495944638222541,0.23831136295694333,2020-11-09 07:00:00,2022-11-09 07:00:00,2022-11-09 07:00:00,730,1,-0.3032104293734177,0.3032104293734177,{'model__alpha': 0.01}
2022-11-09 07:00:00,Random Forest,7,0.495944638222541,0.4018015024114547,2020-11-09 07:00:00,2022-11-09 07:00:00,2022-11-09 07:00:00,730,1,-0.28640559026943707,0.28640559026943707,"{'max_depth': 10, 'max_features': 0.5, 'min_samples_leaf': 2, 'n_estimators': 100}"
2022-11-09 07:00:00,Neural Network,7,0.495944638222541,0.07647338063330422,2020-11-09 07:00:00,2022-11-09 07:00:00,2022-11-09 07:00:00,730,1,-0.35941423956503044,0.35941423956503044,"{'regressor__model__alpha': 0.0001, 'regressor__model__hidden_layer_sizes': (64, 32), 'regressor__model__learning_rate_init': 0.0001}"
2022-11-09 07:00:00,Naive,7,0.495944638222541,0.2911479493991418,2020-11-09 07:00:00,2022-11-09 07:00:00,2022-11-09 07:00:00,730,1,,,not_applicable
2022-11-10 07:00:00,Decision Tree,7,0.8046356894706966,0.585598245684056,2020-11-10 07:00:00,2022-11-10 07:00:00,2022-11-10 07:00:00,730,1,-0.42290985504429074,0.42290985504429074,"{'max_depth': None, 'min_samples_leaf': 1, 'min_samples_split': 20}"
2022-11-10 07:00:00,ARX,7,0.8046356894706966,0.6331699896104048,2020-11-10 07:00:00,2022-11-10 07:00:00,2022-11-10 07:00:00,730,1,-0.3032104293734177,0.3032104293734177,{'model__alpha': 0.01}
2022-11-10 07:00:00,Random Forest,7,0.8046356894706966,0.7540997697070886,2020-11-10 07:00:00,2022-11-10 07:00:00,2022-11-10 07:00:00,730,1,-0.28640559026943707,0.28640559026943707,"{'max_depth': 10, 'max_features': 0.5, 'min_samples_leaf': 2, 'n_estimators': 100}"
2022-11-10 07:00:00,Neural Network,7,0.8046356894706966,0.3695259962265387,2020-11-10 07:00:00,2022-11-10 07:00:00,2022-11-10 07:00:00,730,1,-0.35941423956503044,0.35941423956503044,"{'regressor__model__alpha': 0.0001, 'regressor__model__hidden_layer_sizes': (64, 32), 'regressor__model__learning_rate_init': 0.0001}"
2022-11-10 07:00:00,Naive,7,0.8046356894706966,0.495944638222541,2020-11-10 07:00:00,2022-11-10 07:00:00,2022-11-10 07:00:00,730,1,,,not_applicable
2022-11-11 07:00:00,Decision Tree,7,0.3436489311278549,0.01154304568733461,2020-11-11 07:00:00,2022-11-11 07:00:00,2022-11-11 07:00:00,730,1,-0.42290985504429074,0.42290985504429074,"{'max_depth': None, 'min_samples_leaf': 1, 'min_samples_split': 20}"
2022-11-11 07:00:00,ARX,7,0.3436489311278549,0.4588378821601802,2020-11-11 07:00:00,2022-11-11 07:00:00,2022-11-11 07:00:00,730,1,-0.3032104293734177,0.3032104293734177,{'model__alpha': 0.01}
2022-11-11 07:00:00,Random Forest,7,0.3436489311278549,0.48605801785591835,2020-11-11 07:00:00,2022-11-11 07:00:00,2022-11-11 07:00:00,730,1,-0.28640559026943707,0.28640559026943707,"{'max_depth': 10, 'max_features': 0.5, 'min_samples_leaf': 2, 'n_estimators': 100}"
2022-11-11 07:00:00,Neural Network,7,0.3436489311278549,0.33735026834414095,2020-11-11 07:00:00,2022-11-11 07:00:00,2022-11-11 07:00:00,730,1,-0.35941423956503044,0.35941423956503044,"{'regressor__model__alpha': 0.0001, 'regressor__model__hidden_layer_sizes': (64, 32), 'regressor__model__learning_rate_init': 0.0001}"
2022-11-11 07:00:00,Naive,7,0.3436489311278549,0.8046356894706966,2020-11-11 07:00:00,2022-11-11 07:00:00,2022-11-11 07:00:00,730,1,,,not_applicable
2022-11-12 07:00:00,Decision Tree,7,0.7089387191596823,0.3909403112175269,2020-11-12 07:00:00,2022-11-12 07:00:00,2022-11-12 07:00:00,730,1,-0.42290985504429074,0.42290985504429074,"{'max_depth': None, 'min_samples_leaf': 1, 'min_samples_split': 20}"
2022-11-12 07:00:00,ARX,7,0.7089387191596823,0.430637169011191,2020-11-12 07:00:00,2022-11-12 07:00:00,2022-11-12 07:00:00,730,1,-0.3032104293734177,0.3032104293734177,{'model__alpha': 0.01}
2022-11-12 07:00:00,Random Forest,7,0.7089387191596823,0.3241394640509151,2020-11-12 07:00:00,2022-11-12 07:00:00,2022-11-12 07:00:00,730,1,-0.28640559026943707,0.28640559026943707,"{'max_depth': 10, 'max_features': 0.5, 'min_samples_leaf': 2, 'n_estimators': 100}"
2022-11-12 07:00:00,Neural Network,7,0.7089387191596823,0.3476139825176492,2020-11-12 07:00:00,2022-11-12 07:00:00,2022-11-12 07:00:00,730,1,-0.35941423956503044,0.35941423956503044,"{'regressor__model__alpha': 0.0001, 'regressor__model__hidden_layer_sizes': (64, 32), 'regressor__model__learning_rate_init': 0.0001}"
2022-11-12 07:00:00,Naive,7,0.7089387191596823,0.3436489311278549,2020-11-12 07:00:00,2022-11-12 07:00:00,2022-11-12 07:00:00,730,1,,,not_applicable
2022-11-13 07:00:00,Decision Tree,7,0.4976858885748672,0.3909403112175269,2020-11-13 07:00:00,2022-11-13 07:00:00,2022-11-13 07:00:00,730,1,-0.42290985504429074,0.42290985504429074,"{'max_depth': None, 'min_samples_leaf': 1, 'min_samples_split': 20}"
2022-11-13 07:00:00,ARX,7,0.4976858885748672,0.17498870689110224,2020-11-13 07:00:00,2022-11-13 07:00:00,2022-11-13 07:00:00,730,1,-0.3032104293734177,0.3032104293734177,{'model__alpha': 0.01}
2022-11-13 07:00:00,Random Forest,7,0.4976858885748672,0.40478724461399695,2020-11-13 07:00:00,2022-11-13 07:00:00,2022-11-13 07:00:00,730,1,-0.28640559026943707,0.28640559026943707,"{'max_depth': 10, 'max_features': 0.5, 'min_samples_leaf': 2, 'n_estimators': 100}"
2022-11-13 07:00:00,Neural Network,7,0.4976858885748672,0.5544576195155353,2020-11-13 07:00:00,2022-11-13 07:00:00,2022-11-13 07:00:00,730,1,-0.35941423956503044,0.35941423956503044,"{'regressor__model__alpha': 0.0001, 'regressor__model__hidden_layer_sizes': (64, 32), 'regressor__model__learning_rate_init': 0.0001}"
2022-11-13 07:00:00,Naive,7,0.4976858885748672,0.7089387191596823,2020-11-13 07:00:00,2022-11-13 07:00:00,2022-11-13 07:00:00,730,1,,,not_applicable
2022-11-14 07:00:00,Decision Tree,7,0.9703291105975729,1.2412307535956537,2020-11-14 07:00:00,2022-11-14 07:00:00,2022-11-14 07:00:00,730,1,-0.42290985504429074,0.42290985504429074,"{'max_depth': None, 'min_samples_leaf': 1, 'min_samples_split': 20}"
2022-11-14 07:00:00,ARX,7,0.9703291105975729,0.9302056108472433,2020-11-14 07:00:00,2022-11-14 07:00:00,2022-11-14 07:00:00,730,1,-0.3032104293734177,0.3032104293734177,{'model__alpha': 0.01}
2022-11-14 07:00:00,Random Forest,7,0.9703291105975729,0.8902616452640192,2020-11-14 07:00:00,2022-11-14 07:00:00,2022-11-14 07:00:00,730,1,-0.28640559026943707,0.28640559026943707,"{'max_depth': 10, 'max_features': 0.5, 'min_samples_leaf': 2, 'n_estimators': 100}"
2022-11-14 07:00:00,Neural Network,7,0.9703291105975729,1.0076325189799444,2020-11-14 07:00:00,2022-11-14 07:00:00,2022-11-14 07:00:00,730,1,-0.35941423956503044,0.35941423956503044,"{'regressor__model__alpha': 0.0001, 'regressor__model__hidden_layer_sizes': (64, 32), 'regressor__model__learning_rate_init': 0.0001}"
2022-11-14 07:00:00,Naive,7,0.9703291105975729,0.4976858885748672,2020-11-14 07:00:00,2022-11-14 07:00:00,2022-11-14 07:00:00,730,1,,,not_applicable
2022-11-15 07:00:00,Decision Tree,7,1.0156142033749156,1.2242994009082735,2020-11-15 07:00:00,2022-11-15 07:00:00,2022-11-15 07:00:00,730,1,-0.42290985504429074,0.42290985504429074,"{'max_depth': None, 'min_samples_leaf': 1, 'min_samples_split': 20}"
2022-11-15 07:00:00,ARX,7,1.0156142033749156,1.1427897279112895,2020-11-15 07:00:00,2022-11-15 07:00:00,2022-11-15 07:00:00,730,1,-0.3032104293734177,0.3032104293734177,{'model__alpha': 0.01}
2022-11-15 07:00:00,Random Forest,7,1.0156142033749156,1.049690000951739,2020-11-15 07:00:00,2022-11-15 07:00:00,2022-11-15 07:00:00,730,1,-0.28640559026943707,0.28640559026943707,"{'max_depth': 10, 'max_features': 0.5, 'min_samples_leaf': 2, 'n_estimators': 100}"
2022-11-15 07:00:00,Neural Network,7,1.0156142033749156,1.0376170666146378,2020-11-15 07:00:00,2022-11-15 07:00:00,2022-11-15 07:00:00,730,1,-0.35941423956503044,0.35941423956503044,"{'regressor__model__alpha': 0.0001, 'regressor__model__hidden_layer_sizes': (64, 32), 'regressor__model__learning_rate_init': 0.0001}"
2022-11-15 07:00:00,Naive,7,1.0156142033749156,0.9703291105975729,2020-11-15 07:00:00,2022-11-15 07:00:00,2022-11-15 07:00:00,730,1,,,not_applicable
2022-11-16 07:00:00,Decision Tree,7,0.49635400649365785,1.21202380105337,2020-11-16 07:00:00,2022-11-16 07:00:00,2022-11-16 07:00:00,730,1,-0.42290985504429074,0.42290985504429074,"{'max_depth': None, 'min_samples_leaf': 1, 'min_samples_split': 20}"
2022-11-16 07:00:00,ARX,7,0.49635400649365785,0.7309753150726022,2020-11-16 07:00:00,2022-11-16 07:00:00,2022-11-16 07:00:00,730,1,-0.3032104293734177,0.3032104293734177,{'model__alpha': 0.01}
2022-11-16 07:00:00,Random Forest,7,0.49635400649365785,0.9128940337219049,2020-11-16 07:00:00,2022-11-16 07:00:00,2022-11-16 07:00:00,730,1,-0.28640559026943707,0.28640559026943707,"{'max_depth': 10, 'max_features': 0.5, 'min_samples_leaf': 2, 'n_estimators': 100}"
2022-11-16 07:00:00,Neural Network,7,0.49635400649365785,1.0824309360414937,2020-11-16 07:00:00,2022-11-16 07:00:00,2022-11-16 07:00:00,730,1,-0.35941423956503044,0.35941423956503044,"{'regressor__model__alpha': 0.0001, 'regressor__model__hidden_layer_sizes': (64, 32), 'regressor__model__learning_rate_init': 0.0001}"
2022-11-16 07:00:00,Naive,7,0.49635400649365785,1.0156142033749156,2020-11-16 07:00:00,2022-11-16 07:00:00,2022-11-16 07:00:00,730,1,,,not_applicable
2022-11-17 07:00:00,Decision Tree,7,-0.2339870842634619,0.07345668511310428,2020-11-17 07:00:00,2022-11-17 07:00:00,2022-11-17 07:00:00,730,1,-0.42290985504429074,0.42290985504429074,"{'max_depth': None, 'min_samples_leaf': 1, 'min_samples_split': 20}"
2022-11-17 07:00:00,ARX,7,-0.2339870842634619,0.011053055612994411,2020-11-17 07:00:00,2022-11-17 07:00:00,2022-11-17 07:00:00,730,1,-0.3032104293734177,0.3032104293734177,{'model__alpha': 0.01}
2022-11-17 07:00:00,Random Forest,7,-0.2339870842634619,0.32656138447180505,2020-11-17 07:00:00,2022-11-17 07:00:00,2022-11-17 07:00:00,730,1,-0.28640559026943707,0.28640559026943707,"{'max_depth': 10, 'max_features': 0.5, 'min_samples_leaf': 2, 'n_estimators': 100}"
2022-11-17 07:00:00,Neural Network,7,-0.2339870842634619,0.5114033848164918,2020-11-17 07:00:00,2022-11-17 07:00:00,2022-11-17 07:00:00,730,1,-0.35941423956503044,0.35941423956503044,"{'regressor__model__alpha': 0.0001, 'regressor__model__hidden_layer_sizes': (64, 32), 'regressor__model__learning_rate_init': 0.0001}"
2022-11-17 07:00:00,Naive,7,-0.2339870842634619,0.49635400649365785,2020-11-17 07:00:00,2022-11-17 07:00:00,2022-11-17 07:00:00,730,1,,,not_applicable
2022-11-18 07:00:00,Decision Tree,7,1.1202957457574247,0.6777810525976398,2020-11-18 07:00:00,2022-11-18 07:00:00,2022-11-18 07:00:00,730,1,-0.42290985504429074,0.42290985504429074,"{'max_depth': None, 'min_samples_leaf': 1, 'min_samples_split': 20}"
2022-11-18 07:00:00,ARX,7,1.1202957457574247,0.8324588668502708,2020-11-18 07:00:00,2022-11-18 07:00:00,2022-11-18 07:00:00,730,1,-0.3032104293734177,0.3032104293734177,{'model__alpha': 0.01}
2022-11-18 07:00:00,Random Forest,7,1.1202957457574247,0.8492590829183011,2020-11-18 07:00:00,2022-11-18 07:00:00,2022-11-18 07:00:00,730,1,-0.28640559026943707,0.28640559026943707,"{'max_depth': 10, 'max_features': 0.5, 'min_samples_leaf': 2, 'n_estimators': 100}"
2022-11-18 07:00:00,Neural Network,7,1.1202957457574247,0.7254540075972324,2020-11-18 07:00:00,2022-11-18 07:00:00,2022-11-18 07:00:00,730,1,-0.35941423956503044,0.35941423956503044,"{'regressor__model__alpha': 0.0001, 'regressor__model__hidden_layer_sizes': (64, 32), 'regressor__model__learning_rate_init': 0.0001}"
2022-11-18 07:00:00,Naive,7,1.1202957457574247,-0.2339870842634619,2020-11-18 07:00:00,2022-11-18 07:00:00,2022-11-18 07:00:00,730,1,,,not_applicable
2022-11-19 07:00:00,Decision Tree,7,0.569018814940188,0.9380636611514617,2020-11-19 07:00:00,2022-11-19 07:00:00,2022-11-19 07:00:00,730,1,-0.42290985504429074,0.42290985504429074,"{'max_depth': None, 'min_samples_leaf': 1, 'min_samples_split': 20}"
2022-11-19 07:00:00,ARX,7,0.569018814940188,0.45089629097225625,2020-11-19 07:00:00,2022-11-19 07:00:00,2022-11-19 07:00:00,730,1,-0.3032104293734177,0.3032104293734177,{'model__alpha': 0.01}
2022-11-19 07:00:00,Random Forest,7,0.569018814940188,0.42324304856851264,2020-11-19 07:00:00,2022-11-19 07:00:00,2022-11-19 07:00:00,730,1,-0.28640559026943707,0.28640559026943707,"{'max_depth': 10, 'max_features': 0.5, 'min_samples_leaf': 2, 'n_estimators': 100}"
2022-11-19 07:00:00,Neural Network,7,0.569018814940188,0.5018444328941876,2020-11-19 07:00:00,2022-11-19 07:00:00,2022-11-19 07:00:00,730,1,-0.35941423956503044,0.35941423956503044,"{'regressor__model__alpha': 0.0001, 'regressor__model__hidden_layer_sizes': (64, 32), 'regressor__model__learning_rate_init': 0.0001}"
2022-11-19 07:00:00,Naive,7,0.569018814940188,1.1202957457574247,2020-11-19 07:00:00,2022-11-19 07:00:00,2022-11-19 07:00:00,730,1,,,not_applicable
2022-11-20 07:00:00,Decision Tree,7,0.8625475661487577,0.6855563014675025,2020-11-20 07:00:00,2022-11-20 07:00:00,2022-11-20 07:00:00,730,1,-0.42290985504429074,0.42290985504429074,"{'max_depth': None, 'min_samples_leaf': 1, 'min_samples_split': 20}"
2022-11-20 07:00:00,ARX,7,0.8625475661487577,0.6131077156186233,2020-11-20 07:00:00,2022-11-20 07:00:00,2022-11-20 07:00:00,730,1,-0.3032104293734177,0.3032104293734177,{'model__alpha': 0.01}
2022-11-20 07:00:00,Random Forest,7,0.8625475661487577,0.5374924019561239,2020-11-20 07:00:00,2022-11-20 07:00:00,2022-11-20 07:00:00,730,1,-0.28640559026943707,0.28640559026943707,"{'max_depth': 10, 'max_features': 0.5, 'min_samples_leaf': 2, 'n_estimators': 100}"
2022-11-20 07:00:00,Neural Network,7,0.8625475661487577,0.997069489268446,2020-11-20 07:00:00,2022-11-20 07:00:00,2022-11-20 07:00:00,730,1,-0.35941423956503044,0.35941423956503044,"{'regressor__model__alpha': 0.0001, 'regressor__model__hidden_layer_sizes': (64, 32), 'regressor__model__learning_rate_init': 0.0001}"
2022-11-20 07:00:00,Naive,7,0.8625475661487577,0.569018814940188,2020-11-20 07:00:00,2022-11-20 07:00:00,2022-11-20 07:00:00,730,1,,,not_applicable
2022-11-21 07:00:00,Decision Tree,7,1.5811486474273164,0.6772163853403617,2020-11-21 07:00:00,2022-11-21 07:00:00,2022-11-21 07:00:00,730,1,-0.42290985504429074,0.42290985504429074,"{'max_depth': None, 'min_samples_leaf': 1, 'min_samples_split': 20}"
2022-11-21 07:00:00,ARX,7,1.5811486474273164,1.497652848020246,2020-11-21 07:00:00,2022-11-21 07:00:00,2022-11-21 07:00:00,730,1,-0.3032104293734177,0.3032104293734177,{'model__alpha': 0.01}
2022-11-21 07:00:00,Random Forest,7,1.5811486474273164,1.2818844282542323,2020-11-21 07:00:00,2022-11-21 07:00:00,2022-11-21 07:00:00,730,1,-0.28640559026943707,0.28640559026943707,"{'max_depth': 10, 'max_features': 0.5, 'min_samples_leaf': 2, 'n_estimators': 100}"
2022-11-21 07:00:00,Neural Network,7,1.5811486474273164,1.1661783050055305,2020-11-21 07:00:00,2022-11-21 07:00:00,2022-11-21 07:00:00,730,1,-0.35941423956503044,0.35941423956503044,"{'regressor__model__alpha': 0.0001, 'regressor__model__hidden_layer_sizes': (64, 32), 'regressor__model__learning_rate_init': 0.0001}"
2022-11-21 07:00:00,Naive,7,1.5811486474273164,0.8625475661487577,2020-11-21 07:00:00,2022-11-21 07:00:00,2022-11-21 07:00:00,730,1,,,not_applicable
2022-11-22 07:00:00,Decision Tree,7,1.1087560528485974,0.6926775157818934,2020-11-22 07:00:00,2022-11-22 07:00:00,2022-11-22 07:00:00,730,1,-0.42290985504429074,0.42290985504429074,"{'max_depth': None, 'min_samples_leaf': 1, 'min_samples_split': 20}"
2022-11-22 07:00:00,ARX,7,1.1087560528485974,1.1717236813487584,2020-11-22 07:00:00,2022-11-22 07:00:00,2022-11-22 07:00:00,730,1,-0.3032104293734177,0.3032104293734177,{'model__alpha': 0.01}
2022-11-22 07:00:00,Random Forest,7,1.1087560528485974,1.3072479690886147,2020-11-22 07:00:00,2022-11-22 07:00:00,2022-11-22 07:00:00,730,1,-0.28640559026943707,0.28640559026943707,"{'max_depth': 10, 'max_features': 0.5, 'min_samples_leaf': 2, 'n_estimators': 100}"
2022-11-22 07:00:00,Neural Network,7,1.1087560528485974,1.2595222352892579,2020-11-22 07:00:00,2022-11-22 07:00:00,2022-11-22 07:00:00,730,1,-0.35941423956503044,0.35941423956503044,"{'regressor__model__alpha': 0.0001, 'regressor__model__hidden_layer_sizes': (64, 32), 'regressor__model__learning_rate_init': 0.0001}"
2022-11-22 07:00:00,Naive,7,1.1087560528485974,1.5811486474273164,2020-11-22 07:00:00,2022-11-22 07:00:00,2022-11-22 07:00:00,730,1,,,not_applicable
2022-11-23 07:00:00,Decision Tree,7,1.2798108974315754,0.6481918291544098,2020-11-23 07:00:00,2022-11-23 07:00:00,2022-11-23 07:00:00,730,1,-0.42290985504429074,0.42290985504429074,"{'max_depth': None, 'min_samples_leaf': 1, 'min_samples_split': 20}"
2022-11-23 07:00:00,ARX,7,1.2798108974315754,1.4224511860589033,2020-11-23 07:00:00,2022-11-23 07:00:00,2022-11-23 07:00:00,730,1,-0.3032104293734177,0.3032104293734177,{'model__alpha': 0.01}
2022-11-23 07:00:00,Random Forest,7,1.2798108974315754,1.266826124263382,2020-11-23 07:00:00,2022-11-23 07:00:00,2022-11-23 07:00:00,730,1,-0.28640559026943707,0.28640559026943707,"{'max_depth': 10, 'max_features': 0.5, 'min_samples_leaf': 2, 'n_estimators': 100}"
2022-11-23 07:00:00,Neural Network,7,1.2798108974315754,1.0273874402944507,2020-11-23 07:00:00,2022-11-23 07:00:00,2022-11-23 07:00:00,730,1,-0.35941423956503044,0.35941423956503044,"{'regressor__model__alpha': 0.0001, 'regressor__model__hidden_layer_sizes': (64, 32), 'regressor__model__learning_rate_init': 0.0001}"
2022-11-23 07:00:00,Naive,7,1.2798108974315754,1.1087560528485974,2020-11-23 07:00:00,2022-11-23 07:00:00,2022-11-23 07:00:00,730,1,,,not_applicable
2022-11-24 07:00:00,Decision Tree,7,1.4577121594711735,0.6844180597894666,2020-11-24 07:00:00,2022-11-24 07:00:00,2022-11-24 07:00:00,730,1,-0.42290985504429074,0.42290985504429074,"{'max_depth': None, 'min_samples_leaf': 1, 'min_samples_split': 20}"
2022-11-24 07:00:00,ARX,7,1.4577121594711735,1.1314063234688287,2020-11-24 07:00:00,2022-11-24 07:00:00,2022-11-24 07:00:00,730,1,-0.3032104293734177,0.3032104293734177,{'model__alpha': 0.01}
2022-11-24 07:00:00,Random Forest,7,1.4577121594711735,1.0256619922735606,2020-11-24 07:00:00,2022-11-24 07:00:00,2022-11-24 07:00:00,730,1,-0.28640559026943707,0.28640559026943707,"{'max_depth': 10, 'max_features': 0.5, 'min_samples_leaf': 2, 'n_estimators': 100}"
2022-11-24 07:00:00,Neural Network,7,1.4577121594711735,1.5650725083315065,2020-11-24 07:00:00,2022-11-24 07:00:00,2022-11-24 07:00:00,730,1,-0.35941423956503044,0.35941423956503044,"{'regressor__model__alpha': 0.0001, 'regressor__model__hidden_layer_sizes': (64, 32), 'regressor__model__learning_rate_init': 0.0001}"
2022-11-24 07:00:00,Naive,7,1.4577121594711735,1.2798108974315754,2020-11-24 07:00:00,2022-11-24 07:00:00,2022-11-24 07:00:00,730,1,,,not_applicable
2022-11-25 07:00:00,Decision Tree,7,1.472550410948949,1.2791914315902284,2020-11-25 07:00:00,2022-11-25 07:00:00,2022-11-25 07:00:00,730,1,-0.42290985504429074,0.42290985504429074,"{'max_depth': None, 'min_samples_leaf': 1, 'min_samples_split': 20}"
2022-11-25 07:00:00,ARX,7,1.472550410948949,1.4346881977772947,2020-11-25 07:00:00,2022-11-25 07:00:00,2022-11-25 07:00:00,730,1,-0.3032104293734177,0.3032104293734177,{'model__alpha': 0.01}
2022-11-25 07:00:00,Random Forest,7,1.472550410948949,1.400926741399504,2020-11-25 07:00:00,2022-11-25 07:00:00,2022-11-25 07:00:00,730,1,-0.28640559026943707,0.28640559026943707,"{'max_depth': 10, 'max_features': 0.5, 'min_samples_leaf': 2, 'n_estimators': 100}"
2022-11-25 07:00:00,Neural Network,7,1.472550410948949,1.6370867057796807,2020-11-25 07:00:00,2022-11-25 07:00:00,2022-11-25 07:00:00,730,1,-0.35941423956503044,0.35941423956503044,"{'regressor__model__alpha': 0.0001, 'regressor__model__hidden_layer_sizes': (64, 32), 'regressor__model__learning_rate_init': 0.0001}"
2022-11-25 07:00:00,Naive,7,1.472550410948949,1.4577121594711735,2020-11-25 07:00:00,2022-11-25 07:00:00,2022-11-25 07:00:00,730,1,,,not_applicable
2022-11-26 07:00:00,Decision Tree,7,1.0763693620152261,0.7272180596043615,2020-11-26 07:00:00,2022-11-26 07:00:00,2022-11-26 07:00:00,730,1,-0.42290985504429074,0.42290985504429074,"{'max_depth': None, 'min_samples_leaf': 1, 'min_samples_split': 20}"
2022-11-26 07:00:00,ARX,7,1.0763693620152261,1.0977816851605429,2020-11-26 07:00:00,2022-11-26 07:00:00,2022-11-26 07:00:00,730,1,-0.3032104293734177,0.3032104293734177,{'model__alpha': 0.01}
2022-11-26 07:00:00,Random Forest,7,1.0763693620152261,0.9345178489808863,2020-11-26 07:00:00,2022-11-26 07:00:00,2022-11-26 07:00:00,730,1,-0.28640559026943707,0.28640559026943707,"{'max_depth': 10, 'max_features': 0.5, 'min_samples_leaf': 2, 'n_estimators': 100}"
2022-11-26 07:00:00,Neural Network,7,1.0763693620152261,1.176348790699906,2020-11-26 07:00:00,2022-11-26 07:00:00,2022-11-26 07:00:00,730,1,-0.35941423956503044,0.35941423956503044,"{'regressor__model__alpha': 0.0001, 'regressor__model__hidden_layer_sizes': (64, 32), 'regressor__model__learning_rate_init': 0.0001}"
2022-11-26 07:00:00,Naive,7,1.0763693620152261,1.472550410948949,2020-11-26 07:00:00,2022-11-26 07:00:00,2022-11-26 07:00:00,730,1,,,not_applicable
2022-11-27 07:00:00,Decision Tree,7,0.2873496469712816,0.9657927254687039,2020-11-27 07:00:00,2022-11-27 07:00:00,2022-11-27 07:00:00,730,1,-0.42290985504429074,0.42290985504429074,"{'max_depth': None, 'min_samples_leaf': 1, 'min_samples_split': 20}"
2022-11-27 07:00:00,ARX,7,0.2873496469712816,0.5024268140151176,2020-11-27 07:00:00,2022-11-27 07:00:00,2022-11-27 07:00:00,730,1,-0.3032104293734177,0.3032104293734177,{'model__alpha': 0.01}
2022-11-27 07:00:00,Random Forest,7,0.2873496469712816,0.44420648731111245,2020-11-27 07:00:00,2022-11-27 07:00:00,2022-11-27 07:00:00,730,1,-0.28640559026943707,0.28640559026943707,"{'max_depth': 10, 'max_features': 0.5, 'min_samples_leaf': 2, 'n_estimators': 100}"
2022-11-27 07:00:00,Neural Network,7,0.2873496469712816,0.4761184742385576,2020-11-27 07:00:00,2022-11-27 07:00:00,2022-11-27 07:00:00,730,1,-0.35941423956503044,0.35941423956503044,"{'regressor__model__alpha': 0.0001, 'regressor__model__hidden_layer_sizes': (64, 32), 'regressor__model__learning_rate_init': 0.0001}"
2022-11-27 07:00:00,Naive,7,0.2873496469712816,1.0763693620152261,2020-11-27 07:00:00,2022-11-27 07:00:00,2022-11-27 07:00:00,730,1,,,not_applicable
2022-11-28 07:00:00,Decision Tree,7,1.4920321870820914,1.3914566305575378,2020-11-28 07:00:00,2022-11-28 07:00:00,2022-11-28 07:00:00,730,1,-0.42290985504429074,0.42290985504429074,"{'max_depth': None, 'min_samples_leaf': 1, 'min_samples_split': 20}"
2022-11-28 07:00:00,ARX,7,1.4920321870820914,1.2618110079756353,2020-11-28 07:00:00,2022-11-28 07:00:00,2022-11-28 07:00:00,730,1,-0.3032104293734177,0.3032104293734177,{'model__alpha': 0.01}
2022-11-28 07:00:00,Random Forest,7,1.4920321870820914,1.18769379717837,2020-11-28 07:00:00,2022-11-28 07:00:00,2022-11-28 07:00:00,730,1,-0.28640559026943707,0.28640559026943707,"{'max_depth': 10, 'max_features': 0.5, 'min_samples_leaf': 2, 'n_estimators': 100}"
2022-11-28 07:00:00,Neural Network,7,1.4920321870820914,1.3204835488623374,2020-11-28 07:00:00,2022-11-28 07:00:00,2022-11-28 07:00:00,730,1,-0.35941423956503044,0.35941423956503044,"{'regressor__model__alpha': 0.0001, 'regressor__model__hidden_layer_sizes': (64, 32), 'regressor__model__learning_rate_init': 0.0001}"
2022-11-28 07:00:00,Naive,7,1.4920321870820914,0.2873496469712816,2020-11-28 07:00:00,2022-11-28 07:00:00,2022-11-28 07:00:00,730,1,,,not_applicable
2022-11-29 07:00:00,Decision Tree,7,1.8513312462711184,1.812827993598646,2020-11-29 07:00:00,2022-11-29 07:00:00,2022-11-29 07:00:00,730,1,-0.42290985504429074,0.42290985504429074,"{'max_depth': None, 'min_samples_leaf': 1, 'min_samples_split': 20}"
2022-11-29 07:00:00,ARX,7,1.8513312462711184,2.0523489165070927,2020-11-29 07:00:00,2022-11-29 07:00:00,2022-11-29 07:00:00,730,1,-0.3032104293734177,0.3032104293734177,{'model__alpha': 0.01}
2022-11-29 07:00:00,Random Forest,7,1.8513312462711184,1.8552301340058435,2020-11-29 07:00:00,2022-11-29 07:00:00,2022-11-29 07:00:00,730,1,-0.28640559026943707,0.28640559026943707,"{'max_depth': 10, 'max_features': 0.5, 'min_samples_leaf': 2, 'n_estimators': 100}"
2022-11-29 07:00:00,Neural Network,7,1.8513312462711184,2.1321803758286983,2020-11-29 07:00:00,2022-11-29 07:00:00,2022-11-29 07:00:00,730,1,-0.35941423956503044,0.35941423956503044,"{'regressor__model__alpha': 0.0001, 'regressor__model__hidden_layer_sizes': (64, 32), 'regressor__model__learning_rate_init': 0.0001}"
2022-11-29 07:00:00,Naive,7,1.8513312462711184,1.4920321870820914,2020-11-29 07:00:00,2022-11-29 07:00:00,2022-11-29 07:00:00,730,1,,,not_applicable
2022-11-30 07:00:00,Decision Tree,7,1.9638817521431078,1.821234903708215,2020-11-30 07:00:00,2022-11-30 07:00:00,2022-11-30 07:00:00,730,1,-0.42290985504429074,0.42290985504429074,"{'max_depth': None, 'min_samples_leaf': 1, 'min_samples_split': 20}"
2022-11-30 07:00:00,ARX,7,1.9638817521431078,1.9906347723723736,2020-11-30 07:00:00,2022-11-30 07:00:00,2022-11-30 07:00:00,730,1,-0.3032104293734177,0.3032104293734177,{'model__alpha': 0.01}
2022-11-30 07:00:00,Random Forest,7,1.9638817521431078,1.9533266189751026,2020-11-30 07:00:00,2022-11-30 07:00:00,2022-11-30 07:00:00,730,1,-0.28640559026943707,0.28640559026943707,"{'max_depth': 10, 'max_features': 0.5, 'min_samples_leaf': 2, 'n_estimators': 100}"
2022-11-30 07:00:00,Neural Network,7,1.9638817521431078,2.033848040090595,2020-11-30 07:00:00,2022-11-30 07:00:00,2022-11-30 07:00:00,730,1,-0.35941423956503044,0.35941423956503044,"{'regressor__model__alpha': 0.0001, 'regressor__model__hidden_layer_sizes': (64, 32), 'regressor__model__learning_rate_init': 0.0001}"
2022-11-30 07:00:00,Naive,7,1.9638817521431078,1.8513312462711184,2020-11-30 07:00:00,2022-11-30 07:00:00,2022-11-30 07:00:00,730,1,,,not_applicable
2022-12-01 07:00:00,Decision Tree,7,2.004298367050833,2.2409744531126994,2020-12-01 07:00:00,2022-12-01 07:00:00,2022-12-01 07:00:00,730,1,-0.42290985504429074,0.42290985504429074,"{'max_depth': None, 'min_samples_leaf': 1, 'min_samples_split': 20}"
2022-12-01 07:00:00,ARX,7,2.004298367050833,2.2054322413512315,2020-12-01 07:00:00,2022-12-01 07:00:00,2022-12-01 07:00:00,730,1,-0.3032104293734177,0.3032104293734177,{'model__alpha': 0.01}
2022-12-01 07:00:00,Random Forest,7,2.004298367050833,1.9956210049830363,2020-12-01 07:00:00,2022-12-01 07:00:00,2022-12-01 07:00:00,730,1,-0.28640559026943707,0.28640559026943707,"{'max_depth': 10, 'max_features': 0.5, 'min_samples_leaf': 2, 'n_estimators': 100}"
2022-12-01 07:00:00,Neural Network,7,2.004298367050833,2.267373030281421,2020-12-01 07:00:00,2022-12-01 07:00:00,2022-12-01 07:00:00,730,1,-0.35941423956503044,0.35941423956503044,"{'regressor__model__alpha': 0.0001, 'regressor__model__hidden_layer_sizes': (64, 32), 'regressor__model__learning_rate_init': 0.0001}"
2022-12-01 07:00:00,Naive,7,2.004298367050833,1.9638817521431078,2020-12-01 07:00:00,2022-12-01 07:00:00,2022-12-01 07:00:00,730,1,,,not_applicable
2022-12-02 07:00:00,Decision Tree,7,1.886393945609084,2.3745954794233257,2020-12-02 07:00:00,2022-12-02 07:00:00,2022-12-02 07:00:00,730,1,-0.42290985504429074,0.42290985504429074,"{'max_depth': None, 'min_samples_leaf': 1, 'min_samples_split': 20}"
2022-12-02 07:00:00,ARX,7,1.886393945609084,2.1577855800823116,2020-12-02 07:00:00,2022-12-02 07:00:00,2022-12-02 07:00:00,730,1,-0.3032104293734177,0.3032104293734177,{'model__alpha': 0.01}
2022-12-02 07:00:00,Random Forest,7,1.886393945609084,1.9883935663001926,2020-12-02 07:00:00,2022-12-02 07:00:00,2022-12-02 07:00:00,730,1,-0.28640559026943707,0.28640559026943707,"{'max_depth': 10, 'max_features': 0.5, 'min_samples_leaf': 2, 'n_estimators': 100}"
2022-12-02 07:00:00,Neural Network,7,1.886393945609084,2.1486677437856017,2020-12-02 07:00:00,2022-12-02 07:00:00,2022-12-02 07:00:00,730,1,-0.35941423956503044,0.35941423956503044,"{'regressor__model__alpha': 0.0001, 'regressor__model__hidden_layer_sizes': (64, 32), 'regressor__model__learning_rate_init': 0.0001}"
2022-12-02 07:00:00,Naive,7,1.886393945609084,2.004298367050833,2020-12-02 07:00:00,2022-12-02 07:00:00,2022-12-02 07:00:00,730,1,,,not_applicable
2022-12-03 07:00:00,Decision Tree,7,1.19252054629014,0.7602537000143037,2020-12-03 07:00:00,2022-12-03 07:00:00,2022-12-03 07:00:00,730,1,-0.42290985504429074,0.42290985504429074,"{'max_depth': None, 'min_samples_leaf': 1, 'min_samples_split': 20}"
2022-12-03 07:00:00,ARX,7,1.19252054629014,1.3431864363678874,2020-12-03 07:00:00,2022-12-03 07:00:00,2022-12-03 07:00:00,730,1,-0.3032104293734177,0.3032104293734177,{'model__alpha': 0.01}
2022-12-03 07:00:00,Random Forest,7,1.19252054629014,1.2184069390609282,2020-12-03 07:00:00,2022-12-03 07:00:00,2022-12-03 07:00:00,730,1,-0.28640559026943707,0.28640559026943707,"{'max_depth': 10, 'max_features': 0.5, 'min_samples_leaf': 2, 'n_estimators': 100}"
2022-12-03 07:00:00,Neural Network,7,1.19252054629014,1.5569937292880882,2020-12-03 07:00:00,2022-12-03 07:00:00,2022-12-03 07:00:00,730,1,-0.35941423956503044,0.35941423956503044,"{'regressor__model__alpha': 0.0001, 'regressor__model__hidden_layer_sizes': (64, 32), 'regressor__model__learning_rate_init': 0.0001}"
2022-12-03 07:00:00,Naive,7,1.19252054629014,1.886393945609084,2020-12-03 07:00:00,2022-12-03 07:00:00,2022-12-03 07:00:00,730,1,,,not_applicable
2022-12-04 07:00:00,Decision Tree,7,0.9672922529482604,0.24173599701726645,2020-12-04 07:00:00,2022-12-04 07:00:00,2022-12-04 07:00:00,730,1,-0.42290985504429074,0.42290985504429074,"{'max_depth': None, 'min_samples_leaf': 1, 'min_samples_split': 20}"
2022-12-04 07:00:00,ARX,7,0.9672922529482604,0.8991362322506912,2020-12-04 07:00:00,2022-12-04 07:00:00,2022-12-04 07:00:00,730,1,-0.3032104293734177,0.3032104293734177,{'model__alpha': 0.01}
2022-12-04 07:00:00,Random Forest,7,0.9672922529482604,0.9307539308429545,2020-12-04 07:00:00,2022-12-04 07:00:00,2022-12-04 07:00:00,730,1,-0.28640559026943707,0.28640559026943707,"{'max_depth': 10, 'max_features': 0.5, 'min_samples_leaf': 2, 'n_estimators': 100}"
2022-12-04 07:00:00,Neural Network,7,0.9672922529482604,0.698268158637869,2020-12-04 07:00:00,2022-12-04 07:00:00,2022-12-04 07:00:00,730,1,-0.35941423956503044,0.35941423956503044,"{'regressor__model__alpha': 0.0001, 'regressor__model__hidden_layer_sizes': (64, 32), 'regressor__model__learning_rate_init': 0.0001}"
2022-12-04 07:00:00,Naive,7,0.9672922529482604,1.19252054629014,2020-12-04 07:00:00,2022-12-04 07:00:00,2022-12-04 07:00:00,730,1,,,not_applicable
2022-12-05 07:00:00,Decision Tree,7,1.7163864521282908,1.667131877727952,2020-12-05 07:00:00,2022-12-05 07:00:00,2022-12-05 07:00:00,730,1,-0.42290985504429074,0.42290985504429074,"{'max_depth': None, 'min_samples_leaf': 1, 'min_samples_split': 20}"
2022-12-05 07:00:00,ARX,7,1.7163864521282908,2.030668646547309,2020-12-05 07:00:00,2022-12-05 07:00:00,2022-12-05 07:00:00,730,1,-0.3032104293734177,0.3032104293734177,{'model__alpha': 0.01}
2022-12-05 07:00:00,Random Forest,7,1.7163864521282908,1.7182239644582287,2020-12-05 07:00:00,2022-12-05 07:00:00,2022-12-05 07:00:00,730,1,-0.28640559026943707,0.28640559026943707,"{'max_depth': 10, 'max_features': 0.5, 'min_samples_leaf': 2, 'n_estimators': 100}"
2022-12-05 07:00:00,Neural Network,7,1.7163864521282908,2.1783709846707606,2020-12-05 07:00:00,2022-12-05 07:00:00,2022-12-05 07:00:00,730,1,-0.35941423956503044,0.35941423956503044,"{'regressor__model__alpha': 0.0001, 'regressor__model__hidden_layer_sizes': (64, 32), 'regressor__model__learning_rate_init': 0.0001}"
2022-12-05 07:00:00,Naive,7,1.7163864521282908,0.9672922529482604,2020-12-05 07:00:00,2022-12-05 07:00:00,2022-12-05 07:00:00,730,1,,,not_applicable
2022-12-06 07:00:00,Decision Tree,7,1.9837222842298174,2.006906745604481,2020-12-06 07:00:00,2022-12-06 07:00:00,2022-12-06 07:00:00,730,1,-0.42290985504429074,0.42290985504429074,"{'max_depth': None, 'min_samples_leaf': 1, 'min_samples_split': 20}"
2022-12-06 07:00:00,ARX,7,1.9837222842298174,2.3004175469185713,2020-12-06 07:00:00,2022-12-06 07:00:00,2022-12-06 07:00:00,730,1,-0.3032104293734177,0.3032104293734177,{'model__alpha': 0.01}
2022-12-06 07:00:00,Random Forest,7,1.9837222842298174,1.951134142095764,2020-12-06 07:00:00,2022-12-06 07:00:00,2022-12-06 07:00:00,730,1,-0.28640559026943707,0.28640559026943707,"{'max_depth': 10, 'max_features': 0.5, 'min_samples_leaf': 2, 'n_estimators': 100}"
2022-12-06 07:00:00,Neural Network,7,1.9837222842298174,2.153086187676867,2020-12-06 07:00:00,2022-12-06 07:00:00,2022-12-06 07:00:00,730,1,-0.35941423956503044,0.35941423956503044,"{'regressor__model__alpha': 0.0001, 'regressor__model__hidden_layer_sizes': (64, 32), 'regressor__model__learning_rate_init': 0.0001}"
2022-12-06 07:00:00,Naive,7,1.9837222842298174,1.7163864521282908,2020-12-06 07:00:00,2022-12-06 07:00:00,2022-12-06 07:00:00,730,1,,,not_applicable
2022-12-07 07:00:00,Decision Tree,7,1.6072252174539194,1.857828682178744,2020-12-07 07:00:00,2022-12-07 07:00:00,2022-12-07 07:00:00,730,1,-0.42290985504429074,0.42290985504429074,"{'max_depth': None, 'min_samples_leaf': 1, 'min_samples_split': 20}"
2022-12-07 07:00:00,ARX,7,1.6072252174539194,1.8082608086341934,2020-12-07 07:00:00,2022-12-07 07:00:00,2022-12-07 07:00:00,730,1,-0.3032104293734177,0.3032104293734177,{'model__alpha': 0.01}
2022-12-07 07:00:00,Random Forest,7,1.6072252174539194,1.8467759134263664,2020-12-07 07:00:00,2022-12-07 07:00:00,2022-12-07 07:00:00,730,1,-0.28640559026943707,0.28640559026943707,"{'max_depth': 10, 'max_features': 0.5, 'min_samples_leaf': 2, 'n_estimators': 100}"
2022-12-07 07:00:00,Neural Network,7,1.6072252174539194,1.9741613882333517,2020-12-07 07:00:00,2022-12-07 07:00:00,2022-12-07 07:00:00,730,1,-0.35941423956503044,0.35941423956503044,"{'regressor__model__alpha': 0.0001, 'regressor__model__hidden_layer_sizes': (64, 32), 'regressor__model__learning_rate_init': 0.0001}"
2022-12-07 07:00:00,Naive,7,1.6072252174539194,1.9837222842298174,2020-12-07 07:00:00,2022-12-07 07:00:00,2022-12-07 07:00:00,730,1,,,not_applicable
2022-12-08 07:00:00,Decision Tree,7,1.8033284733218267,1.8380594104981667,2020-12-08 07:00:00,2022-12-08 07:00:00,2022-12-08 07:00:00,730,1,-0.42290985504429074,0.42290985504429074,"{'max_depth': None, 'min_samples_leaf': 1, 'min_samples_split': 20}"
2022-12-08 07:00:00,ARX,7,1.8033284733218267,2.036347520671062,2020-12-08 07:00:00,2022-12-08 07:00:00,2022-12-08 07:00:00,730,1,-0.3032104293734177,0.3032104293734177,{'model__alpha': 0.01}
2022-12-08 07:00:00,Random Forest,7,1.8033284733218267,1.9068060786386432,2020-12-08 07:00:00,2022-12-08 07:00:00,2022-12-08 07:00:00,730,1,-0.28640559026943707,0.28640559026943707,"{'max_depth': 10, 'max_features': 0.5, 'min_samples_leaf': 2, 'n_estimators': 100}"
2022-12-08 07:00:00,Neural Network,7,1.8033284733218267,2.0162287564792845,2020-12-08 07:00:00,2022-12-08 07:00:00,2022-12-08 07:00:00,730,1,-0.35941423956503044,0.35941423956503044,"{'regressor__model__alpha': 0.0001, 'regressor__model__hidden_layer_sizes': (64, 32), 'regressor__model__learning_rate_init': 0.0001}"
2022-12-08 07:00:00,Naive,7,1.8033284733218267,1.6072252174539194,2020-12-08 07:00:00,2022-12-08 07:00:00,2022-12-08 07:00:00,730,1,,,not_applicable
2022-12-09 07:00:00,Decision Tree,7,1.9708856980720686,1.923855188426467,2020-12-09 07:00:00,2022-12-09 07:00:00,2022-12-09 07:00:00,730,1,-0.42290985504429074,0.42290985504429074,"{'max_depth': None, 'min_samples_leaf': 1, 'min_samples_split': 20}"
2022-12-09 07:00:00,ARX,7,1.9708856980720686,2.2669464677091704,2020-12-09 07:00:00,2022-12-09 07:00:00,2022-12-09 07:00:00,730,1,-0.3032104293734177,0.3032104293734177,{'model__alpha': 0.01}
2022-12-09 07:00:00,Random Forest,7,1.9708856980720686,1.9489608501311528,2020-12-09 07:00:00,2022-12-09 07:00:00,2022-12-09 07:00:00,730,1,-0.28640559026943707,0.28640559026943707,"{'max_depth': 10, 'max_features': 0.5, 'min_samples_leaf': 2, 'n_estimators': 100}"
2022-12-09 07:00:00,Neural Network,7,1.9708856980720686,2.2771111319220525,2020-12-09 07:00:00,2022-12-09 07:00:00,2022-12-09 07:00:00,730,1,-0.35941423956503044,0.35941423956503044,"{'regressor__model__alpha': 0.0001, 'regressor__model__hidden_layer_sizes': (64, 32), 'regressor__model__learning_rate_init': 0.0001}"
2022-12-09 07:00:00,Naive,7,1.9708856980720686,1.8033284733218267,2020-12-09 07:00:00,2022-12-09 07:00:00,2022-12-09 07:00:00,730,1,,,not_applicable
2022-12-10 07:00:00,Decision Tree,7,1.457625738635238,1.4381421637201468,2020-12-10 07:00:00,2022-12-10 07:00:00,2022-12-10 07:00:00,730,1,-0.42290985504429074,0.42290985504429074,"{'max_depth': None, 'min_samples_leaf': 1, 'min_samples_split': 20}"
2022-12-10 07:00:00,ARX,7,1.457625738635238,1.6092434876393384,2020-12-10 07:00:00,2022-12-10 07:00:00,2022-12-10 07:00:00,730,1,-0.3032104293734177,0.3032104293734177,{'model__alpha': 0.01}
2022-12-10 07:00:00,Random Forest,7,1.457625738635238,1.543703478936967,2020-12-10 07:00:00,2022-12-10 07:00:00,2022-12-10 07:00:00,730,1,-0.28640559026943707,0.28640559026943707,"{'max_depth': 10, 'max_features': 0.5, 'min_samples_leaf': 2, 'n_estimators': 100}"
2022-12-10 07:00:00,Neural Network,7,1.457625738635238,1.826655668811324,2020-12-10 07:00:00,2022-12-10 07:00:00,2022-12-10 07:00:00,730,1,-0.35941423956503044,0.35941423956503044,"{'regressor__model__alpha': 0.0001, 'regressor__model__hidden_layer_sizes': (64, 32), 'regressor__model__learning_rate_init': 0.0001}"
2022-12-10 07:00:00,Naive,7,1.457625738635238,1.9708856980720686,2020-12-10 07:00:00,2022-12-10 07:00:00,2022-12-10 07:00:00,730,1,,,not_applicable
2022-12-11 07:00:00,Decision Tree,7,1.2845446195317802,1.4396409002520771,2020-12-11 07:00:00,2022-12-11 07:00:00,2022-12-11 07:00:00,730,1,-0.42290985504429074,0.42290985504429074,"{'max_depth': None, 'min_samples_leaf': 1, 'min_samples_split': 20}"
2022-12-11 07:00:00,ARX,7,1.2845446195317802,1.2628986313455994,2020-12-11 07:00:00,2022-12-11 07:00:00,2022-12-11 07:00:00,730,1,-0.3032104293734177,0.3032104293734177,{'model__alpha': 0.01}
2022-12-11 07:00:00,Random Forest,7,1.2845446195317802,1.2933024707385723,2020-12-11 07:00:00,2022-12-11 07:00:00,2022-12-11 07:00:00,730,1,-0.28640559026943707,0.28640559026943707,"{'max_depth': 10, 'max_features': 0.5, 'min_samples_leaf': 2, 'n_estimators': 100}"
2022-12-11 07:00:00,Neural Network,7,1.2845446195317802,1.51949689870185,2020-12-11 07:00:00,2022-12-11 07:00:00,2022-12-11 07:00:00,730,1,-0.35941423956503044,0.35941423956503044,"{'regressor__model__alpha': 0.0001, 'regressor__model__hidden_layer_sizes': (64, 32), 'regressor__model__learning_rate_init': 0.0001}"
2022-12-11 07:00:00,Naive,7,1.2845446195317802,1.457625738635238,2020-12-11 07:00:00,2022-12-11 07:00:00,2022-12-11 07:00:00,730,1,,,not_applicable
2022-12-12 07:00:00,Decision Tree,7,2.079324220807507,2.004974707156592,2020-12-12 07:00:00,2022-12-12 07:00:00,2022-12-12 07:00:00,730,1,-0.42290985504429074,0.42290985504429074,"{'max_depth': None, 'min_samples_leaf': 1, 'min_samples_split': 20}"
2022-12-12 07:00:00,ARX,7,2.079324220807507,2.3182334332102688,2020-12-12 07:00:00,2022-12-12 07:00:00,2022-12-12 07:00:00,730,1,-0.3032104293734177,0.3032104293734177,{'model__alpha': 0.01}
2022-12-12 07:00:00,Random Forest,7,2.079324220807507,1.9135917823493622,2020-12-12 07:00:00,2022-12-12 07:00:00,2022-12-12 07:00:00,730,1,-0.28640559026943707,0.28640559026943707,"{'max_depth': 10, 'max_features': 0.5, 'min_samples_leaf': 2, 'n_estimators': 100}"
2022-12-12 07:00:00,Neural Network,7,2.079324220807507,2.2516115126735015,2020-12-12 07:00:00,2022-12-12 07:00:00,2022-12-12 07:00:00,730,1,-0.35941423956503044,0.35941423956503044,"{'regressor__model__alpha': 0.0001, 'regressor__model__hidden_layer_sizes': (64, 32), 'regressor__model__learning_rate_init': 0.0001}"
2022-12-12 07:00:00,Naive,7,2.079324220807507,1.2845446195317802,2020-12-12 07:00:00,2022-12-12 07:00:00,2022-12-12 07:00:00,730,1,,,not_applicable
2022-12-13 07:00:00,Decision Tree,7,2.058293785019511,2.010693900514355,2020-12-13 07:00:00,2022-12-13 07:00:00,2022-12-13 07:00:00,730,1,-0.42290985504429074,0.42290985504429074,"{'max_depth': None, 'min_samples_leaf': 1, 'min_samples_split': 20}"
2022-12-13 07:00:00,ARX,7,2.058293785019511,2.328213444804892,2020-12-13 07:00:00,2022-12-13 07:00:00,2022-12-13 07:00:00,730,1,-0.3032104293734177,0.3032104293734177,{'model__alpha': 0.01}
2022-12-13 07:00:00,Random Forest,7,2.058293785019511,1.9987843012972955,2020-12-13 07:00:00,2022-12-13 07:00:00,2022-12-13 07:00:00,730,1,-0.28640559026943707,0.28640559026943707,"{'max_depth': 10, 'max_features': 0.5, 'min_samples_leaf': 2, 'n_estimators': 100}"
2022-12-13 07:00:00,Neural Network,7,2.058293785019511,2.0189656229477224,2020-12-13 07:00:00,2022-12-13 07:00:00,2022-12-13 07:00:00,730,1,-0.35941423956503044,0.35941423956503044,"{'regressor__model__alpha': 0.0001, 'regressor__model__hidden_layer_sizes': (64, 32), 'regressor__model__learning_rate_init': 0.0001}"
2022-12-13 07:00:00,Naive,7,2.058293785019511,2.079324220807507,2020-12-13 07:00:00,2022-12-13 07:00:00,2022-12-13 07:00:00,730,1,,,not_applicable
2022-12-14 07:00:00,Decision Tree,7,2.043025169237666,2.006393876122989,2020-12-14 07:00:00,2022-12-14 07:00:00,2022-12-14 07:00:00,730,1,-0.42290985504429074,0.42290985504429074,"{'max_depth': None, 'min_samples_leaf': 1, 'min_samples_split': 20}"
2022-12-14 07:00:00,ARX,7,2.043025169237666,2.1277307456476544,2020-12-14 07:00:00,2022-12-14 07:00:00,2022-12-14 07:00:00,730,1,-0.3032104293734177,0.3032104293734177,{'model__alpha': 0.01}
2022-12-14 07:00:00,Random Forest,7,2.043025169237666,1.9440303075101193,2020-12-14 07:00:00,2022-12-14 07:00:00,2022-12-14 07:00:00,730,1,-0.28640559026943707,0.28640559026943707,"{'max_depth': 10, 'max_features': 0.5, 'min_samples_leaf': 2, 'n_estimators': 100}"
2022-12-14 07:00:00,Neural Network,7,2.043025169237666,2.0362819302613984,2020-12-14 07:00:00,2022-12-14 07:00:00,2022-12-14 07:00:00,730,1,-0.35941423956503044,0.35941423956503044,"{'regressor__model__alpha': 0.0001, 'regressor__model__hidden_layer_sizes': (64, 32), 'regressor__model__learning_rate_init': 0.0001}"
2022-12-14 07:00:00,Naive,7,2.043025169237666,2.058293785019511,2020-12-14 07:00:00,2022-12-14 07:00:00,2022-12-14 07:00:00,730,1,,,not_applicable
2022-12-15 07:00:00,Decision Tree,7,1.8642194619448431,1.8082731386655735,2020-12-15 07:00:00,2022-12-15 07:00:00,2022-12-15 07:00:00,730,1,-0.42290985504429074,0.42290985504429074,"{'max_depth': None, 'min_samples_leaf': 1, 'min_samples_split': 20}"
2022-12-15 07:00:00,ARX,7,1.8642194619448431,2.2460962935563127,2020-12-15 07:00:00,2022-12-15 07:00:00,2022-12-15 07:00:00,730,1,-0.3032104293734177,0.3032104293734177,{'model__alpha': 0.01}
2022-12-15 07:00:00,Random Forest,7,1.8642194619448431,2.0316111905879994,2020-12-15 07:00:00,2022-12-15 07:00:00,2022-12-15 07:00:00,730,1,-0.28640559026943707,0.28640559026943707,"{'max_depth': 10, 'max_features': 0.5, 'min_samples_leaf': 2, 'n_estimators': 100}"
2022-12-15 07:00:00,Neural Network,7,1.8642194619448431,2.0892216249545936,2020-12-15 07:00:00,2022-12-15 07:00:00,2022-12-15 07:00:00,730,1,-0.35941423956503044,0.35941423956503044,"{'regressor__model__alpha': 0.0001, 'regressor__model__hidden_layer_sizes': (64, 32), 'regressor__model__learning_rate_init': 0.0001}"
2022-12-15 07:00:00,Naive,7,1.8642194619448431,2.043025169237666,2020-12-15 07:00:00,2022-12-15 07:00:00,2022-12-15 07:00:00,730,1,,,not_applicable
2022-12-16 07:00:00,Decision Tree,7,1.9367275225953804,2.0108960554024726,2020-12-16 07:00:00,2022-12-16 07:00:00,2022-12-16 07:00:00,730,1,-0.42290985504429074,0.42290985504429074,"{'max_depth': None, 'min_samples_leaf': 1, 'min_samples_split': 20}"
2022-12-16 07:00:00,ARX,7,1.9367275225953804,2.282462432331786,2020-12-16 07:00:00,2022-12-16 07:00:00,2022-12-16 07:00:00,730,1,-0.3032104293734177,0.3032104293734177,{'model__alpha': 0.01}
2022-12-16 07:00:00,Random Forest,7,1.9367275225953804,1.976844464637235,2020-12-16 07:00:00,2022-12-16 07:00:00,2022-12-16 07:00:00,730,1,-0.28640559026943707,0.28640559026943707,"{'max_depth': 10, 'max_features': 0.5, 'min_samples_leaf': 2, 'n_estimators': 100}"
2022-12-16 07:00:00,Neural Network,7,1.9367275225953804,2.138420860557946,2020-12-16 07:00:00,2022-12-16 07:00:00,2022-12-16 07:00:00,730,1,-0.35941423956503044,0.35941423956503044,"{'regressor__model__alpha': 0.0001, 'regressor__model__hidden_layer_sizes': (64, 32), 'regressor__model__learning_rate_init': 0.0001}"
2022-12-16 07:00:00,Naive,7,1.9367275225953804,1.8642194619448431,2020-12-16 07:00:00,2022-12-16 07:00:00,2022-12-16 07:00:00,730,1,,,not_applicable
2022-12-17 07:00:00,Decision Tree,7,1.0713119909490172,1.4285625944863416,2020-12-17 07:00:00,2022-12-17 07:00:00,2022-12-17 07:00:00,730,1,-0.42290985504429074,0.42290985504429074,"{'max_depth': None, 'min_samples_leaf': 1, 'min_samples_split': 20}"
2022-12-17 07:00:00,ARX,7,1.0713119909490172,1.5408971263685032,2020-12-17 07:00:00,2022-12-17 07:00:00,2022-12-17 07:00:00,730,1,-0.3032104293734177,0.3032104293734177,{'model__alpha': 0.01}
2022-12-17 07:00:00,Random Forest,7,1.0713119909490172,1.4843599990481393,2020-12-17 07:00:00,2022-12-17 07:00:00,2022-12-17 07:00:00,730,1,-0.28640559026943707,0.28640559026943707,"{'max_depth': 10, 'max_features': 0.5, 'min_samples_leaf': 2, 'n_estimators': 100}"
2022-12-17 07:00:00,Neural Network,7,1.0713119909490172,1.7183210106531173,2020-12-17 07:00:00,2022-12-17 07:00:00,2022-12-17 07:00:00,730,1,-0.35941423956503044,0.35941423956503044,"{'regressor__model__alpha': 0.0001, 'regressor__model__hidden_layer_sizes': (64, 32), 'regressor__model__learning_rate_init': 0.0001}"
2022-12-17 07:00:00,Naive,7,1.0713119909490172,1.9367275225953804,2020-12-17 07:00:00,2022-12-17 07:00:00,2022-12-17 07:00:00,730,1,,,not_applicable
2022-12-18 07:00:00,Decision Tree,7,0.5434492595768126,1.3475781409711836,2020-12-18 07:00:00,2022-12-18 07:00:00,2022-12-18 07:00:00,730,1,-0.42290985504429074,0.42290985504429074,"{'max_depth': None, 'min_samples_leaf': 1, 'min_samples_split': 20}"
2022-12-18 07:00:00,ARX,7,0.5434492595768126,0.6367800724333901,2020-12-18 07:00:00,2022-12-18 07:00:00,2022-12-18 07:00:00,730,1,-0.3032104293734177,0.3032104293734177,{'model__alpha': 0.01}
2022-12-18 07:00:00,Random Forest,7,0.5434492595768126,0.9506974342298051,2020-12-18 07:00:00,2022-12-18 07:00:00,2022-12-18 07:00:00,730,1,-0.28640559026943707,0.28640559026943707,"{'max_depth': 10, 'max_features': 0.5, 'min_samples_leaf': 2, 'n_estimators': 100}"
2022-12-18 07:00:00,Neural Network,7,0.5434492595768126,0.3597722533859016,2020-12-18 07:00:00,2022-12-18 07:00:00,2022-12-18 07:00:00,730,1,-0.35941423956503044,0.35941423956503044,"{'regressor__model__alpha': 0.0001, 'regressor__model__hidden_layer_sizes': (64, 32), 'regressor__model__learning_rate_init': 0.0001}"
2022-12-18 07:00:00,Naive,7,0.5434492595768126,1.0713119909490172,2020-12-18 07:00:00,2022-12-18 07:00:00,2022-12-18 07:00:00,730,1,,,not_applicable
2022-12-19 07:00:00,Decision Tree,7,1.008744538631448,0.7059236413164429,2020-12-19 07:00:00,2022-12-19 07:00:00,2022-12-19 07:00:00,730,1,-0.42290985504429074,0.42290985504429074,"{'max_depth': None, 'min_samples_leaf': 1, 'min_samples_split': 20}"
2022-12-19 07:00:00,ARX,7,1.008744538631448,1.035307940364115,2020-12-19 07:00:00,2022-12-19 07:00:00,2022-12-19 07:00:00,730,1,-0.3032104293734177,0.3032104293734177,{'model__alpha': 0.01}
2022-12-19 07:00:00,Random Forest,7,1.008744538631448,1.1254824370892242,2020-12-19 07:00:00,2022-12-19 07:00:00,2022-12-19 07:00:00,730,1,-0.28640559026943707,0.28640559026943707,"{'max_depth': 10, 'max_features': 0.5, 'min_samples_leaf': 2, 'n_estimators': 100}"
2022-12-19 07:00:00,Neural Network,7,1.008744538631448,0.9680186541560235,2020-12-19 07:00:00,2022-12-19 07:00:00,2022-12-19 07:00:00,730,1,-0.35941423956503044,0.35941423956503044,"{'regressor__model__alpha': 0.0001, 'regressor__model__hidden_layer_sizes': (64, 32), 'regressor__model__learning_rate_init': 0.0001}"
2022-12-19 07:00:00,Naive,7,1.008744538631448,0.5434492595768126,2020-12-19 07:00:00,2022-12-19 07:00:00,2022-12-19 07:00:00,730,1,,,not_applicable
2022-12-20 07:00:00,Decision Tree,7,0.7235910289908468,2.0495131871965646,2020-12-20 07:00:00,2022-12-20 07:00:00,2022-12-20 07:00:00,730,1,-0.42290985504429074,0.42290985504429074,"{'max_depth': None, 'min_samples_leaf': 1, 'min_samples_split': 20}"
2022-12-20 07:00:00,ARX,7,0.7235910289908468,0.9216521455384025,2020-12-20 07:00:00,2022-12-20 07:00:00,2022-12-20 07:00:00,730,1,-0.3032104293734177,0.3032104293734177,{'model__alpha': 0.01}
2022-12-20 07:00:00,Random Forest,7,0.7235910289908468,1.1316852752804698,2020-12-20 07:00:00,2022-12-20 07:00:00,2022-12-20 07:00:00,730,1,-0.28640559026943707,0.28640559026943707,"{'max_depth': 10, 'max_features': 0.5, 'min_samples_leaf': 2, 'n_estimators': 100}"
2022-12-20 07:00:00,Neural Network,7,0.7235910289908468,1.0482720213943237,2020-12-20 07:00:00,2022-12-20 07:00:00,2022-12-20 07:00:00,730,1,-0.35941423956503044,0.35941423956503044,"{'regressor__model__alpha': 0.0001, 'regressor__model__hidden_layer_sizes': (64, 32), 'regressor__model__learning_rate_init': 0.0001}"
2022-12-20 07:00:00,Naive,7,0.7235910289908468,1.008744538631448,2020-12-20 07:00:00,2022-12-20 07:00:00,2022-12-20 07:00:00,730,1,,,not_applicable
2022-12-21 07:00:00,Decision Tree,7,1.0829318480230627,0.9579435426471616,2020-12-21 07:00:00,2022-12-21 07:00:00,2022-12-21 07:00:00,730,1,-0.42290985504429074,0.42290985504429074,"{'max_depth': None, 'min_samples_leaf': 1, 'min_samples_split': 20}"
2022-12-21 07:00:00,ARX,7,1.0829318480230627,1.2106029512296024,2020-12-21 07:00:00,2022-12-21 07:00:00,2022-12-21 07:00:00,730,1,-0.3032104293734177,0.3032104293734177,{'model__alpha': 0.01}
2022-12-21 07:00:00,Random Forest,7,1.0829318480230627,1.2152791885633412,2020-12-21 07:00:00,2022-12-21 07:00:00,2022-12-21 07:00:00,730,1,-0.28640559026943707,0.28640559026943707,"{'max_depth': 10, 'max_features': 0.5, 'min_samples_leaf': 2, 'n_estimators': 100}"
2022-12-21 07:00:00,Neural Network,7,1.0829318480230627,1.6330291087065414,2020-12-21 07:00:00,2022-12-21 07:00:00,2022-12-21 07:00:00,730,1,-0.35941423956503044,0.35941423956503044,"{'regressor__model__alpha': 0.0001, 'regressor__model__hidden_layer_sizes': (64, 32), 'regressor__model__learning_rate_init': 0.0001}"
2022-12-21 07:00:00,Naive,7,1.0829318480230627,0.7235910289908468,2020-12-21 07:00:00,2022-12-21 07:00:00,2022-12-21 07:00:00,730,1,,,not_applicable
2022-12-22 07:00:00,Decision Tree,7,0.8933053884631671,0.9683592347618202,2020-12-22 07:00:00,2022-12-22 07:00:00,2022-12-22 07:00:00,730,1,-0.42290985504429074,0.42290985504429074,"{'max_depth': None, 'min_samples_leaf': 1, 'min_samples_split': 20}"
2022-12-22 07:00:00,ARX,7,0.8933053884631671,0.8138817070551907,2020-12-22 07:00:00,2022-12-22 07:00:00,2022-12-22 07:00:00,730,1,-0.3032104293734177,0.3032104293734177,{'model__alpha': 0.01}
2022-12-22 07:00:00,Random Forest,7,0.8933053884631671,1.0227818222486165,2020-12-22 07:00:00,2022-12-22 07:00:00,2022-12-22 07:00:00,730,1,-0.28640559026943707,0.28640559026943707,"{'max_depth': 10, 'max_features': 0.5, 'min_samples_leaf': 2, 'n_estimators': 100}"
2022-12-22 07:00:00,Neural Network,7,0.8933053884631671,0.6853151752417137,2020-12-22 07:00:00,2022-12-22 07:00:00,2022-12-22 07:00:00,730,1,-0.35941423956503044,0.35941423956503044,"{'regressor__model__alpha': 0.0001, 'regressor__model__hidden_layer_sizes': (64, 32), 'regressor__model__learning_rate_init': 0.0001}"
2022-12-22 07:00:00,Naive,7,0.8933053884631671,1.0829318480230627,2020-12-22 07:00:00,2022-12-22 07:00:00,2022-12-22 07:00:00,730,1,,,not_applicable
2022-12-23 07:00:00,Decision Tree,7,0.6196497301799803,0.5721300906545217,2020-12-23 07:00:00,2022-12-23 07:00:00,2022-12-23 07:00:00,730,1,-0.42290985504429074,0.42290985504429074,"{'max_depth': None, 'min_samples_leaf': 1, 'min_samples_split': 20}"
2022-12-23 07:00:00,ARX,7,0.6196497301799803,0.905055713231982,2020-12-23 07:00:00,2022-12-23 07:00:00,2022-12-23 07:00:00,730,1,-0.3032104293734177,0.3032104293734177,{'model__alpha': 0.01}
2022-12-23 07:00:00,Random Forest,7,0.6196497301799803,0.9288461569182631,2020-12-23 07:00:00,2022-12-23 07:00:00,2022-12-23 07:00:00,730,1,-0.28640559026943707,0.28640559026943707,"{'max_depth': 10, 'max_features': 0.5, 'min_samples_leaf': 2, 'n_estimators': 100}"
2022-12-23 07:00:00,Neural Network,7,0.6196497301799803,0.9884453537729515,2020-12-23 07:00:00,2022-12-23 07:00:00,2022-12-23 07:00:00,730,1,-0.35941423956503044,0.35941423956503044,"{'regressor__model__alpha': 0.0001, 'regressor__model__hidden_layer_sizes': (64, 32), 'regressor__model__learning_rate_init': 0.0001}"
2022-12-23 07:00:00,Naive,7,0.6196497301799803,0.8933053884631671,2020-12-23 07:00:00,2022-12-23 07:00:00,2022-12-23 07:00:00,730,1,,,not_applicable
2022-12-24 07:00:00,Decision Tree,7,-0.2324925380439146,-0.5261436757314679,2020-12-24 07:00:00,2022-12-24 07:00:00,2022-12-24 07:00:00,730,1,-0.42290985504429074,0.42290985504429074,"{'max_depth': None, 'min_samples_leaf': 1, 'min_samples_split': 20}"
2022-12-24 07:00:00,ARX,7,-0.2324925380439146,-0.3673111392700028,2020-12-24 07:00:00,2022-12-24 07:00:00,2022-12-24 07:00:00,730,1,-0.3032104293734177,0.3032104293734177,{'model__alpha': 0.01}
2022-12-24 07:00:00,Random Forest,7,-0.2324925380439146,-0.7222633752477341,2020-12-24 07:00:00,2022-12-24 07:00:00,2022-12-24 07:00:00,730,1,-0.28640559026943707,0.28640559026943707,"{'max_depth': 10, 'max_features': 0.5, 'min_samples_leaf': 2, 'n_estimators': 100}"
2022-12-24 07:00:00,Neural Network,7,-0.2324925380439146,-0.350363510898958,2020-12-24 07:00:00,2022-12-24 07:00:00,2022-12-24 07:00:00,730,1,-0.35941423956503044,0.35941423956503044,"{'regressor__model__alpha': 0.0001, 'regressor__model__hidden_layer_sizes': (64, 32), 'regressor__model__learning_rate_init': 0.0001}"
2022-12-24 07:00:00,Naive,7,-0.2324925380439146,0.6196497301799803,2020-12-24 07:00:00,2022-12-24 07:00:00,2022-12-24 07:00:00,730,1,,,not_applicable
2022-12-25 07:00:00,Decision Tree,7,-0.286990371069059,-0.4994481177598722,2020-12-25 07:00:00,2022-12-25 07:00:00,2022-12-25 07:00:00,730,1,-0.42290985504429074,0.42290985504429074,"{'max_depth': None, 'min_samples_leaf': 1, 'min_samples_split': 20}"
2022-12-25 07:00:00,ARX,7,-0.286990371069059,-0.6463954666759633,2020-12-25 07:00:00,2022-12-25 07:00:00,2022-12-25 07:00:00,730,1,-0.3032104293734177,0.3032104293734177,{'model__alpha': 0.01}
2022-12-25 07:00:00,Random Forest,7,-0.286990371069059,-0.5891722205902078,2020-12-25 07:00:00,2022-12-25 07:00:00,2022-12-25 07:00:00,730,1,-0.28640559026943707,0.28640559026943707,"{'max_depth': 10, 'max_features': 0.5, 'min_samples_leaf': 2, 'n_estimators': 100}"
2022-12-25 07:00:00,Neural Network,7,-0.286990371069059,-1.5209629218064247,2020-12-25 07:00:00,2022-12-25 07:00:00,2022-12-25 07:00:00,730,1,-0.35941423956503044,0.35941423956503044,"{'regressor__model__alpha': 0.0001, 'regressor__model__hidden_layer_sizes': (64, 32), 'regressor__model__learning_rate_init': 0.0001}"
2022-12-25 07:00:00,Naive,7,-0.286990371069059,-0.2324925380439146,2020-12-25 07:00:00,2022-12-25 07:00:00,2022-12-25 07:00:00,730,1,,,not_applicable
2022-12-26 07:00:00,Decision Tree,7,-0.863097341331421,-0.2733611225829529,2020-12-26 07:00:00,2022-12-26 07:00:00,2022-12-26 07:00:00,730,1,-0.42290985504429074,0.42290985504429074,"{'max_depth': None, 'min_samples_leaf': 1, 'min_samples_split': 20}"
2022-12-26 07:00:00,ARX,7,-0.863097341331421,-0.774664535317743,2020-12-26 07:00:00,2022-12-26 07:00:00,2022-12-26 07:00:00,730,1,-0.3032104293734177,0.3032104293734177,{'model__alpha': 0.01}
2022-12-26 07:00:00,Random Forest,7,-0.863097341331421,-0.44334772289276836,2020-12-26 07:00:00,2022-12-26 07:00:00,2022-12-26 07:00:00,730,1,-0.28640559026943707,0.28640559026943707,"{'max_depth': 10, 'max_features': 0.5, 'min_samples_leaf': 2, 'n_estimators': 100}"
2022-12-26 07:00:00,Neural Network,7,-0.863097341331421,-0.7836639152274174,2020-12-26 07:00:00,2022-12-26 07:00:00,2022-12-26 07:00:00,730,1,-0.35941423956503044,0.35941423956503044,"{'regressor__model__alpha': 0.0001, 'regressor__model__hidden_layer_sizes': (64, 32), 'regressor__model__learning_rate_init': 0.0001}"
2022-12-26 07:00:00,Naive,7,-0.863097341331421,-0.286990371069059,2020-12-26 07:00:00,2022-12-26 07:00:00,2022-12-26 07:00:00,730,1,,,not_applicable
2022-12-27 07:00:00,Decision Tree,7,-0.3968330199533238,0.5169839627244074,2020-12-27 07:00:00,2022-12-27 07:00:00,2022-12-27 07:00:00,730,1,-0.42290985504429074,0.42290985504429074,"{'max_depth': None, 'min_samples_leaf': 1, 'min_samples_split': 20}"
2022-12-27 07:00:00,ARX,7,-0.3968330199533238,-0.5797736298534228,2020-12-27 07:00:00,2022-12-27 07:00:00,2022-12-27 07:00:00,730,1,-0.3032104293734177,0.3032104293734177,{'model__alpha': 0.01}
2022-12-27 07:00:00,Random Forest,7,-0.3968330199533238,0.08230723620405551,2020-12-27 07:00:00,2022-12-27 07:00:00,2022-12-27 07:00:00,730,1,-0.28640559026943707,0.28640559026943707,"{'max_depth': 10, 'max_features': 0.5, 'min_samples_leaf': 2, 'n_estimators': 100}"
2022-12-27 07:00:00,Neural Network,7,-0.3968330199533238,-0.4193841884832732,2020-12-27 07:00:00,2022-12-27 07:00:00,2022-12-27 07:00:00,730,1,-0.35941423956503044,0.35941423956503044,"{'regressor__model__alpha': 0.0001, 'regressor__model__hidden_layer_sizes': (64, 32), 'regressor__model__learning_rate_init': 0.0001}"
2022-12-27 07:00:00,Naive,7,-0.3968330199533238,-0.863097341331421,2020-12-27 07:00:00,2022-12-27 07:00:00,2022-12-27 07:00:00,730,1,,,not_applicable
2022-12-28 07:00:00,Decision Tree,7,-0.8069367276730718,0.18193544095162958,2020-12-28 07:00:00,2022-12-28 07:00:00,2022-12-28 07:00:00,730,1,-0.42290985504429074,0.42290985504429074,"{'max_depth': None, 'min_samples_leaf': 1, 'min_samples_split': 20}"
2022-12-28 07:00:00,ARX,7,-0.8069367276730718,-0.4432038729895993,2020-12-28 07:00:00,2022-12-28 07:00:00,2022-12-28 07:00:00,730,1,-0.3032104293734177,0.3032104293734177,{'model__alpha': 0.01}
2022-12-28 07:00:00,Random Forest,7,-0.8069367276730718,0.21785551994188887,2020-12-28 07:00:00,2022-12-28 07:00:00,2022-12-28 07:00:00,730,1,-0.28640559026943707,0.28640559026943707,"{'max_depth': 10, 'max_features': 0.5, 'min_samples_leaf': 2, 'n_estimators': 100}"
2022-12-28 07:00:00,Neural Network,7,-0.8069367276730718,-0.1405252930191354,2020-12-28 07:00:00,2022-12-28 07:00:00,2022-12-28 07:00:00,730,1,-0.35941423956503044,0.35941423956503044,"{'regressor__model__alpha': 0.0001, 'regressor__model__hidden_layer_sizes': (64, 32), 'regressor__model__learning_rate_init': 0.0001}"
2022-12-28 07:00:00,Naive,7,-0.8069367276730718,-0.3968330199533238,2020-12-28 07:00:00,2022-12-28 07:00:00,2022-12-28 07:00:00,730,1,,,not_applicable
2022-12-29 07:00:00,Decision Tree,7,-1.0201206798314504,-1.008219408466846,2020-12-29 07:00:00,2022-12-29 07:00:00,2022-12-29 07:00:00,730,1,-0.42290985504429074,0.42290985504429074,"{'max_depth': None, 'min_samples_leaf': 1, 'min_samples_split': 20}"
2022-12-29 07:00:00,ARX,7,-1.0201206798314504,-1.1577896224080044,2020-12-29 07:00:00,2022-12-29 07:00:00,2022-12-29 07:00:00,730,1,-0.3032104293734177,0.3032104293734177,{'model__alpha': 0.01}
2022-12-29 07:00:00,Random Forest,7,-1.0201206798314504,-0.6015146359344247,2020-12-29 07:00:00,2022-12-29 07:00:00,2022-12-29 07:00:00,730,1,-0.28640559026943707,0.28640559026943707,"{'max_depth': 10, 'max_features': 0.5, 'min_samples_leaf': 2, 'n_estimators': 100}"
2022-12-29 07:00:00,Neural Network,7,-1.0201206798314504,-1.2219115731244732,2020-12-29 07:00:00,2022-12-29 07:00:00,2022-12-29 07:00:00,730,1,-0.35941423956503044,0.35941423956503044,"{'regressor__model__alpha': 0.0001, 'regressor__model__hidden_layer_sizes': (64, 32), 'regressor__model__learning_rate_init': 0.0001}"
2022-12-29 07:00:00,Naive,7,-1.0201206798314504,-0.8069367276730718,2020-12-29 07:00:00,2022-12-29 07:00:00,2022-12-29 07:00:00,730,1,,,not_applicable
2022-12-30 07:00:00,Decision Tree,7,-0.8592406904246386,-0.40830980872273376,2020-12-30 07:00:00,2022-12-30 07:00:00,2022-12-30 07:00:00,730,1,-0.42290985504429074,0.42290985504429074,"{'max_depth': None, 'min_samples_leaf': 1, 'min_samples_split': 20}"
2022-12-30 07:00:00,ARX,7,-0.8592406904246386,-0.6502936781239577,2020-12-30 07:00:00,2022-12-30 07:00:00,2022-12-30 07:00:00,730,1,-0.3032104293734177,0.3032104293734177,{'model__alpha': 0.01}
2022-12-30 07:00:00,Random Forest,7,-0.8592406904246386,-0.17324090517908108,2020-12-30 07:00:00,2022-12-30 07:00:00,2022-12-30 07:00:00,730,1,-0.28640559026943707,0.28640559026943707,"{'max_depth': 10, 'max_features': 0.5, 'min_samples_leaf': 2, 'n_estimators': 100}"
2022-12-30 07:00:00,Neural Network,7,-0.8592406904246386,-0.41343273014360493,2020-12-30 07:00:00,2022-12-30 07:00:00,2022-12-30 07:00:00,730,1,-0.35941423956503044,0.35941423956503044,"{'regressor__model__alpha': 0.0001, 'regressor__model__hidden_layer_sizes': (64, 32), 'regressor__model__learning_rate_init': 0.0001}"
2022-12-30 07:00:00,Naive,7,-0.8592406904246386,-1.0201206798314504,2020-12-30 07:00:00,2022-12-30 07:00:00,2022-12-30 07:00:00,730,1,,,not_applicable
2022-12-31 07:00:00,Decision Tree,7,-1.0197648763240825,-1.2076061239861973,2020-12-31 07:00:00,2022-12-31 07:00:00,2022-12-31 07:00:00,730,1,-0.42290985504429074,0.42290985504429074,"{'max_depth': None, 'min_samples_leaf': 1, 'min_samples_split': 20}"
2022-12-31 07:00:00,ARX,7,-1.0197648763240825,-1.7330231072873883,2020-12-31 07:00:00,2022-12-31 07:00:00,2022-12-31 07:00:00,730,1,-0.3032104293734177,0.3032104293734177,{'model__alpha': 0.01}
2022-12-31 07:00:00,Random Forest,7,-1.0197648763240825,-0.9127365217458699,2020-12-31 07:00:00,2022-12-31 07:00:00,2022-12-31 07:00:00,730,1,-0.28640559026943707,0.28640559026943707,"{'max_depth': 10, 'max_features': 0.5, 'min_samples_leaf': 2, 'n_estimators': 100}"
2022-12-31 07:00:00,Neural Network,7,-1.0197648763240825,-1.5548546969466208,2020-12-31 07:00:00,2022-12-31 07:00:00,2022-12-31 07:00:00,730,1,-0.35941423956503044,0.35941423956503044,"{'regressor__model__alpha': 0.0001, 'regressor__model__hidden_layer_sizes': (64, 32), 'regressor__model__learning_rate_init': 0.0001}"
2022-12-31 07:00:00,Naive,7,-1.0197648763240825,-0.8592406904246386,2020-12-31 07:00:00,2022-12-31 07:00:00,2022-12-31 07:00:00,730,1,,,not_applicable
2023-01-01 07:00:00,Decision Tree,7,-1.0271278587534813,-0.5789268375943072,2021-01-01 07:00:00,2023-01-01 07:00:00,2023-01-01 07:00:00,730,1,-0.42290985504429074,0.42290985504429074,"{'max_depth': None, 'min_samples_leaf': 1, 'min_samples_split': 20}"
2023-01-01 07:00:00,ARX,7,-1.0271278587534813,-2.245779612203382,2021-01-01 07:00:00,2023-01-01 07:00:00,2023-01-01 07:00:00,730,1,-0.3032104293734177,0.3032104293734177,{'model__alpha': 0.01}
2023-01-01 07:00:00,Random Forest,7,-1.0271278587534813,-1.0285017480304885,2021-01-01 07:00:00,2023-01-01 07:00:00,2023-01-01 07:00:00,730,1,-0.28640559026943707,0.28640559026943707,"{'max_depth': 10, 'max_features': 0.5, 'min_samples_leaf': 2, 'n_estimators': 100}"
2023-01-01 07:00:00,Neural Network,7,-1.0271278587534813,-2.756156399221287,2021-01-01 07:00:00,2023-01-01 07:00:00,2023-01-01 07:00:00,730,1,-0.35941423956503044,0.35941423956503044,"{'regressor__model__alpha': 0.0001, 'regressor__model__hidden_layer_sizes': (64, 32), 'regressor__model__learning_rate_init': 0.0001}"
2023-01-01 07:00:00,Naive,7,-1.0271278587534813,-1.0197648763240825,2021-01-01 07:00:00,2023-01-01 07:00:00,2023-01-01 07:00:00,730,1,,,not_applicable
2023-01-02 07:00:00,Decision Tree,7,0.17483377251303514,0.3357141014736812,2021-01-02 07:00:00,2023-01-02 07:00:00,2023-01-02 07:00:00,730,1,-0.42290985504429074,0.42290985504429074,"{'max_depth': None, 'min_samples_leaf': 1, 'min_samples_split': 20}"
2023-01-02 07:00:00,ARX,7,0.17483377251303514,-0.6984021502962112,2021-01-02 07:00:00,2023-01-02 07:00:00,2023-01-02 07:00:00,730,1,-0.3032104293734177,0.3032104293734177,{'model__alpha': 0.01}
2023-01-02 07:00:00,Random Forest,7,0.17483377251303514,-0.11278913390439384,2021-01-02 07:00:00,2023-01-02 07:00:00,2023-01-02 07:00:00,730,1,-0.28640559026943707,0.28640559026943707,"{'max_depth': 10, 'max_features': 0.5, 'min_samples_leaf': 2, 'n_estimators': 100}"
2023-01-02 07:00:00,Neural Network,7,0.17483377251303514,-0.9110851582683814,2021-01-02 07:00:00,2023-01-02 07:00:00,2023-01-02 07:00:00,730,1,-0.35941423956503044,0.35941423956503044,"{'regressor__model__alpha': 0.0001, 'regressor__model__hidden_layer_sizes': (64, 32), 'regressor__model__learning_rate_init': 0.0001}"
2023-01-02 07:00:00,Naive,7,0.17483377251303514,-1.0271278587534813,2021-01-02 07:00:00,2023-01-02 07:00:00,2023-01-02 07:00:00,730,1,,,not_applicable
2023-01-03 07:00:00,Decision Tree,7,0.3527647385310199,0.6792431041508864,2021-01-03 07:00:00,2023-01-03 07:00:00,2023-01-03 07:00:00,730,1,-0.42290985504429074,0.42290985504429074,"{'max_depth': None, 'min_samples_leaf': 1, 'min_samples_split': 20}"
2023-01-03 07:00:00,ARX,7,0.3527647385310199,0.329947243342974,2021-01-03 07:00:00,2023-01-03 07:00:00,2023-01-03 07:00:00,730,1,-0.3032104293734177,0.3032104293734177,{'model__alpha': 0.01}
2023-01-03 07:00:00,Random Forest,7,0.3527647385310199,0.6260772616039356,2021-01-03 07:00:00,2023-01-03 07:00:00,2023-01-03 07:00:00,730,1,-0.28640559026943707,0.28640559026943707,"{'max_depth': 10, 'max_features': 0.5, 'min_samples_leaf': 2, 'n_estimators': 100}"
2023-01-03 07:00:00,Neural Network,7,0.3527647385310199,0.23422720948063636,2021-01-03 07:00:00,2023-01-03 07:00:00,2023-01-03 07:00:00,730,1,-0.35941423956503044,0.35941423956503044,"{'regressor__model__alpha': 0.0001, 'regressor__model__hidden_layer_sizes': (64, 32), 'regressor__model__learning_rate_init': 0.0001}"
2023-01-03 07:00:00,Naive,7,0.3527647385310199,0.17483377251303514,2021-01-03 07:00:00,2023-01-03 07:00:00,2023-01-03 07:00:00,730,1,,,not_applicable
2023-01-04 07:00:00,Decision Tree,7,-0.4219897951702289,0.1383615362659056,2021-01-04 07:00:00,2023-01-04 07:00:00,2023-01-04 07:00:00,730,1,-0.42290985504429074,0.42290985504429074,"{'max_depth': None, 'min_samples_leaf': 1, 'min_samples_split': 20}"
2023-01-04 07:00:00,ARX,7,-0.4219897951702289,-0.5219545395907164,2021-01-04 07:00:00,2023-01-04 07:00:00,2023-01-04 07:00:00,730,1,-0.3032104293734177,0.3032104293734177,{'model__alpha': 0.01}
2023-01-04 07:00:00,Random Forest,7,-0.4219897951702289,0.21382602313562607,2021-01-04 07:00:00,2023-01-04 07:00:00,2023-01-04 07:00:00,730,1,-0.28640559026943707,0.28640559026943707,"{'max_depth': 10, 'max_features': 0.5, 'min_samples_leaf': 2, 'n_estimators': 100}"
2023-01-04 07:00:00,Neural Network,7,-0.4219897951702289,-0.49418781176403814,2021-01-04 07:00:00,2023-01-04 07:00:00,2023-01-04 07:00:00,730,1,-0.35941423956503044,0.35941423956503044,"{'regressor__model__alpha': 0.0001, 'regressor__model__hidden_layer_sizes': (64, 32), 'regressor__model__learning_rate_init': 0.0001}"
2023-01-04 07:00:00,Naive,7,-0.4219897951702289,0.3527647385310199,2021-01-04 07:00:00,2023-01-04 07:00:00,2023-01-04 07:00:00,730,1,,,not_applicable
2023-01-05 07:00:00,Decision Tree,7,-0.34932444755355907,0.09833644116332461,2021-01-05 07:00:00,2023-01-05 07:00:00,2023-01-05 07:00:00,730,1,-0.42290985504429074,0.42290985504429074,"{'max_depth': None, 'min_samples_leaf': 1, 'min_samples_split': 20}"
2023-01-05 07:00:00,ARX,7,-0.34932444755355907,-0.7121017424025256,2021-01-05 07:00:00,2023-01-05 07:00:00,2023-01-05 07:00:00,730,1,-0.3032104293734177,0.3032104293734177,{'model__alpha': 0.01}
2023-01-05 07:00:00,Random Forest,7,-0.34932444755355907,-0.14038102234960165,2021-01-05 07:00:00,2023-01-05 07:00:00,2023-01-05 07:00:00,730,1,-0.28640559026943707,0.28640559026943707,"{'max_depth': 10, 'max_features': 0.5, 'min_samples_leaf': 2, 'n_estimators': 100}"
2023-01-05 07:00:00,Neural Network,7,-0.34932444755355907,-0.44140825709223463,2021-01-05 07:00:00,2023-01-05 07:00:00,2023-01-05 07:00:00,730,1,-0.35941423956503044,0.35941423956503044,"{'regressor__model__alpha': 0.0001, 'regressor__model__hidden_layer_sizes': (64, 32), 'regressor__model__learning_rate_init': 0.0001}"
2023-01-05 07:00:00,Naive,7,-0.34932444755355907,-0.4219897951702289,2021-01-05 07:00:00,2023-01-05 07:00:00,2023-01-05 07:00:00,730,1,,,not_applicable
2023-01-06 07:00:00,Decision Tree,7,-0.16902663827217457,0.3260918980650528,2021-01-06 07:00:00,2023-01-06 07:00:00,2023-01-06 07:00:00,730,1,-0.42290985504429074,0.42290985504429074,"{'max_depth': None, 'min_samples_leaf': 1, 'min_samples_split': 20}"
2023-01-06 07:00:00,ARX,7,-0.16902663827217457,0.052798181599609695,2021-01-06 07:00:00,2023-01-06 07:00:00,2023-01-06 07:00:00,730,1,-0.3032104293734177,0.3032104293734177,{'model__alpha': 0.01}
2023-01-06 07:00:00,Random Forest,7,-0.16902663827217457,0.292492219458382,2021-01-06 07:00:00,2023-01-06 07:00:00,2023-01-06 07:00:00,730,1,-0.28640559026943707,0.28640559026943707,"{'max_depth': 10, 'max_features': 0.5, 'min_samples_leaf': 2, 'n_estimators': 100}"
2023-01-06 07:00:00,Neural Network,7,-0.16902663827217457,0.07866398621399262,2021-01-06 07:00:00,2023-01-06 07:00:00,2023-01-06 07:00:00,730,1,-0.35941423956503044,0.35941423956503044,"{'regressor__model__alpha': 0.0001, 'regressor__model__hidden_layer_sizes': (64, 32), 'regressor__model__learning_rate_init': 0.0001}"
2023-01-06 07:00:00,Naive,7,-0.16902663827217457,-0.34932444755355907,2021-01-06 07:00:00,2023-01-06 07:00:00,2023-01-06 07:00:00,730,1,,,not_applicable
2023-01-07 07:00:00,Decision Tree,7,-0.2018292039331211,-0.2517217918716084,2021-01-07 07:00:00,2023-01-07 07:00:00,2023-01-07 07:00:00,730,1,-0.42290985504429074,0.42290985504429074,"{'max_depth': None, 'min_samples_leaf': 1, 'min_samples_split': 20}"
2023-01-07 07:00:00,ARX,7,-0.2018292039331211,-0.22161069913349207,2021-01-07 07:00:00,2023-01-07 07:00:00,2023-01-07 07:00:00,730,1,-0.3032104293734177,0.3032104293734177,{'model__alpha': 0.01}
2023-01-07 07:00:00,Random Forest,7,-0.2018292039331211,-0.15777367409413945,2021-01-07 07:00:00,2023-01-07 07:00:00,2023-01-07 07:00:00,730,1,-0.28640559026943707,0.28640559026943707,"{'max_depth': 10, 'max_features': 0.5, 'min_samples_leaf': 2, 'n_estimators': 100}"
2023-01-07 07:00:00,Neural Network,7,-0.2018292039331211,-0.211121464863552,2021-01-07 07:00:00,2023-01-07 07:00:00,2023-01-07 07:00:00,730,1,-0.35941423956503044,0.35941423956503044,"{'regressor__model__alpha': 0.0001, 'regressor__model__hidden_layer_sizes': (64, 32), 'regressor__model__learning_rate_init': 0.0001}"
2023-01-07 07:00:00,Naive,7,-0.2018292039331211,-0.16902663827217457,2021-01-07 07:00:00,2023-01-07 07:00:00,2023-01-07 07:00:00,730,1,,,not_applicable
2023-01-08 07:00:00,Decision Tree,7,-0.9170512250991337,-0.24815803559028785,2021-01-08 07:00:00,2023-01-08 07:00:00,2023-01-08 07:00:00,730,1,-0.42290985504429074,0.42290985504429074,"{'max_depth': None, 'min_samples_leaf': 1, 'min_samples_split': 20}"
2023-01-08 07:00:00,ARX,7,-0.9170512250991337,-0.8579673601889937,2021-01-08 07:00:00,2023-01-08 07:00:00,2023-01-08 07:00:00,730,1,-0.3032104293734177,0.3032104293734177,{'model__alpha': 0.01}
2023-01-08 07:00:00,Random Forest,7,-0.9170512250991337,-0.5563755521810068,2021-01-08 07:00:00,2023-01-08 07:00:00,2023-01-08 07:00:00,730,1,-0.28640559026943707,0.28640559026943707,"{'max_depth': 10, 'max_features': 0.5, 'min_samples_leaf': 2, 'n_estimators': 100}"
2023-01-08 07:00:00,Neural Network,7,-0.9170512250991337,-0.6603216769625542,2021-01-08 07:00:00,2023-01-08 07:00:00,2023-01-08 07:00:00,730,1,-0.35941423956503044,0.35941423956503044,"{'regressor__model__alpha': 0.0001, 'regressor__model__hidden_layer_sizes': (64, 32), 'regressor__model__learning_rate_init': 0.0001}"
2023-01-08 07:00:00,Naive,7,-0.9170512250991337,-0.2018292039331211,2021-01-08 07:00:00,2023-01-08 07:00:00,2023-01-08 07:00:00,730,1,,,not_applicable
2023-01-09 07:00:00,Decision Tree,7,0.3449519552191095,0.06635582584784955,2021-01-09 07:00:00,2023-01-09 07:00:00,2023-01-09 07:00:00,730,1,-0.42290985504429074,0.42290985504429074,"{'max_depth': None, 'min_samples_leaf': 1, 'min_samples_split': 20}"
2023-01-09 07:00:00,ARX,7,0.3449519552191095,0.22205043946145198,2021-01-09 07:00:00,2023-01-09 07:00:00,2023-01-09 07:00:00,730,1,-0.3032104293734177,0.3032104293734177,{'model__alpha': 0.01}
2023-01-09 07:00:00,Random Forest,7,0.3449519552191095,0.2610044198760788,2021-01-09 07:00:00,2023-01-09 07:00:00,2023-01-09 07:00:00,730,1,-0.28640559026943707,0.28640559026943707,"{'max_depth': 10, 'max_features': 0.5, 'min_samples_leaf': 2, 'n_estimators': 100}"
2023-01-09 07:00:00,Neural Network,7,0.3449519552191095,0.5113805757570069,2021-01-09 07:00:00,2023-01-09 07:00:00,2023-01-09 07:00:00,730,1,-0.35941423956503044,0.35941423956503044,"{'regressor__model__alpha': 0.0001, 'regressor__model__hidden_layer_sizes': (64, 32), 'regressor__model__learning_rate_init': 0.0001}"
2023-01-09 07:00:00,Naive,7,0.3449519552191095,-0.9170512250991337,2021-01-09 07:00:00,2023-01-09 07:00:00,2023-01-09 07:00:00,730,1,,,not_applicable
2023-01-10 07:00:00,Decision Tree,7,0.29195724534591166,0.08274383345792367,2021-01-10 07:00:00,2023-01-10 07:00:00,2023-01-10 07:00:00,730,1,-0.42290985504429074,0.42290985504429074,"{'max_depth': None, 'min_samples_leaf': 1, 'min_samples_split': 20}"
2023-01-10 07:00:00,ARX,7,0.29195724534591166,0.4608715881352241,2021-01-10 07:00:00,2023-01-10 07:00:00,2023-01-10 07:00:00,730,1,-0.3032104293734177,0.3032104293734177,{'model__alpha': 0.01}
2023-01-10 07:00:00,Random Forest,7,0.29195724534591166,0.4611514646991074,2021-01-10 07:00:00,2023-01-10 07:00:00,2023-01-10 07:00:00,730,1,-0.28640559026943707,0.28640559026943707,"{'max_depth': 10, 'max_features': 0.5, 'min_samples_leaf': 2, 'n_estimators': 100}"
2023-01-10 07:00:00,Neural Network,7,0.29195724534591166,0.4873397888240112,2021-01-10 07:00:00,2023-01-10 07:00:00,2023-01-10 07:00:00,730,1,-0.35941423956503044,0.35941423956503044,"{'regressor__model__alpha': 0.0001, 'regressor__model__hidden_layer_sizes': (64, 32), 'regressor__model__learning_rate_init': 0.0001}"
2023-01-10 07:00:00,Naive,7,0.29195724534591166,0.3449519552191095,2021-01-10 07:00:00,2023-01-10 07:00:00,2023-01-10 07:00:00,730,1,,,not_applicable
2023-01-11 07:00:00,Decision Tree,7,-0.32349743047087703,0.09436680078503412,2021-01-11 07:00:00,2023-01-11 07:00:00,2023-01-11 07:00:00,730,1,-0.42290985504429074,0.42290985504429074,"{'max_depth': None, 'min_samples_leaf': 1, 'min_samples_split': 20}"
2023-01-11 07:00:00,ARX,7,-0.32349743047087703,-0.18594777057010026,2021-01-11 07:00:00,2023-01-11 07:00:00,2023-01-11 07:00:00,730,1,-0.3032104293734177,0.3032104293734177,{'model__alpha': 0.01}
2023-01-11 07:00:00,Random Forest,7,-0.32349743047087703,0.07151097665699273,2021-01-11 07:00:00,2023-01-11 07:00:00,2023-01-11 07:00:00,730,1,-0.28640559026943707,0.28640559026943707,"{'max_depth': 10, 'max_features': 0.5, 'min_samples_leaf': 2, 'n_estimators': 100}"
2023-01-11 07:00:00,Neural Network,7,-0.32349743047087703,-0.050481021466575626,2021-01-11 07:00:00,2023-01-11 07:00:00,2023-01-11 07:00:00,730,1,-0.35941423956503044,0.35941423956503044,"{'regressor__model__alpha': 0.0001, 'regressor__model__hidden_layer_sizes': (64, 32), 'regressor__model__learning_rate_init': 0.0001}"
2023-01-11 07:00:00,Naive,7,-0.32349743047087703,0.29195724534591166,2021-01-11 07:00:00,2023-01-11 07:00:00,2023-01-11 07:00:00,730,1,,,not_applicable
2023-01-12 07:00:00,Decision Tree,7,-0.13063173443470186,0.057303114029548984,2021-01-12 07:00:00,2023-01-12 07:00:00,2023-01-12 07:00:00,730,1,-0.42290985504429074,0.42290985504429074,"{'max_depth': None, 'min_samples_leaf': 1, 'min_samples_split': 20}"
2023-01-12 07:00:00,ARX,7,-0.13063173443470186,-0.10189889776263605,2021-01-12 07:00:00,2023-01-12 07:00:00,2023-01-12 07:00:00,730,1,-0.3032104293734177,0.3032104293734177,{'model__alpha': 0.01}
2023-01-12 07:00:00,Random Forest,7,-0.13063173443470186,-0.13946345577464575,2021-01-12 07:00:00,2023-01-12 07:00:00,2023-01-12 07:00:00,730,1,-0.28640559026943707,0.28640559026943707,"{'max_depth': 10, 'max_features': 0.5, 'min_samples_leaf': 2, 'n_estimators': 100}"
2023-01-12 07:00:00,Neural Network,7,-0.13063173443470186,-0.17899179542987387,2021-01-12 07:00:00,2023-01-12 07:00:00,2023-01-12 07:00:00,730,1,-0.35941423956503044,0.35941423956503044,"{'regressor__model__alpha': 0.0001, 'regressor__model__hidden_layer_sizes': (64, 32), 'regressor__model__learning_rate_init': 0.0001}"
2023-01-12 07:00:00,Naive,7,-0.13063173443470186,-0.32349743047087703,2021-01-12 07:00:00,2023-01-12 07:00:00,2023-01-12 07:00:00,730,1,,,not_applicable
2023-01-13 07:00:00,Decision Tree,7,-0.35421954849104953,-0.1565608201329503,2021-01-13 07:00:00,2023-01-13 07:00:00,2023-01-13 07:00:00,730,1,-0.42290985504429074,0.42290985504429074,"{'max_depth': None, 'min_samples_leaf': 1, 'min_samples_split': 20}"
2023-01-13 07:00:00,ARX,7,-0.35421954849104953,-0.23659349023347853,2021-01-13 07:00:00,2023-01-13 07:00:00,2023-01-13 07:00:00,730,1,-0.3032104293734177,0.3032104293734177,{'model__alpha': 0.01}
2023-01-13 07:00:00,Random Forest,7,-0.35421954849104953,0.0027425073090355722,2021-01-13 07:00:00,2023-01-13 07:00:00,2023-01-13 07:00:00,730,1,-0.28640559026943707,0.28640559026943707,"{'max_depth': 10, 'max_features': 0.5, 'min_samples_leaf': 2, 'n_estimators': 100}"
2023-01-13 07:00:00,Neural Network,7,-0.35421954849104953,-0.2140124682985991,2021-01-13 07:00:00,2023-01-13 07:00:00,2023-01-13 07:00:00,730,1,-0.35941423956503044,0.35941423956503044,"{'regressor__model__alpha': 0.0001, 'regressor__model__hidden_layer_sizes': (64, 32), 'regressor__model__learning_rate_init': 0.0001}"
2023-01-13 07:00:00,Naive,7,-0.35421954849104953,-0.13063173443470186,2021-01-13 07:00:00,2023-01-13 07:00:00,2023-01-13 07:00:00,730,1,,,not_applicable
2023-01-14 07:00:00,Decision Tree,7,-0.6540034157665898,-0.1707838384921519,2021-01-14 07:00:00,2023-01-14 07:00:00,2023-01-14 07:00:00,730,1,-0.42290985504429074,0.42290985504429074,"{'max_depth': None, 'min_samples_leaf': 1, 'min_samples_split': 20}"
2023-01-14 07:00:00,ARX,7,-0.6540034157665898,-0.6261182019646052,2021-01-14 07:00:00,2023-01-14 07:00:00,2023-01-14 07:00:00,730,1,-0.3032104293734177,0.3032104293734177,{'model__alpha': 0.01}
2023-01-14 07:00:00,Random Forest,7,-0.6540034157665898,-0.5678679324062217,2021-01-14 07:00:00,2023-01-14 07:00:00,2023-01-14 07:00:00,730,1,-0.28640559026943707,0.28640559026943707,"{'max_depth': 10, 'max_features': 0.5, 'min_samples_leaf': 2, 'n_estimators': 100}"
2023-01-14 07:00:00,Neural Network,7,-0.6540034157665898,-0.9171810765177948,2021-01-14 07:00:00,2023-01-14 07:00:00,2023-01-14 07:00:00,730,1,-0.35941423956503044,0.35941423956503044,"{'regressor__model__alpha': 0.0001, 'regressor__model__hidden_layer_sizes': (64, 32), 'regressor__model__learning_rate_init': 0.0001}"
2023-01-14 07:00:00,Naive,7,-0.6540034157665898,-0.35421954849104953,2021-01-14 07:00:00,2023-01-14 07:00:00,2023-01-14 07:00:00,730,1,,,not_applicable
2023-01-15 07:00:00,Decision Tree,7,-1.0164640296257397,-0.715857743993399,2021-01-15 07:00:00,2023-01-15 07:00:00,2023-01-15 07:00:00,730,1,-0.42290985504429074,0.42290985504429074,"{'max_depth': None, 'min_samples_leaf': 1, 'min_samples_split': 20}"
2023-01-15 07:00:00,ARX,7,-1.0164640296257397,-1.3455502147881742,2021-01-15 07:00:00,2023-01-15 07:00:00,2023-01-15 07:00:00,730,1,-0.3032104293734177,0.3032104293734177,{'model__alpha': 0.01}
2023-01-15 07:00:00,Random Forest,7,-1.0164640296257397,-0.8735865923907187,2021-01-15 07:00:00,2023-01-15 07:00:00,2023-01-15 07:00:00,730,1,-0.28640559026943707,0.28640559026943707,"{'max_depth': 10, 'max_features': 0.5, 'min_samples_leaf': 2, 'n_estimators': 100}"
2023-01-15 07:00:00,Neural Network,7,-1.0164640296257397,-1.2523983040899818,2021-01-15 07:00:00,2023-01-15 07:00:00,2023-01-15 07:00:00,730,1,-0.35941423956503044,0.35941423956503044,"{'regressor__model__alpha': 0.0001, 'regressor__model__hidden_layer_sizes': (64, 32), 'regressor__model__learning_rate_init': 0.0001}"
2023-01-15 07:00:00,Naive,7,-1.0164640296257397,-0.6540034157665898,2021-01-15 07:00:00,2023-01-15 07:00:00,2023-01-15 07:00:00,730,1,,,not_applicable
2023-01-16 07:00:00,Decision Tree,7,0.4699329341315832,0.20771738933092643,2021-01-16 07:00:00,2023-01-16 07:00:00,2023-01-16 07:00:00,730,1,-0.42290985504429074,0.42290985504429074,"{'max_depth': None, 'min_samples_leaf': 1, 'min_samples_split': 20}"
2023-01-16 07:00:00,ARX,7,0.4699329341315832,0.18734467991784087,2021-01-16 07:00:00,2023-01-16 07:00:00,2023-01-16 07:00:00,730,1,-0.3032104293734177,0.3032104293734177,{'model__alpha': 0.01}
2023-01-16 07:00:00,Random Forest,7,0.4699329341315832,0.2741807678883412,2021-01-16 07:00:00,2023-01-16 07:00:00,2023-01-16 07:00:00,730,1,-0.28640559026943707,0.28640559026943707,"{'max_depth': 10, 'max_features': 0.5, 'min_samples_leaf': 2, 'n_estimators': 100}"
2023-01-16 07:00:00,Neural Network,7,0.4699329341315832,0.2027033954611086,2021-01-16 07:00:00,2023-01-16 07:00:00,2023-01-16 07:00:00,730,1,-0.35941423956503044,0.35941423956503044,"{'regressor__model__alpha': 0.0001, 'regressor__model__hidden_layer_sizes': (64, 32), 'regressor__model__learning_rate_init': 0.0001}"
2023-01-16 07:00:00,Naive,7,0.4699329341315832,-1.0164640296257397,2021-01-16 07:00:00,2023-01-16 07:00:00,2023-01-16 07:00:00,730,1,,,not_applicable
2023-01-17 07:00:00,Decision Tree,7,0.15031962577761263,0.7568857595486548,2021-01-17 07:00:00,2023-01-17 07:00:00,2023-01-17 07:00:00,730,1,-0.42290985504429074,0.42290985504429074,"{'max_depth': None, 'min_samples_leaf': 1, 'min_samples_split': 20}"
2023-01-17 07:00:00,ARX,7,0.15031962577761263,0.35676258828745344,2021-01-17 07:00:00,2023-01-17 07:00:00,2023-01-17 07:00:00,730,1,-0.3032104293734177,0.3032104293734177,{'model__alpha': 0.01}
2023-01-17 07:00:00,Random Forest,7,0.15031962577761263,0.3417236990920793,2021-01-17 07:00:00,2023-01-17 07:00:00,2023-01-17 07:00:00,730,1,-0.28640559026943707,0.28640559026943707,"{'max_depth': 10, 'max_features': 0.5, 'min_samples_leaf': 2, 'n_estimators': 100}"
2023-01-17 07:00:00,Neural Network,7,0.15031962577761263,0.04606613740489318,2021-01-17 07:00:00,2023-01-17 07:00:00,2023-01-17 07:00:00,730,1,-0.35941423956503044,0.35941423956503044,"{'regressor__model__alpha': 0.0001, 'regressor__model__hidden_layer_sizes': (64, 32), 'regressor__model__learning_rate_init': 0.0001}"
2023-01-17 07:00:00,Naive,7,0.15031962577761263,0.4699329341315832,2021-01-17 07:00:00,2023-01-17 07:00:00,2023-01-17 07:00:00,730,1,,,not_applicable
2023-01-18 07:00:00,Decision Tree,7,0.4340088466584235,0.7568857595486548,2021-01-18 07:00:00,2023-01-18 07:00:00,2023-01-18 07:00:00,730,1,-0.42290985504429074,0.42290985504429074,"{'max_depth': None, 'min_samples_leaf': 1, 'min_samples_split': 20}"
2023-01-18 07:00:00,ARX,7,0.4340088466584235,0.8477102179843131,2021-01-18 07:00:00,2023-01-18 07:00:00,2023-01-18 07:00:00,730,1,-0.3032104293734177,0.3032104293734177,{'model__alpha': 0.01}
2023-01-18 07:00:00,Random Forest,7,0.4340088466584235,0.39045109953235235,2021-01-18 07:00:00,2023-01-18 07:00:00,2023-01-18 07:00:00,730,1,-0.28640559026943707,0.28640559026943707,"{'max_depth': 10, 'max_features': 0.5, 'min_samples_leaf': 2, 'n_estimators': 100}"
2023-01-18 07:00:00,Neural Network,7,0.4340088466584235,0.9955043916305505,2021-01-18 07:00:00,2023-01-18 07:00:00,2023-01-18 07:00:00,730,1,-0.35941423956503044,0.35941423956503044,"{'regressor__model__alpha': 0.0001, 'regressor__model__hidden_layer_sizes': (64, 32), 'regressor__model__learning_rate_init': 0.0001}"
2023-01-18 07:00:00,Naive,7,0.4340088466584235,0.15031962577761263,2021-01-18 07:00:00,2023-01-18 07:00:00,2023-01-18 07:00:00,730,1,,,not_applicable
2023-01-19 07:00:00,Decision Tree,7,0.2260597159490701,0.7338231229136383,2021-01-19 07:00:00,2023-01-19 07:00:00,2023-01-19 07:00:00,730,1,-0.42290985504429074,0.42290985504429074,"{'max_depth': None, 'min_samples_leaf': 1, 'min_samples_split': 20}"
2023-01-19 07:00:00,ARX,7,0.2260597159490701,0.48958440560365,2021-01-19 07:00:00,2023-01-19 07:00:00,2023-01-19 07:00:00,730,1,-0.3032104293734177,0.3032104293734177,{'model__alpha': 0.01}
2023-01-19 07:00:00,Random Forest,7,0.2260597159490701,0.24006534189220155,2021-01-19 07:00:00,2023-01-19 07:00:00,2023-01-19 07:00:00,730,1,-0.28640559026943707,0.28640559026943707,"{'max_depth': 10, 'max_features': 0.5, 'min_samples_leaf': 2, 'n_estimators': 100}"
2023-01-19 07:00:00,Neural Network,7,0.2260597159490701,0.26972575889061745,2021-01-19 07:00:00,2023-01-19 07:00:00,2023-01-19 07:00:00,730,1,-0.35941423956503044,0.35941423956503044,"{'regressor__model__alpha': 0.0001, 'regressor__model__hidden_layer_sizes': (64, 32), 'regressor__model__learning_rate_init': 0.0001}"
2023-01-19 07:00:00,Naive,7,0.2260597159490701,0.4340088466584235,2021-01-19 07:00:00,2023-01-19 07:00:00,2023-01-19 07:00:00,730,1,,,not_applicable
2023-01-20 07:00:00,Decision Tree,7,0.7252465716703693,0.9589216413090446,2021-01-20 07:00:00,2023-01-20 07:00:00,2023-01-20 07:00:00,730,1,-0.42290985504429074,0.42290985504429074,"{'max_depth': None, 'min_samples_leaf': 1, 'min_samples_split': 20}"
2023-01-20 07:00:00,ARX,7,0.7252465716703693,0.9424104194585206,2021-01-20 07:00:00,2023-01-20 07:00:00,2023-01-20 07:00:00,730,1,-0.3032104293734177,0.3032104293734177,{'model__alpha': 0.01}
2023-01-20 07:00:00,Random Forest,7,0.7252465716703693,0.6935498709665441,2021-01-20 07:00:00,2023-01-20 07:00:00,2023-01-20 07:00:00,730,1,-0.28640559026943707,0.28640559026943707,"{'max_depth': 10, 'max_features': 0.5, 'min_samples_leaf': 2, 'n_estimators': 100}"
2023-01-20 07:00:00,Neural Network,7,0.7252465716703693,0.8074167524987255,2021-01-20 07:00:00,2023-01-20 07:00:00,2023-01-20 07:00:00,730,1,-0.35941423956503044,0.35941423956503044,"{'regressor__model__alpha': 0.0001, 'regressor__model__hidden_layer_sizes': (64, 32), 'regressor__model__learning_rate_init': 0.0001}"
2023-01-20 07:00:00,Naive,7,0.7252465716703693,0.2260597159490701,2021-01-20 07:00:00,2023-01-20 07:00:00,2023-01-20 07:00:00,730,1,,,not_applicable
2023-01-21 07:00:00,Decision Tree,7,0.12381183270846638,0.6544875266334362,2021-01-21 07:00:00,2023-01-21 07:00:00,2023-01-21 07:00:00,730,1,-0.42290985504429074,0.42290985504429074,"{'max_depth': None, 'min_samples_leaf': 1, 'min_samples_split': 20}"
2023-01-21 07:00:00,ARX,7,0.12381183270846638,0.32797348819992256,2021-01-21 07:00:00,2023-01-21 07:00:00,2023-01-21 07:00:00,730,1,-0.3032104293734177,0.3032104293734177,{'model__alpha': 0.01}
2023-01-21 07:00:00,Random Forest,7,0.12381183270846638,0.5155166659936172,2021-01-21 07:00:00,2023-01-21 07:00:00,2023-01-21 07:00:00,730,1,-0.28640559026943707,0.28640559026943707,"{'max_depth': 10, 'max_features': 0.5, 'min_samples_leaf': 2, 'n_estimators': 100}"
2023-01-21 07:00:00,Neural Network,7,0.12381183270846638,0.5165187912570801,2021-01-21 07:00:00,2023-01-21 07:00:00,2023-01-21 07:00:00,730,1,-0.35941423956503044,0.35941423956503044,"{'regressor__model__alpha': 0.0001, 'regressor__model__hidden_layer_sizes': (64, 32), 'regressor__model__learning_rate_init': 0.0001}"
2023-01-21 07:00:00,Naive,7,0.12381183270846638,0.7252465716703693,2021-01-21 07:00:00,2023-01-21 07:00:00,2023-01-21 07:00:00,730,1,,,not_applicable
2023-01-22 07:00:00,Decision Tree,7,-0.0038708124828833847,-0.43833576991623224,2021-01-22 07:00:00,2023-01-22 07:00:00,2023-01-22 07:00:00,730,1,-0.42290985504429074,0.42290985504429074,"{'max_depth': None, 'min_samples_leaf': 1, 'min_samples_split': 20}"
2023-01-22 07:00:00,ARX,7,-0.0038708124828833847,-0.23029198694695108,2021-01-22 07:00:00,2023-01-22 07:00:00,2023-01-22 07:00:00,730,1,-0.3032104293734177,0.3032104293734177,{'model__alpha': 0.01}
2023-01-22 07:00:00,Random Forest,7,-0.0038708124828833847,0.0062161045558069795,2021-01-22 07:00:00,2023-01-22 07:00:00,2023-01-22 07:00:00,730,1,-0.28640559026943707,0.28640559026943707,"{'max_depth': 10, 'max_features': 0.5, 'min_samples_leaf': 2, 'n_estimators': 100}"
2023-01-22 07:00:00,Neural Network,7,-0.0038708124828833847,0.11018762779306401,2021-01-22 07:00:00,2023-01-22 07:00:00,2023-01-22 07:00:00,730,1,-0.35941423956503044,0.35941423956503044,"{'regressor__model__alpha': 0.0001, 'regressor__model__hidden_layer_sizes': (64, 32), 'regressor__model__learning_rate_init': 0.0001}"
2023-01-22 07:00:00,Naive,7,-0.0038708124828833847,0.12381183270846638,2021-01-22 07:00:00,2023-01-22 07:00:00,2023-01-22 07:00:00,730,1,,,not_applicable
2023-01-23 07:00:00,Decision Tree,7,0.8464918695204422,0.33794413763958475,2021-01-23 07:00:00,2023-01-23 07:00:00,2023-01-23 07:00:00,730,1,-0.42290985504429074,0.42290985504429074,"{'max_depth': None, 'min_samples_leaf': 1, 'min_samples_split': 20}"
2023-01-23 07:00:00,ARX,7,0.8464918695204422,1.2549989383578284,2021-01-23 07:00:00,2023-01-23 07:00:00,2023-01-23 07:00:00,730,1,-0.3032104293734177,0.3032104293734177,{'model__alpha': 0.01}
2023-01-23 07:00:00,Random Forest,7,0.8464918695204422,0.75665236773736,2021-01-23 07:00:00,2023-01-23 07:00:00,2023-01-23 07:00:00,730,1,-0.28640559026943707,0.28640559026943707,"{'max_depth': 10, 'max_features': 0.5, 'min_samples_leaf': 2, 'n_estimators': 100}"
2023-01-23 07:00:00,Neural Network,7,0.8464918695204422,1.2480107263874043,2021-01-23 07:00:00,2023-01-23 07:00:00,2023-01-23 07:00:00,730,1,-0.35941423956503044,0.35941423956503044,"{'regressor__model__alpha': 0.0001, 'regressor__model__hidden_layer_sizes': (64, 32), 'regressor__model__learning_rate_init': 0.0001}"
2023-01-23 07:00:00,Naive,7,0.8464918695204422,-0.0038708124828833847,2021-01-23 07:00:00,2023-01-23 07:00:00,2023-01-23 07:00:00,730,1,,,not_applicable
2023-01-24 07:00:00,Decision Tree,7,0.7193624824000534,0.7987098265440611,2021-01-24 07:00:00,2023-01-24 07:00:00,2023-01-24 07:00:00,730,1,-0.42290985504429074,0.42290985504429074,"{'max_depth': None, 'min_samples_leaf': 1, 'min_samples_split': 20}"
2023-01-24 07:00:00,ARX,7,0.7193624824000534,1.2383380883517174,2021-01-24 07:00:00,2023-01-24 07:00:00,2023-01-24 07:00:00,730,1,-0.3032104293734177,0.3032104293734177,{'model__alpha': 0.01}
2023-01-24 07:00:00,Random Forest,7,0.7193624824000534,0.8036029291570332,2021-01-24 07:00:00,2023-01-24 07:00:00,2023-01-24 07:00:00,730,1,-0.28640559026943707,0.28640559026943707,"{'max_depth': 10, 'max_features': 0.5, 'min_samples_leaf': 2, 'n_estimators': 100}"
2023-01-24 07:00:00,Neural Network,7,0.7193624824000534,1.425470005988513,2021-01-24 07:00:00,2023-01-24 07:00:00,2023-01-24 07:00:00,730,1,-0.35941423956503044,0.35941423956503044,"{'regressor__model__alpha': 0.0001, 'regressor__model__hidden_layer_sizes': (64, 32), 'regressor__model__learning_rate_init': 0.0001}"
2023-01-24 07:00:00,Naive,7,0.7193624824000534,0.8464918695204422,2021-01-24 07:00:00,2023-01-24 07:00:00,2023-01-24 07:00:00,730,1,,,not_applicable
2023-01-25 07:00:00,Decision Tree,7,0.6364282629882027,0.7940423357120605,2021-01-25 07:00:00,2023-01-25 07:00:00,2023-01-25 07:00:00,730,1,-0.42290985504429074,0.42290985504429074,"{'max_depth': None, 'min_samples_leaf': 1, 'min_samples_split': 20}"
2023-01-25 07:00:00,ARX,7,0.6364282629882027,1.3177434959538057,2021-01-25 07:00:00,2023-01-25 07:00:00,2023-01-25 07:00:00,730,1,-0.3032104293734177,0.3032104293734177,{'model__alpha': 0.01}
2023-01-25 07:00:00,Random Forest,7,0.6364282629882027,0.7821212292718558,2021-01-25 07:00:00,2023-01-25 07:00:00,2023-01-25 07:00:00,730,1,-0.28640559026943707,0.28640559026943707,"{'max_depth': 10, 'max_features': 0.5, 'min_samples_leaf': 2, 'n_estimators': 100}"
2023-01-25 07:00:00,Neural Network,7,0.6364282629882027,1.0903163510763636,2021-01-25 07:00:00,2023-01-25 07:00:00,2023-01-25 07:00:00,730,1,-0.35941423956503044,0.35941423956503044,"{'regressor__model__alpha': 0.0001, 'regressor__model__hidden_layer_sizes': (64, 32), 'regressor__model__learning_rate_init': 0.0001}"
2023-01-25 07:00:00,Naive,7,0.6364282629882027,0.7193624824000534,2021-01-25 07:00:00,2023-01-25 07:00:00,2023-01-25 07:00:00,730,1,,,not_applicable
2023-01-26 07:00:00,Decision Tree,7,0.5244819471419502,0.7852859983385128,2021-01-26 07:00:00,2023-01-26 07:00:00,2023-01-26 07:00:00,730,1,-0.42290985504429074,0.42290985504429074,"{'max_depth': None, 'min_samples_leaf': 1, 'min_samples_split': 20}"
2023-01-26 07:00:00,ARX,7,0.5244819471419502,1.2838565190199023,2021-01-26 07:00:00,2023-01-26 07:00:00,2023-01-26 07:00:00,730,1,-0.3032104293734177,0.3032104293734177,{'model__alpha': 0.01}
2023-01-26 07:00:00,Random Forest,7,0.5244819471419502,0.7470816338285462,2021-01-26 07:00:00,2023-01-26 07:00:00,2023-01-26 07:00:00,730,1,-0.28640559026943707,0.28640559026943707,"{'max_depth': 10, 'max_features': 0.5, 'min_samples_leaf': 2, 'n_estimators': 100}"
2023-01-26 07:00:00,Neural Network,7,0.5244819471419502,0.9657157037908571,2021-01-26 07:00:00,2023-01-26 07:00:00,2023-01-26 07:00:00,730,1,-0.35941423956503044,0.35941423956503044,"{'regressor__model__alpha': 0.0001, 'regressor__model__hidden_layer_sizes': (64, 32), 'regressor__model__learning_rate_init': 0.0001}"
2023-01-26 07:00:00,Naive,7,0.5244819471419502,0.6364282629882027,2021-01-26 07:00:00,2023-01-26 07:00:00,2023-01-26 07:00:00,730,1,,,not_applicable
2023-01-27 07:00:00,Decision Tree,7,0.4254461329843627,0.7715594693281674,2021-01-27 07:00:00,2023-01-27 07:00:00,2023-01-27 07:00:00,730,1,-0.42290985504429074,0.42290985504429074,"{'max_depth': None, 'min_samples_leaf': 1, 'min_samples_split': 20}"
2023-01-27 07:00:00,ARX,7,0.4254461329843627,0.9703973762722186,2021-01-27 07:00:00,2023-01-27 07:00:00,2023-01-27 07:00:00,730,1,-0.3032104293734177,0.3032104293734177,{'model__alpha': 0.01}
2023-01-27 07:00:00,Random Forest,7,0.4254461329843627,0.6362112205684274,2021-01-27 07:00:00,2023-01-27 07:00:00,2023-01-27 07:00:00,730,1,-0.28640559026943707,0.28640559026943707,"{'max_depth': 10, 'max_features': 0.5, 'min_samples_leaf': 2, 'n_estimators': 100}"
2023-01-27 07:00:00,Neural Network,7,0.4254461329843627,0.6962886577310224,2021-01-27 07:00:00,2023-01-27 07:00:00,2023-01-27 07:00:00,730,1,-0.35941423956503044,0.35941423956503044,"{'regressor__model__alpha': 0.0001, 'regressor__model__hidden_layer_sizes': (64, 32), 'regressor__model__learning_rate_init': 0.0001}"
2023-01-27 07:00:00,Naive,7,0.4254461329843627,0.5244819471419502,2021-01-27 07:00:00,2023-01-27 07:00:00,2023-01-27 07:00:00,730,1,,,not_applicable
2023-01-28 07:00:00,Decision Tree,7,0.05089293154795065,0.665055483988644,2021-01-28 07:00:00,2023-01-28 07:00:00,2023-01-28 07:00:00,730,1,-0.42290985504429074,0.42290985504429074,"{'max_depth': None, 'min_samples_leaf': 1, 'min_samples_split': 20}"
2023-01-28 07:00:00,ARX,7,0.05089293154795065,0.4765199022608053,2021-01-28 07:00:00,2023-01-28 07:00:00,2023-01-28 07:00:00,730,1,-0.3032104293734177,0.3032104293734177,{'model__alpha': 0.01}
2023-01-28 07:00:00,Random Forest,7,0.05089293154795065,0.4286596415548098,2021-01-28 07:00:00,2023-01-28 07:00:00,2023-01-28 07:00:00,730,1,-0.28640559026943707,0.28640559026943707,"{'max_depth': 10, 'max_features': 0.5, 'min_samples_leaf': 2, 'n_estimators': 100}"
2023-01-28 07:00:00,Neural Network,7,0.05089293154795065,0.6177631617712576,2021-01-28 07:00:00,2023-01-28 07:00:00,2023-01-28 07:00:00,730,1,-0.35941423956503044,0.35941423956503044,"{'regressor__model__alpha': 0.0001, 'regressor__model__hidden_layer_sizes': (64, 32), 'regressor__model__learning_rate_init': 0.0001}"
2023-01-28 07:00:00,Naive,7,0.05089293154795065,0.4254461329843627,2021-01-28 07:00:00,2023-01-28 07:00:00,2023-01-28 07:00:00,730,1,,,not_applicable
2023-01-29 07:00:00,Decision Tree,7,0.015808465001101935,0.22576637967995697,2021-01-29 07:00:00,2023-01-29 07:00:00,2023-01-29 07:00:00,730,1,-0.42290985504429074,0.42290985504429074,"{'max_depth': None, 'min_samples_leaf': 1, 'min_samples_split': 20}"
2023-01-29 07:00:00,ARX,7,0.015808465001101935,0.02490640678208189,2021-01-29 07:00:00,2023-01-29 07:00:00,2023-01-29 07:00:00,730,1,-0.3032104293734177,0.3032104293734177,{'model__alpha': 0.01}
2023-01-29 07:00:00,Random Forest,7,0.015808465001101935,-0.06266236118035795,2021-01-29 07:00:00,2023-01-29 07:00:00,2023-01-29 07:00:00,730,1,-0.28640559026943707,0.28640559026943707,"{'max_depth': 10, 'max_features': 0.5, 'min_samples_leaf': 2, 'n_estimators': 100}"
2023-01-29 07:00:00,Neural Network,7,0.015808465001101935,0.09338497321216166,2021-01-29 07:00:00,2023-01-29 07:00:00,2023-01-29 07:00:00,730,1,-0.35941423956503044,0.35941423956503044,"{'regressor__model__alpha': 0.0001, 'regressor__model__hidden_layer_sizes': (64, 32), 'regressor__model__learning_rate_init': 0.0001}"
2023-01-29 07:00:00,Naive,7,0.015808465001101935,0.05089293154795065,2021-01-29 07:00:00,2023-01-29 07:00:00,2023-01-29 07:00:00,730,1,,,not_applicable
2023-01-30 07:00:00,Decision Tree,7,-0.27943172124838483,-0.09005687587851105,2021-01-30 07:00:00,2023-01-30 07:00:00,2023-01-30 07:00:00,730,1,-0.42290985504429074,0.42290985504429074,"{'max_depth': None, 'min_samples_leaf': 1, 'min_samples_split': 20}"
2023-01-30 07:00:00,ARX,7,-0.27943172124838483,-0.09923290525701178,2021-01-30 07:00:00,2023-01-30 07:00:00,2023-01-30 07:00:00,730,1,-0.3032104293734177,0.3032104293734177,{'model__alpha': 0.01}
2023-01-30 07:00:00,Random Forest,7,-0.27943172124838483,-0.09849907746681368,2021-01-30 07:00:00,2023-01-30 07:00:00,2023-01-30 07:00:00,730,1,-0.28640559026943707,0.28640559026943707,"{'max_depth': 10, 'max_features': 0.5, 'min_samples_leaf': 2, 'n_estimators': 100}"
2023-01-30 07:00:00,Neural Network,7,-0.27943172124838483,0.042273182690648614,2021-01-30 07:00:00,2023-01-30 07:00:00,2023-01-30 07:00:00,730,1,-0.35941423956503044,0.35941423956503044,"{'regressor__model__alpha': 0.0001, 'regressor__model__hidden_layer_sizes': (64, 32), 'regressor__model__learning_rate_init': 0.0001}"
2023-01-30 07:00:00,Naive,7,-0.27943172124838483,0.015808465001101935,2021-01-30 07:00:00,2023-01-30 07:00:00,2023-01-30 07:00:00,730,1,,,not_applicable
2023-01-31 07:00:00,Decision Tree,7,0.37136911892862656,0.3528808511042059,2021-01-31 07:00:00,2023-01-31 07:00:00,2023-01-31 07:00:00,730,1,-0.42290985504429074,0.42290985504429074,"{'max_depth': None, 'min_samples_leaf': 1, 'min_samples_split': 20}"
2023-01-31 07:00:00,ARX,7,0.37136911892862656,0.2613907102525994,2021-01-31 07:00:00,2023-01-31 07:00:00,2023-01-31 07:00:00,730,1,-0.3032104293734177,0.3032104293734177,{'model__alpha': 0.01}
2023-01-31 07:00:00,Random Forest,7,0.37136911892862656,0.20937492066098162,2021-01-31 07:00:00,2023-01-31 07:00:00,2023-01-31 07:00:00,730,1,-0.28640559026943707,0.28640559026943707,"{'max_depth': 10, 'max_features': 0.5, 'min_samples_leaf': 2, 'n_estimators': 100}"
2023-01-31 07:00:00,Neural Network,7,0.37136911892862656,0.17529836521054087,2021-01-31 07:00:00,2023-01-31 07:00:00,2023-01-31 07:00:00,730,1,-0.35941423956503044,0.35941423956503044,"{'regressor__model__alpha': 0.0001, 'regressor__model__hidden_layer_sizes': (64, 32), 'regressor__model__learning_rate_init': 0.0001}"
2023-01-31 07:00:00,Naive,7,0.37136911892862656,-0.27943172124838483,2021-01-31 07:00:00,2023-01-31 07:00:00,2023-01-31 07:00:00,730,1,,,not_applicable
2023-02-01 07:00:00,Decision Tree,7,-0.1828699259771714,-0.26863693993275756,2021-02-01 07:00:00,2023-02-01 07:00:00,2023-02-01 07:00:00,730,1,-0.42290985504429074,0.42290985504429074,"{'max_depth': None, 'min_samples_leaf': 1, 'min_samples_split': 20}"
2023-02-01 07:00:00,ARX,7,-0.1828699259771714,-0.12963661356882605,2021-02-01 07:00:00,2023-02-01 07:00:00,2023-02-01 07:00:00,730,1,-0.3032104293734177,0.3032104293734177,{'model__alpha': 0.01}
2023-02-01 07:00:00,Random Forest,7,-0.1828699259771714,-0.14387937600066816,2021-02-01 07:00:00,2023-02-01 07:00:00,2023-02-01 07:00:00,730,1,-0.28640559026943707,0.28640559026943707,"{'max_depth': 10, 'max_features': 0.5, 'min_samples_leaf': 2, 'n_estimators': 100}"
2023-02-01 07:00:00,Neural Network,7,-0.1828699259771714,-0.4967810828613648,2021-02-01 07:00:00,2023-02-01 07:00:00,2023-02-01 07:00:00,730,1,-0.35941423956503044,0.35941423956503044,"{'regressor__model__alpha': 0.0001, 'regressor__model__hidden_layer_sizes': (64, 32), 'regressor__model__learning_rate_init': 0.0001}"
2023-02-01 07:00:00,Naive,7,-0.1828699259771714,0.37136911892862656,2021-02-01 07:00:00,2023-02-01 07:00:00,2023-02-01 07:00:00,730,1,,,not_applicable
2023-02-02 07:00:00,Decision Tree,7,0.07054283020577583,0.3539079770944515,2021-02-02 07:00:00,2023-02-02 07:00:00,2023-02-02 07:00:00,730,1,-0.42290985504429074,0.42290985504429074,"{'max_depth': None, 'min_samples_leaf': 1, 'min_samples_split': 20}"
2023-02-02 07:00:00,ARX,7,0.07054283020577583,-0.02102334334988476,2021-02-02 07:00:00,2023-02-02 07:00:00,2023-02-02 07:00:00,730,1,-0.3032104293734177,0.3032104293734177,{'model__alpha': 0.01}
2023-02-02 07:00:00,Random Forest,7,0.07054283020577583,0.22659676701400946,2021-02-02 07:00:00,2023-02-02 07:00:00,2023-02-02 07:00:00,730,1,-0.28640559026943707,0.28640559026943707,"{'max_depth': 10, 'max_features': 0.5, 'min_samples_leaf': 2, 'n_estimators': 100}"
2023-02-02 07:00:00,Neural Network,7,0.07054283020577583,0.004353413788141358,2021-02-02 07:00:00,2023-02-02 07:00:00,2023-02-02 07:00:00,730,1,-0.35941423956503044,0.35941423956503044,"{'regressor__model__alpha': 0.0001, 'regressor__model__hidden_layer_sizes': (64, 32), 'regressor__model__learning_rate_init': 0.0001}"
2023-02-02 07:00:00,Naive,7,0.07054283020577583,-0.1828699259771714,2021-02-02 07:00:00,2023-02-02 07:00:00,2023-02-02 07:00:00,730,1,,,not_applicable
2023-02-03 07:00:00,Decision Tree,7,-0.23363042659382144,0.06673959383487278,2021-02-03 07:00:00,2023-02-03 07:00:00,2023-02-03 07:00:00,730,1,-0.42290985504429074,0.42290985504429074,"{'max_depth': None, 'min_samples_leaf': 1, 'min_samples_split': 20}"
2023-02-03 07:00:00,ARX,7,-0.23363042659382144,-0.08758691929824969,2021-02-03 07:00:00,2023-02-03 07:00:00,2023-02-03 07:00:00,730,1,-0.3032104293734177,0.3032104293734177,{'model__alpha': 0.01}
2023-02-03 07:00:00,Random Forest,7,-0.23363042659382144,-0.05890997395660702,2021-02-03 07:00:00,2023-02-03 07:00:00,2023-02-03 07:00:00,730,1,-0.28640559026943707,0.28640559026943707,"{'max_depth': 10, 'max_features': 0.5, 'min_samples_leaf': 2, 'n_estimators': 100}"
2023-02-03 07:00:00,Neural Network,7,-0.23363042659382144,-0.1545503267090933,2021-02-03 07:00:00,2023-02-03 07:00:00,2023-02-03 07:00:00,730,1,-0.35941423956503044,0.35941423956503044,"{'regressor__model__alpha': 0.0001, 'regressor__model__hidden_layer_sizes': (64, 32), 'regressor__model__learning_rate_init': 0.0001}"
2023-02-03 07:00:00,Naive,7,-0.23363042659382144,0.07054283020577583,2021-02-03 07:00:00,2023-02-03 07:00:00,2023-02-03 07:00:00,730,1,,,not_applicable
2023-02-04 07:00:00,Decision Tree,7,0.2300124989061977,0.3389940219950475,2021-02-04 07:00:00,2023-02-04 07:00:00,2023-02-04 07:00:00,730,1,-0.42290985504429074,0.42290985504429074,"{'max_depth': None, 'min_samples_leaf': 1, 'min_samples_split': 20}"
2023-02-04 07:00:00,ARX,7,0.2300124989061977,-0.06909327961566869,2021-02-04 07:00:00,2023-02-04 07:00:00,2023-02-04 07:00:00,730,1,-0.3032104293734177,0.3032104293734177,{'model__alpha': 0.01}
2023-02-04 07:00:00,Random Forest,7,0.2300124989061977,0.10440665012965526,2021-02-04 07:00:00,2023-02-04 07:00:00,2023-02-04 07:00:00,730,1,-0.28640559026943707,0.28640559026943707,"{'max_depth': 10, 'max_features': 0.5, 'min_samples_leaf': 2, 'n_estimators': 100}"
2023-02-04 07:00:00,Neural Network,7,0.2300124989061977,-0.06191545759571393,2021-02-04 07:00:00,2023-02-04 07:00:00,2023-02-04 07:00:00,730,1,-0.35941423956503044,0.35941423956503044,"{'regressor__model__alpha': 0.0001, 'regressor__model__hidden_layer_sizes': (64, 32), 'regressor__model__learning_rate_init': 0.0001}"
2023-02-04 07:00:00,Naive,7,0.2300124989061977,-0.23363042659382144,2021-02-04 07:00:00,2023-02-04 07:00:00,2023-02-04 07:00:00,730,1,,,not_applicable
2023-02-05 07:00:00,Decision Tree,7,-0.16277849086954596,0.06673959383487278,2021-02-05 07:00:00,2023-02-05 07:00:00,2023-02-05 07:00:00,730,1,-0.42290985504429074,0.42290985504429074,"{'max_depth': None, 'min_samples_leaf': 1, 'min_samples_split': 20}"
2023-02-05 07:00:00,ARX,7,-0.16277849086954596,-0.12377175983892985,2021-02-05 07:00:00,2023-02-05 07:00:00,2023-02-05 07:00:00,730,1,-0.3032104293734177,0.3032104293734177,{'model__alpha': 0.01}
2023-02-05 07:00:00,Random Forest,7,-0.16277849086954596,-0.08888880127736665,2021-02-05 07:00:00,2023-02-05 07:00:00,2023-02-05 07:00:00,730,1,-0.28640559026943707,0.28640559026943707,"{'max_depth': 10, 'max_features': 0.5, 'min_samples_leaf': 2, 'n_estimators': 100}"
2023-02-05 07:00:00,Neural Network,7,-0.16277849086954596,0.010743955520035708,2021-02-05 07:00:00,2023-02-05 07:00:00,2023-02-05 07:00:00,730,1,-0.35941423956503044,0.35941423956503044,"{'regressor__model__alpha': 0.0001, 'regressor__model__hidden_layer_sizes': (64, 32), 'regressor__model__learning_rate_init': 0.0001}"
2023-02-05 07:00:00,Naive,7,-0.16277849086954596,0.2300124989061977,2021-02-05 07:00:00,2023-02-05 07:00:00,2023-02-05 07:00:00,730,1,,,not_applicable
2023-02-06 07:00:00,Decision Tree,7,0.6152769172798731,0.28207250748654017,2021-02-06 07:00:00,2023-02-06 07:00:00,2023-02-06 07:00:00,730,1,-0.42290985504429074,0.42290985504429074,"{'max_depth': None, 'min_samples_leaf': 1, 'min_samples_split': 20}"
2023-02-06 07:00:00,ARX,7,0.6152769172798731,0.968166707488062,2021-02-06 07:00:00,2023-02-06 07:00:00,2023-02-06 07:00:00,730,1,-0.3032104293734177,0.3032104293734177,{'model__alpha': 0.01}
2023-02-06 07:00:00,Random Forest,7,0.6152769172798731,0.4424642696195661,2021-02-06 07:00:00,2023-02-06 07:00:00,2023-02-06 07:00:00,730,1,-0.28640559026943707,0.28640559026943707,"{'max_depth': 10, 'max_features': 0.5, 'min_samples_leaf': 2, 'n_estimators': 100}"
2023-02-06 07:00:00,Neural Network,7,0.6152769172798731,0.8988053836780137,2021-02-06 07:00:00,2023-02-06 07:00:00,2023-02-06 07:00:00,730,1,-0.35941423956503044,0.35941423956503044,"{'regressor__model__alpha': 0.0001, 'regressor__model__hidden_layer_sizes': (64, 32), 'regressor__model__learning_rate_init': 0.0001}"
2023-02-06 07:00:00,Naive,7,0.6152769172798731,-0.16277849086954596,2021-02-06 07:00:00,2023-02-06 07:00:00,2023-02-06 07:00:00,730,1,,,not_applicable
2023-02-07 07:00:00,Decision Tree,7,0.5901047388067807,0.651873093392269,2021-02-07 07:00:00,2023-02-07 07:00:00,2023-02-07 07:00:00,730,1,-0.42290985504429074,0.42290985504429074,"{'max_depth': None, 'min_samples_leaf': 1, 'min_samples_split': 20}"
2023-02-07 07:00:00,ARX,7,0.5901047388067807,1.1127124940748572,2021-02-07 07:00:00,2023-02-07 07:00:00,2023-02-07 07:00:00,730,1,-0.3032104293734177,0.3032104293734177,{'model__alpha': 0.01}
2023-02-07 07:00:00,Random Forest,7,0.5901047388067807,0.6255669452532576,2021-02-07 07:00:00,2023-02-07 07:00:00,2023-02-07 07:00:00,730,1,-0.28640559026943707,0.28640559026943707,"{'max_depth': 10, 'max_features': 0.5, 'min_samples_leaf': 2, 'n_estimators': 100}"
2023-02-07 07:00:00,Neural Network,7,0.5901047388067807,0.8558863260677677,2021-02-07 07:00:00,2023-02-07 07:00:00,2023-02-07 07:00:00,730,1,-0.35941423956503044,0.35941423956503044,"{'regressor__model__alpha': 0.0001, 'regressor__model__hidden_layer_sizes': (64, 32), 'regressor__model__learning_rate_init': 0.0001}"
2023-02-07 07:00:00,Naive,7,0.5901047388067807,0.6152769172798731,2021-02-07 07:00:00,2023-02-07 07:00:00,2023-02-07 07:00:00,730,1,,,not_applicable
2023-02-08 07:00:00,Decision Tree,7,0.574564779113901,0.7021018267215495,2021-02-08 07:00:00,2023-02-08 07:00:00,2023-02-08 07:00:00,730,1,-0.42290985504429074,0.42290985504429074,"{'max_depth': None, 'min_samples_leaf': 1, 'min_samples_split': 20}"
2023-02-08 07:00:00,ARX,7,0.574564779113901,0.9787444131740184,2021-02-08 07:00:00,2023-02-08 07:00:00,2023-02-08 07:00:00,730,1,-0.3032104293734177,0.3032104293734177,{'model__alpha': 0.01}
2023-02-08 07:00:00,Random Forest,7,0.574564779113901,0.6577187462708747,2021-02-08 07:00:00,2023-02-08 07:00:00,2023-02-08 07:00:00,730,1,-0.28640559026943707,0.28640559026943707,"{'max_depth': 10, 'max_features': 0.5, 'min_samples_leaf': 2, 'n_estimators': 100}"
2023-02-08 07:00:00,Neural Network,7,0.574564779113901,0.8167601683337757,2021-02-08 07:00:00,2023-02-08 07:00:00,2023-02-08 07:00:00,730,1,-0.35941423956503044,0.35941423956503044,"{'regressor__model__alpha': 0.0001, 'regressor__model__hidden_layer_sizes': (64, 32), 'regressor__model__learning_rate_init': 0.0001}"
2023-02-08 07:00:00,Naive,7,0.574564779113901,0.5901047388067807,2021-02-08 07:00:00,2023-02-08 07:00:00,2023-02-08 07:00:00,730,1,,,not_applicable
2023-02-09 07:00:00,Decision Tree,7,0.379819432039957,0.6073864972501392,2021-02-09 07:00:00,2023-02-09 07:00:00,2023-02-09 07:00:00,730,1,-0.42290985504429074,0.42290985504429074,"{'max_depth': None, 'min_samples_leaf': 1, 'min_samples_split': 20}"
2023-02-09 07:00:00,ARX,7,0.379819432039957,0.6281255606092264,2021-02-09 07:00:00,2023-02-09 07:00:00,2023-02-09 07:00:00,730,1,-0.3032104293734177,0.3032104293734177,{'model__alpha': 0.01}
2023-02-09 07:00:00,Random Forest,7,0.379819432039957,0.36566764691272396,2021-02-09 07:00:00,2023-02-09 07:00:00,2023-02-09 07:00:00,730,1,-0.28640559026943707,0.28640559026943707,"{'max_depth': 10, 'max_features': 0.5, 'min_samples_leaf': 2, 'n_estimators': 100}"
2023-02-09 07:00:00,Neural Network,7,0.379819432039957,0.5362982976673749,2021-02-09 07:00:00,2023-02-09 07:00:00,2023-02-09 07:00:00,730,1,-0.35941423956503044,0.35941423956503044,"{'regressor__model__alpha': 0.0001, 'regressor__model__hidden_layer_sizes': (64, 32), 'regressor__model__learning_rate_init': 0.0001}"
2023-02-09 07:00:00,Naive,7,0.379819432039957,0.574564779113901,2021-02-09 07:00:00,2023-02-09 07:00:00,2023-02-09 07:00:00,730,1,,,not_applicable
2023-02-10 07:00:00,Decision Tree,7,0.47654192072896595,0.3493735182026964,2021-02-10 07:00:00,2023-02-10 07:00:00,2023-02-10 07:00:00,730,1,-0.42290985504429074,0.42290985504429074,"{'max_depth': None, 'min_samples_leaf': 1, 'min_samples_split': 20}"
2023-02-10 07:00:00,ARX,7,0.47654192072896595,0.6027642758584757,2021-02-10 07:00:00,2023-02-10 07:00:00,2023-02-10 07:00:00,730,1,-0.3032104293734177,0.3032104293734177,{'model__alpha': 0.01}
2023-02-10 07:00:00,Random Forest,7,0.47654192072896595,0.32047707197989106,2021-02-10 07:00:00,2023-02-10 07:00:00,2023-02-10 07:00:00,730,1,-0.28640559026943707,0.28640559026943707,"{'max_depth': 10, 'max_features': 0.5, 'min_samples_leaf': 2, 'n_estimators': 100}"
2023-02-10 07:00:00,Neural Network,7,0.47654192072896595,0.6902753280477907,2021-02-10 07:00:00,2023-02-10 07:00:00,2023-02-10 07:00:00,730,1,-0.35941423956503044,0.35941423956503044,"{'regressor__model__alpha': 0.0001, 'regressor__model__hidden_layer_sizes': (64, 32), 'regressor__model__learning_rate_init': 0.0001}"
2023-02-10 07:00:00,Naive,7,0.47654192072896595,0.379819432039957,2021-02-10 07:00:00,2023-02-10 07:00:00,2023-02-10 07:00:00,730,1,,,not_applicable
2023-02-11 07:00:00,Decision Tree,7,-0.45021134241027067,0.1255680704210493,2021-02-11 07:00:00,2023-02-11 07:00:00,2023-02-11 07:00:00,730,1,-0.42290985504429074,0.42290985504429074,"{'max_depth': None, 'min_samples_leaf': 1, 'min_samples_split': 20}"
2023-02-11 07:00:00,ARX,7,-0.45021134241027067,-0.6954594606706768,2021-02-11 07:00:00,2023-02-11 07:00:00,2023-02-11 07:00:00,730,1,-0.3032104293734177,0.3032104293734177,{'model__alpha': 0.01}
2023-02-11 07:00:00,Random Forest,7,-0.45021134241027067,-0.3485298096658111,2021-02-11 07:00:00,2023-02-11 07:00:00,2023-02-11 07:00:00,730,1,-0.28640559026943707,0.28640559026943707,"{'max_depth': 10, 'max_features': 0.5, 'min_samples_leaf': 2, 'n_estimators': 100}"
2023-02-11 07:00:00,Neural Network,7,-0.45021134241027067,-0.033815178485747444,2021-02-11 07:00:00,2023-02-11 07:00:00,2023-02-11 07:00:00,730,1,-0.35941423956503044,0.35941423956503044,"{'regressor__model__alpha': 0.0001, 'regressor__model__hidden_layer_sizes': (64, 32), 'regressor__model__learning_rate_init': 0.0001}"
2023-02-11 07:00:00,Naive,7,-0.45021134241027067,0.47654192072896595,2021-02-11 07:00:00,2023-02-11 07:00:00,2023-02-11 07:00:00,730,1,,,not_applicable
2023-02-12 07:00:00,Decision Tree,7,-0.17975950704886,0.35606659201986846,2021-02-12 07:00:00,2023-02-12 07:00:00,2023-02-12 07:00:00,730,1,-0.42290985504429074,0.42290985504429074,"{'max_depth': None, 'min_samples_leaf': 1, 'min_samples_split': 20}"
2023-02-12 07:00:00,ARX,7,-0.17975950704886,-0.034961761257719104,2021-02-12 07:00:00,2023-02-12 07:00:00,2023-02-12 07:00:00,730,1,-0.3032104293734177,0.3032104293734177,{'model__alpha': 0.01}
2023-02-12 07:00:00,Random Forest,7,-0.17975950704886,0.20561792789175523,2021-02-12 07:00:00,2023-02-12 07:00:00,2023-02-12 07:00:00,730,1,-0.28640559026943707,0.28640559026943707,"{'max_depth': 10, 'max_features': 0.5, 'min_samples_leaf': 2, 'n_estimators': 100}"
2023-02-12 07:00:00,Neural Network,7,-0.17975950704886,0.18727050251593647,2021-02-12 07:00:00,2023-02-12 07:00:00,2023-02-12 07:00:00,730,1,-0.35941423956503044,0.35941423956503044,"{'regressor__model__alpha': 0.0001, 'regressor__model__hidden_layer_sizes': (64, 32), 'regressor__model__learning_rate_init': 0.0001}"
2023-02-12 07:00:00,Naive,7,-0.17975950704886,-0.45021134241027067,2021-02-12 07:00:00,2023-02-12 07:00:00,2023-02-12 07:00:00,730,1,,,not_applicable
2023-02-13 07:00:00,Decision Tree,7,0.5589214508087227,0.19018042899302157,2021-02-13 07:00:00,2023-02-13 07:00:00,2023-02-13 07:00:00,730,1,-0.42290985504429074,0.42290985504429074,"{'max_depth': None, 'min_samples_leaf': 1, 'min_samples_split': 20}"
2023-02-13 07:00:00,ARX,7,0.5589214508087227,0.9690533502658869,2021-02-13 07:00:00,2023-02-13 07:00:00,2023-02-13 07:00:00,730,1,-0.3032104293734177,0.3032104293734177,{'model__alpha': 0.01}
2023-02-13 07:00:00,Random Forest,7,0.5589214508087227,0.3685132427530264,2021-02-13 07:00:00,2023-02-13 07:00:00,2023-02-13 07:00:00,730,1,-0.28640559026943707,0.28640559026943707,"{'max_depth': 10, 'max_features': 0.5, 'min_samples_leaf': 2, 'n_estimators': 100}"
2023-02-13 07:00:00,Neural Network,7,0.5589214508087227,0.7553380302017819,2021-02-13 07:00:00,2023-02-13 07:00:00,2023-02-13 07:00:00,730,1,-0.35941423956503044,0.35941423956503044,"{'regressor__model__alpha': 0.0001, 'regressor__model__hidden_layer_sizes': (64, 32), 'regressor__model__learning_rate_init': 0.0001}"
2023-02-13 07:00:00,Naive,7,0.5589214508087227,-0.17975950704886,2021-02-13 07:00:00,2023-02-13 07:00:00,2023-02-13 07:00:00,730,1,,,not_applicable
2023-02-14 07:00:00,Decision Tree,7,0.5889177561708775,0.6436921128708657,2021-02-14 07:00:00,2023-02-14 07:00:00,2023-02-14 07:00:00,730,1,-0.42290985504429074,0.42290985504429074,"{'max_depth': None, 'min_samples_leaf': 1, 'min_samples_split': 20}"
2023-02-14 07:00:00,ARX,7,0.5889177561708775,1.0291260132190967,2021-02-14 07:00:00,2023-02-14 07:00:00,2023-02-14 07:00:00,730,1,-0.3032104293734177,0.3032104293734177,{'model__alpha': 0.01}
2023-02-14 07:00:00,Random Forest,7,0.5889177561708775,0.6177223662726636,2021-02-14 07:00:00,2023-02-14 07:00:00,2023-02-14 07:00:00,730,1,-0.28640559026943707,0.28640559026943707,"{'max_depth': 10, 'max_features': 0.5, 'min_samples_leaf': 2, 'n_estimators': 100}"
2023-02-14 07:00:00,Neural Network,7,0.5889177561708775,1.0703841716441422,2021-02-14 07:00:00,2023-02-14 07:00:00,2023-02-14 07:00:00,730,1,-0.35941423956503044,0.35941423956503044,"{'regressor__model__alpha': 0.0001, 'regressor__model__hidden_layer_sizes': (64, 32), 'regressor__model__learning_rate_init': 0.0001}"
2023-02-14 07:00:00,Naive,7,0.5889177561708775,0.5589214508087227,2021-02-14 07:00:00,2023-02-14 07:00:00,2023-02-14 07:00:00,730,1,,,not_applicable
2023-02-15 07:00:00,Decision Tree,7,0.45932004507492963,0.39129340381844874,2021-02-15 07:00:00,2023-02-15 07:00:00,2023-02-15 07:00:00,730,1,-0.42290985504429074,0.42290985504429074,"{'max_depth': None, 'min_samples_leaf': 1, 'min_samples_split': 20}"
2023-02-15 07:00:00,ARX,7,0.45932004507492963,0.9300384788611912,2021-02-15 07:00:00,2023-02-15 07:00:00,2023-02-15 07:00:00,730,1,-0.3032104293734177,0.3032104293734177,{'model__alpha': 0.01}
2023-02-15 07:00:00,Random Forest,7,0.45932004507492963,0.4339530977616915,2021-02-15 07:00:00,2023-02-15 07:00:00,2023-02-15 07:00:00,730,1,-0.28640559026943707,0.28640559026943707,"{'max_depth': 10, 'max_features': 0.5, 'min_samples_leaf': 2, 'n_estimators': 100}"
2023-02-15 07:00:00,Neural Network,7,0.45932004507492963,0.7591529453102854,2021-02-15 07:00:00,2023-02-15 07:00:00,2023-02-15 07:00:00,730,1,-0.35941423956503044,0.35941423956503044,"{'regressor__model__alpha': 0.0001, 'regressor__model__hidden_layer_sizes': (64, 32), 'regressor__model__learning_rate_init': 0.0001}"
2023-02-15 07:00:00,Naive,7,0.45932004507492963,0.5889177561708775,2021-02-15 07:00:00,2023-02-15 07:00:00,2023-02-15 07:00:00,730,1,,,not_applicable
2023-02-16 07:00:00,Decision Tree,7,0.2903899795911138,0.5574878540537572,2021-02-16 07:00:00,2023-02-16 07:00:00,2023-02-16 07:00:00,730,1,-0.42290985504429074,0.42290985504429074,"{'max_depth': None, 'min_samples_leaf': 1, 'min_samples_split': 20}"
2023-02-16 07:00:00,ARX,7,0.2903899795911138,0.527691321232038,2021-02-16 07:00:00,2023-02-16 07:00:00,2023-02-16 07:00:00,730,1,-0.3032104293734177,0.3032104293734177,{'model__alpha': 0.01}
2023-02-16 07:00:00,Random Forest,7,0.2903899795911138,0.40140879208028446,2021-02-16 07:00:00,2023-02-16 07:00:00,2023-02-16 07:00:00,730,1,-0.28640559026943707,0.28640559026943707,"{'max_depth': 10, 'max_features': 0.5, 'min_samples_leaf': 2, 'n_estimators': 100}"
2023-02-16 07:00:00,Neural Network,7,0.2903899795911138,0.5202406980654664,2021-02-16 07:00:00,2023-02-16 07:00:00,2023-02-16 07:00:00,730,1,-0.35941423956503044,0.35941423956503044,"{'regressor__model__alpha': 0.0001, 'regressor__model__hidden_layer_sizes': (64, 32), 'regressor__model__learning_rate_init': 0.0001}"
2023-02-16 07:00:00,Naive,7,0.2903899795911138,0.45932004507492963,2021-02-16 07:00:00,2023-02-16 07:00:00,2023-02-16 07:00:00,730,1,,,not_applicable
2023-02-17 07:00:00,Decision Tree,7,-0.13201374312887088,0.29788410189978926,2021-02-17 07:00:00,2023-02-17 07:00:00,2023-02-17 07:00:00,730,1,-0.42290985504429074,0.42290985504429074,"{'max_depth': None, 'min_samples_leaf': 1, 'min_samples_split': 20}"
2023-02-17 07:00:00,ARX,7,-0.13201374312887088,0.07935252709853025,2021-02-17 07:00:00,2023-02-17 07:00:00,2023-02-17 07:00:00,730,1,-0.3032104293734177,0.3032104293734177,{'model__alpha': 0.01}
2023-02-17 07:00:00,Random Forest,7,-0.13201374312887088,0.0917312022513094,2021-02-17 07:00:00,2023-02-17 07:00:00,2023-02-17 07:00:00,730,1,-0.28640559026943707,0.28640559026943707,"{'max_depth': 10, 'max_features': 0.5, 'min_samples_leaf': 2, 'n_estimators': 100}"
2023-02-17 07:00:00,Neural Network,7,-0.13201374312887088,-0.009063657894417654,2021-02-17 07:00:00,2023-02-17 07:00:00,2023-02-17 07:00:00,730,1,-0.35941423956503044,0.35941423956503044,"{'regressor__model__alpha': 0.0001, 'regressor__model__hidden_layer_sizes': (64, 32), 'regressor__model__learning_rate_init': 0.0001}"
2023-02-17 07:00:00,Naive,7,-0.13201374312887088,0.2903899795911138,2021-02-17 07:00:00,2023-02-17 07:00:00,2023-02-17 07:00:00,730,1,,,not_applicable
2023-02-18 07:00:00,Decision Tree,7,-0.4054945452737505,-0.6082285405647161,2021-02-18 07:00:00,2023-02-18 07:00:00,2023-02-18 07:00:00,730,1,-0.42290985504429074,0.42290985504429074,"{'max_depth': None, 'min_samples_leaf': 1, 'min_samples_split': 20}"
2023-02-18 07:00:00,ARX,7,-0.4054945452737505,-0.9238235811634821,2021-02-18 07:00:00,2023-02-18 07:00:00,2023-02-18 07:00:00,730,1,-0.3032104293734177,0.3032104293734177,{'model__alpha': 0.01}
2023-02-18 07:00:00,Random Forest,7,-0.4054945452737505,-0.6316469646692061,2021-02-18 07:00:00,2023-02-18 07:00:00,2023-02-18 07:00:00,730,1,-0.28640559026943707,0.28640559026943707,"{'max_depth': 10, 'max_features': 0.5, 'min_samples_leaf': 2, 'n_estimators': 100}"
2023-02-18 07:00:00,Neural Network,7,-0.4054945452737505,-0.42558526312128797,2021-02-18 07:00:00,2023-02-18 07:00:00,2023-02-18 07:00:00,730,1,-0.35941423956503044,0.35941423956503044,"{'regressor__model__alpha': 0.0001, 'regressor__model__hidden_layer_sizes': (64, 32), 'regressor__model__learning_rate_init': 0.0001}"
2023-02-18 07:00:00,Naive,7,-0.4054945452737505,-0.13201374312887088,2021-02-18 07:00:00,2023-02-18 07:00:00,2023-02-18 07:00:00,730,1,,,not_applicable
2023-02-19 07:00:00,Decision Tree,7,-0.27470408236434596,-0.04661594957113532,2021-02-19 07:00:00,2023-02-19 07:00:00,2023-02-19 07:00:00,730,1,-0.42290985504429074,0.42290985504429074,"{'max_depth': None, 'min_samples_leaf': 1, 'min_samples_split': 20}"
2023-02-19 07:00:00,ARX,7,-0.27470408236434596,-0.6071885041486578,2021-02-19 07:00:00,2023-02-19 07:00:00,2023-02-19 07:00:00,730,1,-0.3032104293734177,0.3032104293734177,{'model__alpha': 0.01}
2023-02-19 07:00:00,Random Forest,7,-0.27470408236434596,-0.26922363565088836,2021-02-19 07:00:00,2023-02-19 07:00:00,2023-02-19 07:00:00,730,1,-0.28640559026943707,0.28640559026943707,"{'max_depth': 10, 'max_features': 0.5, 'min_samples_leaf': 2, 'n_estimators': 100}"
2023-02-19 07:00:00,Neural Network,7,-0.27470408236434596,-0.3446076691068991,2021-02-19 07:00:00,2023-02-19 07:00:00,2023-02-19 07:00:00,730,1,-0.35941423956503044,0.35941423956503044,"{'regressor__model__alpha': 0.0001, 'regressor__model__hidden_layer_sizes': (64, 32), 'regressor__model__learning_rate_init': 0.0001}"
2023-02-19 07:00:00,Naive,7,-0.27470408236434596,-0.4054945452737505,2021-02-19 07:00:00,2023-02-19 07:00:00,2023-02-19 07:00:00,730,1,,,not_applicable
2023-02-20 07:00:00,Decision Tree,7,-0.5415731418978079,-0.14287556090707307,2021-02-20 07:00:00,2023-02-20 07:00:00,2023-02-20 07:00:00,730,1,-0.42290985504429074,0.42290985504429074,"{'max_depth': None, 'min_samples_leaf': 1, 'min_samples_split': 20}"
2023-02-20 07:00:00,ARX,7,-0.5415731418978079,-0.16479461022752817,2021-02-20 07:00:00,2023-02-20 07:00:00,2023-02-20 07:00:00,730,1,-0.3032104293734177,0.3032104293734177,{'model__alpha': 0.01}
2023-02-20 07:00:00,Random Forest,7,-0.5415731418978079,-0.169793935245526,2021-02-20 07:00:00,2023-02-20 07:00:00,2023-02-20 07:00:00,730,1,-0.28640559026943707,0.28640559026943707,"{'max_depth': 10, 'max_features': 0.5, 'min_samples_leaf': 2, 'n_estimators': 100}"
2023-02-20 07:00:00,Neural Network,7,-0.5415731418978079,0.34139006579395637,2021-02-20 07:00:00,2023-02-20 07:00:00,2023-02-20 07:00:00,730,1,-0.35941423956503044,0.35941423956503044,"{'regressor__model__alpha': 0.0001, 'regressor__model__hidden_layer_sizes': (64, 32), 'regressor__model__learning_rate_init': 0.0001}"
2023-02-20 07:00:00,Naive,7,-0.5415731418978079,-0.27470408236434596,2021-02-20 07:00:00,2023-02-20 07:00:00,2023-02-20 07:00:00,730,1,,,not_applicable
2023-02-21 07:00:00,Decision Tree,7,0.11978739450694673,0.32920208008962715,2021-02-21 07:00:00,2023-02-21 07:00:00,2023-02-21 07:00:00,730,1,-0.42290985504429074,0.42290985504429074,"{'max_depth': None, 'min_samples_leaf': 1, 'min_samples_split': 20}"
2023-02-21 07:00:00,ARX,7,0.11978739450694673,0.029472788229933933,2021-02-21 07:00:00,2023-02-21 07:00:00,2023-02-21 07:00:00,730,1,-0.3032104293734177,0.3032104293734177,{'model__alpha': 0.01}
2023-02-21 07:00:00,Random Forest,7,0.11978739450694673,0.279112163045564,2021-02-21 07:00:00,2023-02-21 07:00:00,2023-02-21 07:00:00,730,1,-0.28640559026943707,0.28640559026943707,"{'max_depth': 10, 'max_features': 0.5, 'min_samples_leaf': 2, 'n_estimators': 100}"
2023-02-21 07:00:00,Neural Network,7,0.11978739450694673,0.06115096030787326,2021-02-21 07:00:00,2023-02-21 07:00:00,2023-02-21 07:00:00,730,1,-0.35941423956503044,0.35941423956503044,"{'regressor__model__alpha': 0.0001, 'regressor__model__hidden_layer_sizes': (64, 32), 'regressor__model__learning_rate_init': 0.0001}"
2023-02-21 07:00:00,Naive,7,0.11978739450694673,-0.5415731418978079,2021-02-21 07:00:00,2023-02-21 07:00:00,2023-02-21 07:00:00,730,1,,,not_applicable
2023-02-22 07:00:00,Decision Tree,7,0.34790352044695083,0.5709920184107422,2021-02-22 07:00:00,2023-02-22 07:00:00,2023-02-22 07:00:00,730,1,-0.42290985504429074,0.42290985504429074,"{'max_depth': None, 'min_samples_leaf': 1, 'min_samples_split': 20}"
2023-02-22 07:00:00,ARX,7,0.34790352044695083,0.7597398505980276,2021-02-22 07:00:00,2023-02-22 07:00:00,2023-02-22 07:00:00,730,1,-0.3032104293734177,0.3032104293734177,{'model__alpha': 0.01}
2023-02-22 07:00:00,Random Forest,7,0.34790352044695083,0.4434351409495849,2021-02-22 07:00:00,2023-02-22 07:00:00,2023-02-22 07:00:00,730,1,-0.28640559026943707,0.28640559026943707,"{'max_depth': 10, 'max_features': 0.5, 'min_samples_leaf': 2, 'n_estimators': 100}"
2023-02-22 07:00:00,Neural Network,7,0.34790352044695083,0.5362895325268568,2021-02-22 07:00:00,2023-02-22 07:00:00,2023-02-22 07:00:00,730,1,-0.35941423956503044,0.35941423956503044,"{'regressor__model__alpha': 0.0001, 'regressor__model__hidden_layer_sizes': (64, 32), 'regressor__model__learning_rate_init': 0.0001}"
2023-02-22 07:00:00,Naive,7,0.34790352044695083,0.11978739450694673,2021-02-22 07:00:00,2023-02-22 07:00:00,2023-02-22 07:00:00,730,1,,,not_applicable
2023-02-23 07:00:00,Decision Tree,7,0.31702847778213084,0.43074138370494025,2021-02-23 07:00:00,2023-02-23 07:00:00,2023-02-23 07:00:00,730,1,-0.42290985504429074,0.42290985504429074,"{'max_depth': None, 'min_samples_leaf': 1, 'min_samples_split': 20}"
2023-02-23 07:00:00,ARX,7,0.31702847778213084,0.7022948220004467,2021-02-23 07:00:00,2023-02-23 07:00:00,2023-02-23 07:00:00,730,1,-0.3032104293734177,0.3032104293734177,{'model__alpha': 0.01}
2023-02-23 07:00:00,Random Forest,7,0.31702847778213084,0.3656912272876835,2021-02-23 07:00:00,2023-02-23 07:00:00,2023-02-23 07:00:00,730,1,-0.28640559026943707,0.28640559026943707,"{'max_depth': 10, 'max_features': 0.5, 'min_samples_leaf': 2, 'n_estimators': 100}"
2023-02-23 07:00:00,Neural Network,7,0.31702847778213084,0.3865970356598465,2021-02-23 07:00:00,2023-02-23 07:00:00,2023-02-23 07:00:00,730,1,-0.35941423956503044,0.35941423956503044,"{'regressor__model__alpha': 0.0001, 'regressor__model__hidden_layer_sizes': (64, 32), 'regressor__model__learning_rate_init': 0.0001}"
2023-02-23 07:00:00,Naive,7,0.31702847778213084,0.34790352044695083,2021-02-23 07:00:00,2023-02-23 07:00:00,2023-02-23 07:00:00,730,1,,,not_applicable
2023-02-24 07:00:00,Decision Tree,7,0.17242552495692678,0.4244240000425619,2021-02-24 07:00:00,2023-02-24 07:00:00,2023-02-24 07:00:00,730,1,-0.42290985504429074,0.42290985504429074,"{'max_depth': None, 'min_samples_leaf': 1, 'min_samples_split': 20}"
2023-02-24 07:00:00,ARX,7,0.17242552495692678,0.35336590542469226,2021-02-24 07:00:00,2023-02-24 07:00:00,2023-02-24 07:00:00,730,1,-0.3032104293734177,0.3032104293734177,{'model__alpha': 0.01}
2023-02-24 07:00:00,Random Forest,7,0.17242552495692678,0.2862338626632214,2021-02-24 07:00:00,2023-02-24 07:00:00,2023-02-24 07:00:00,730,1,-0.28640559026943707,0.28640559026943707,"{'max_depth': 10, 'max_features': 0.5, 'min_samples_leaf': 2, 'n_estimators': 100}"
2023-02-24 07:00:00,Neural Network,7,0.17242552495692678,0.1179621071885375,2021-02-24 07:00:00,2023-02-24 07:00:00,2023-02-24 07:00:00,730,1,-0.35941423956503044,0.35941423956503044,"{'regressor__model__alpha': 0.0001, 'regressor__model__hidden_layer_sizes': (64, 32), 'regressor__model__learning_rate_init': 0.0001}"
2023-02-24 07:00:00,Naive,7,0.17242552495692678,0.31702847778213084,2021-02-24 07:00:00,2023-02-24 07:00:00,2023-02-24 07:00:00,730,1,,,not_applicable
2023-02-25 07:00:00,Decision Tree,7,-0.49774377950294213,-0.30190643734425315,2021-02-25 07:00:00,2023-02-25 07:00:00,2023-02-25 07:00:00,730,1,-0.42290985504429074,0.42290985504429074,"{'max_depth': None, 'min_samples_leaf': 1, 'min_samples_split': 20}"
2023-02-25 07:00:00,ARX,7,-0.49774377950294213,-0.729231818898868,2021-02-25 07:00:00,2023-02-25 07:00:00,2023-02-25 07:00:00,730,1,-0.3032104293734177,0.3032104293734177,{'model__alpha': 0.01}
2023-02-25 07:00:00,Random Forest,7,-0.49774377950294213,-0.45535323199416466,2021-02-25 07:00:00,2023-02-25 07:00:00,2023-02-25 07:00:00,730,1,-0.28640559026943707,0.28640559026943707,"{'max_depth': 10, 'max_features': 0.5, 'min_samples_leaf': 2, 'n_estimators': 100}"
2023-02-25 07:00:00,Neural Network,7,-0.49774377950294213,-0.44261311252925184,2021-02-25 07:00:00,2023-02-25 07:00:00,2023-02-25 07:00:00,730,1,-0.35941423956503044,0.35941423956503044,"{'regressor__model__alpha': 0.0001, 'regressor__model__hidden_layer_sizes': (64, 32), 'regressor__model__learning_rate_init': 0.0001}"
2023-02-25 07:00:00,Naive,7,-0.49774377950294213,0.17242552495692678,2021-02-25 07:00:00,2023-02-25 07:00:00,2023-02-25 07:00:00,730,1,,,not_applicable
2023-02-26 07:00:00,Decision Tree,7,-0.2698870502090046,-0.3265534393878317,2021-02-26 07:00:00,2023-02-26 07:00:00,2023-02-26 07:00:00,730,1,-0.42290985504429074,0.42290985504429074,"{'max_depth': None, 'min_samples_leaf': 1, 'min_samples_split': 20}"
2023-02-26 07:00:00,ARX,7,-0.2698870502090046,-0.4822680953606673,2021-02-26 07:00:00,2023-02-26 07:00:00,2023-02-26 07:00:00,730,1,-0.3032104293734177,0.3032104293734177,{'model__alpha': 0.01}
2023-02-26 07:00:00,Random Forest,7,-0.2698870502090046,-0.22615572367873424,2021-02-26 07:00:00,2023-02-26 07:00:00,2023-02-26 07:00:00,730,1,-0.28640559026943707,0.28640559026943707,"{'max_depth': 10, 'max_features': 0.5, 'min_samples_leaf': 2, 'n_estimators': 100}"
2023-02-26 07:00:00,Neural Network,7,-0.2698870502090046,-0.4703208810238757,2021-02-26 07:00:00,2023-02-26 07:00:00,2023-02-26 07:00:00,730,1,-0.35941423956503044,0.35941423956503044,"{'regressor__model__alpha': 0.0001, 'regressor__model__hidden_layer_sizes': (64, 32), 'regressor__model__learning_rate_init': 0.0001}"
2023-02-26 07:00:00,Naive,7,-0.2698870502090046,-0.49774377950294213,2021-02-26 07:00:00,2023-02-26 07:00:00,2023-02-26 07:00:00,730,1,,,not_applicable
2023-02-27 07:00:00,Decision Tree,7,0.4672358053224436,0.42870684523036917,2021-02-27 07:00:00,2023-02-27 07:00:00,2023-02-27 07:00:00,730,1,-0.42290985504429074,0.42290985504429074,"{'max_depth': None, 'min_samples_leaf': 1, 'min_samples_split': 20}"
2023-02-27 07:00:00,ARX,7,0.4672358053224436,0.6343490013150257,2021-02-27 07:00:00,2023-02-27 07:00:00,2023-02-27 07:00:00,730,1,-0.3032104293734177,0.3032104293734177,{'model__alpha': 0.01}
2023-02-27 07:00:00,Random Forest,7,0.4672358053224436,0.29670828490728046,2021-02-27 07:00:00,2023-02-27 07:00:00,2023-02-27 07:00:00,730,1,-0.28640559026943707,0.28640559026943707,"{'max_depth': 10, 'max_features': 0.5, 'min_samples_leaf': 2, 'n_estimators': 100}"
2023-02-27 07:00:00,Neural Network,7,0.4672358053224436,0.5789292470841383,2021-02-27 07:00:00,2023-02-27 07:00:00,2023-02-27 07:00:00,730,1,-0.35941423956503044,0.35941423956503044,"{'regressor__model__alpha': 0.0001, 'regressor__model__hidden_layer_sizes': (64, 32), 'regressor__model__learning_rate_init': 0.0001}"
2023-02-27 07:00:00,Naive,7,0.4672358053224436,-0.2698870502090046,2021-02-27 07:00:00,2023-02-27 07:00:00,2023-02-27 07:00:00,730,1,,,not_applicable
2023-02-28 07:00:00,Decision Tree,7,0.3869357996429967,0.49408363562362134,2021-02-28 07:00:00,2023-02-28 07:00:00,2023-02-28 07:00:00,730,1,-0.42290985504429074,0.42290985504429074,"{'max_depth': None, 'min_samples_leaf': 1, 'min_samples_split': 20}"
2023-02-28 07:00:00,ARX,7,0.3869357996429967,0.7980356101784224,2021-02-28 07:00:00,2023-02-28 07:00:00,2023-02-28 07:00:00,730,1,-0.3032104293734177,0.3032104293734177,{'model__alpha': 0.01}
2023-02-28 07:00:00,Random Forest,7,0.3869357996429967,0.4847505364403243,2021-02-28 07:00:00,2023-02-28 07:00:00,2023-02-28 07:00:00,730,1,-0.28640559026943707,0.28640559026943707,"{'max_depth': 10, 'max_features': 0.5, 'min_samples_leaf': 2, 'n_estimators': 100}"
2023-02-28 07:00:00,Neural Network,7,0.3869357996429967,1.0567863081183986,2021-02-28 07:00:00,2023-02-28 07:00:00,2023-02-28 07:00:00,730,1,-0.35941423956503044,0.35941423956503044,"{'regressor__model__alpha': 0.0001, 'regressor__model__hidden_layer_sizes': (64, 32), 'regressor__model__learning_rate_init': 0.0001}"
2023-02-28 07:00:00,Naive,7,0.3869357996429967,0.4672358053224436,2021-02-28 07:00:00,2023-02-28 07:00:00,2023-02-28 07:00:00,730,1,,,not_applicable
2023-03-01 07:00:00,Decision Tree,7,0.4590874588532048,0.4864302187678624,2021-03-01 07:00:00,2023-03-01 07:00:00,2023-03-01 07:00:00,730,1,-0.42290985504429074,0.42290985504429074,"{'max_depth': None, 'min_samples_leaf': 1, 'min_samples_split': 20}"
2023-03-01 07:00:00,ARX,7,0.4590874588532048,0.7555359156270073,2021-03-01 07:00:00,2023-03-01 07:00:00,2023-03-01 07:00:00,730,1,-0.3032104293734177,0.3032104293734177,{'model__alpha': 0.01}
2023-03-01 07:00:00,Random Forest,7,0.4590874588532048,0.4082436331159142,2021-03-01 07:00:00,2023-03-01 07:00:00,2023-03-01 07:00:00,730,1,-0.28640559026943707,0.28640559026943707,"{'max_depth': 10, 'max_features': 0.5, 'min_samples_leaf': 2, 'n_estimators': 100}"
2023-03-01 07:00:00,Neural Network,7,0.4590874588532048,0.3485738530803666,2021-03-01 07:00:00,2023-03-01 07:00:00,2023-03-01 07:00:00,730,1,-0.35941423956503044,0.35941423956503044,"{'regressor__model__alpha': 0.0001, 'regressor__model__hidden_layer_sizes': (64, 32), 'regressor__model__learning_rate_init': 0.0001}"
2023-03-01 07:00:00,Naive,7,0.4590874588532048,0.3869357996429967,2021-03-01 07:00:00,2023-03-01 07:00:00,2023-03-01 07:00:00,730,1,,,not_applicable
2023-03-02 07:00:00,Decision Tree,7,0.4142357298265562,0.4846073681068852,2021-03-02 07:00:00,2023-03-02 07:00:00,2023-03-02 07:00:00,730,1,-0.42290985504429074,0.42290985504429074,"{'max_depth': None, 'min_samples_leaf': 1, 'min_samples_split': 20}"
2023-03-02 07:00:00,ARX,7,0.4142357298265562,0.7036133515937487,2021-03-02 07:00:00,2023-03-02 07:00:00,2023-03-02 07:00:00,730,1,-0.3032104293734177,0.3032104293734177,{'model__alpha': 0.01}
2023-03-02 07:00:00,Random Forest,7,0.4142357298265562,0.35250630477666656,2021-03-02 07:00:00,2023-03-02 07:00:00,2023-03-02 07:00:00,730,1,-0.28640559026943707,0.28640559026943707,"{'max_depth': 10, 'max_features': 0.5, 'min_samples_leaf': 2, 'n_estimators': 100}"
2023-03-02 07:00:00,Neural Network,7,0.4142357298265562,0.45866155589584956,2021-03-02 07:00:00,2023-03-02 07:00:00,2023-03-02 07:00:00,730,1,-0.35941423956503044,0.35941423956503044,"{'regressor__model__alpha': 0.0001, 'regressor__model__hidden_layer_sizes': (64, 32), 'regressor__model__learning_rate_init': 0.0001}"
2023-03-02 07:00:00,Naive,7,0.4142357298265562,0.4590874588532048,2021-03-02 07:00:00,2023-03-02 07:00:00,2023-03-02 07:00:00,730,1,,,not_applicable
2023-03-03 07:00:00,Decision Tree,7,0.46568278437564914,0.5322730706215458,2021-03-03 07:00:00,2023-03-03 07:00:00,2023-03-03 07:00:00,730,1,-0.42290985504429074,0.42290985504429074,"{'max_depth': None, 'min_samples_leaf': 1, 'min_samples_split': 20}"
2023-03-03 07:00:00,ARX,7,0.46568278437564914,0.8086118636972481,2021-03-03 07:00:00,2023-03-03 07:00:00,2023-03-03 07:00:00,730,1,-0.3032104293734177,0.3032104293734177,{'model__alpha': 0.01}
2023-03-03 07:00:00,Random Forest,7,0.46568278437564914,0.36780020346298076,2021-03-03 07:00:00,2023-03-03 07:00:00,2023-03-03 07:00:00,730,1,-0.28640559026943707,0.28640559026943707,"{'max_depth': 10, 'max_features': 0.5, 'min_samples_leaf': 2, 'n_estimators': 100}"
2023-03-03 07:00:00,Neural Network,7,0.46568278437564914,0.5107254571391788,2021-03-03 07:00:00,2023-03-03 07:00:00,2023-03-03 07:00:00,730,1,-0.35941423956503044,0.35941423956503044,"{'regressor__model__alpha': 0.0001, 'regressor__model__hidden_layer_sizes': (64, 32), 'regressor__model__learning_rate_init': 0.0001}"
2023-03-03 07:00:00,Naive,7,0.46568278437564914,0.4142357298265562,2021-03-03 07:00:00,2023-03-03 07:00:00,2023-03-03 07:00:00,730,1,,,not_applicable
2023-03-04 07:00:00,Decision Tree,7,-0.38161311470508363,-0.33433084925101836,2021-03-04 07:00:00,2023-03-04 07:00:00,2023-03-04 07:00:00,730,1,-0.42290985504429074,0.42290985504429074,"{'max_depth': None, 'min_samples_leaf': 1, 'min_samples_split': 20}"
2023-03-04 07:00:00,ARX,7,-0.38161311470508363,-0.3869768747003881,2021-03-04 07:00:00,2023-03-04 07:00:00,2023-03-04 07:00:00,730,1,-0.3032104293734177,0.3032104293734177,{'model__alpha': 0.01}
2023-03-04 07:00:00,Random Forest,7,-0.38161311470508363,-0.24133809021845498,2021-03-04 07:00:00,2023-03-04 07:00:00,2023-03-04 07:00:00,730,1,-0.28640559026943707,0.28640559026943707,"{'max_depth': 10, 'max_features': 0.5, 'min_samples_leaf': 2, 'n_estimators': 100}"
2023-03-04 07:00:00,Neural Network,7,-0.38161311470508363,0.09755818795465698,2021-03-04 07:00:00,2023-03-04 07:00:00,2023-03-04 07:00:00,730,1,-0.35941423956503044,0.35941423956503044,"{'regressor__model__alpha': 0.0001, 'regressor__model__hidden_layer_sizes': (64, 32), 'regressor__model__learning_rate_init': 0.0001}"
2023-03-04 07:00:00,Naive,7,-0.38161311470508363,0.46568278437564914,2021-03-04 07:00:00,2023-03-04 07:00:00,2023-03-04 07:00:00,730,1,,,not_applicable
2023-03-05 07:00:00,Decision Tree,7,-0.29303889313399517,-0.1971239714814049,2021-03-05 07:00:00,2023-03-05 07:00:00,2023-03-05 07:00:00,730,1,-0.42290985504429074,0.42290985504429074,"{'max_depth': None, 'min_samples_leaf': 1, 'min_samples_split': 20}"
2023-03-05 07:00:00,ARX,7,-0.29303889313399517,-0.48344133383281296,2021-03-05 07:00:00,2023-03-05 07:00:00,2023-03-05 07:00:00,730,1,-0.3032104293734177,0.3032104293734177,{'model__alpha': 0.01}
2023-03-05 07:00:00,Random Forest,7,-0.29303889313399517,-0.285810333655321,2021-03-05 07:00:00,2023-03-05 07:00:00,2023-03-05 07:00:00,730,1,-0.28640559026943707,0.28640559026943707,"{'max_depth': 10, 'max_features': 0.5, 'min_samples_leaf': 2, 'n_estimators': 100}"
2023-03-05 07:00:00,Neural Network,7,-0.29303889313399517,-0.20806215403720651,2021-03-05 07:00:00,2023-03-05 07:00:00,2023-03-05 07:00:00,730,1,-0.35941423956503044,0.35941423956503044,"{'regressor__model__alpha': 0.0001, 'regressor__model__hidden_layer_sizes': (64, 32), 'regressor__model__learning_rate_init': 0.0001}"
2023-03-05 07:00:00,Naive,7,-0.29303889313399517,-0.38161311470508363,2021-03-05 07:00:00,2023-03-05 07:00:00,2023-03-05 07:00:00,730,1,,,not_applicable
2023-03-06 07:00:00,Decision Tree,7,0.4469412034045568,0.47935464916502846,2021-03-06 07:00:00,2023-03-06 07:00:00,2023-03-06 07:00:00,730,1,-0.42290985504429074,0.42290985504429074,"{'max_depth': None, 'min_samples_leaf': 1, 'min_samples_split': 20}"
2023-03-06 07:00:00,ARX,7,0.4469412034045568,0.7847093877298223,2021-03-06 07:00:00,2023-03-06 07:00:00,2023-03-06 07:00:00,730,1,-0.3032104293734177,0.3032104293734177,{'model__alpha': 0.01}
2023-03-06 07:00:00,Random Forest,7,0.4469412034045568,0.3974496009143846,2021-03-06 07:00:00,2023-03-06 07:00:00,2023-03-06 07:00:00,730,1,-0.28640559026943707,0.28640559026943707,"{'max_depth': 10, 'max_features': 0.5, 'min_samples_leaf': 2, 'n_estimators': 100}"
2023-03-06 07:00:00,Neural Network,7,0.4469412034045568,0.7058807821296769,2021-03-06 07:00:00,2023-03-06 07:00:00,2023-03-06 07:00:00,730,1,-0.35941423956503044,0.35941423956503044,"{'regressor__model__alpha': 0.0001, 'regressor__model__hidden_layer_sizes': (64, 32), 'regressor__model__learning_rate_init': 0.0001}"
2023-03-06 07:00:00,Naive,7,0.4469412034045568,-0.29303889313399517,2021-03-06 07:00:00,2023-03-06 07:00:00,2023-03-06 07:00:00,730,1,,,not_applicable
2023-03-07 07:00:00,Decision Tree,7,-0.38254320629606847,-0.167794159718994,2021-03-07 07:00:00,2023-03-07 07:00:00,2023-03-07 07:00:00,730,1,-0.42290985504429074,0.42290985504429074,"{'max_depth': None, 'min_samples_leaf': 1, 'min_samples_split': 20}"
2023-03-07 07:00:00,ARX,7,-0.38254320629606847,0.022789816840139476,2021-03-07 07:00:00,2023-03-07 07:00:00,2023-03-07 07:00:00,730,1,-0.3032104293734177,0.3032104293734177,{'model__alpha': 0.01}
2023-03-07 07:00:00,Random Forest,7,-0.38254320629606847,-0.002781975105253516,2021-03-07 07:00:00,2023-03-07 07:00:00,2023-03-07 07:00:00,730,1,-0.28640559026943707,0.28640559026943707,"{'max_depth': 10, 'max_features': 0.5, 'min_samples_leaf': 2, 'n_estimators': 100}"
2023-03-07 07:00:00,Neural Network,7,-0.38254320629606847,0.233827238077863,2021-03-07 07:00:00,2023-03-07 07:00:00,2023-03-07 07:00:00,730,1,-0.35941423956503044,0.35941423956503044,"{'regressor__model__alpha': 0.0001, 'regressor__model__hidden_layer_sizes': (64, 32), 'regressor__model__learning_rate_init': 0.0001}"
2023-03-07 07:00:00,Naive,7,-0.38254320629606847,0.4469412034045568,2021-03-07 07:00:00,2023-03-07 07:00:00,2023-03-07 07:00:00,730,1,,,not_applicable
2023-03-08 07:00:00,Decision Tree,7,0.19403019259974452,0.47755390217833565,2021-03-08 07:00:00,2023-03-08 07:00:00,2023-03-08 07:00:00,730,1,-0.42290985504429074,0.42290985504429074,"{'max_depth': None, 'min_samples_leaf': 1, 'min_samples_split': 20}"
2023-03-08 07:00:00,ARX,7,0.19403019259974452,0.5755853095642514,2021-03-08 07:00:00,2023-03-08 07:00:00,2023-03-08 07:00:00,730,1,-0.3032104293734177,0.3032104293734177,{'model__alpha': 0.01}
2023-03-08 07:00:00,Random Forest,7,0.19403019259974452,0.3526332452022556,2021-03-08 07:00:00,2023-03-08 07:00:00,2023-03-08 07:00:00,730,1,-0.28640559026943707,0.28640559026943707,"{'max_depth': 10, 'max_features': 0.5, 'min_samples_leaf': 2, 'n_estimators': 100}"
2023-03-08 07:00:00,Neural Network,7,0.19403019259974452,0.5232913196861468,2021-03-08 07:00:00,2023-03-08 07:00:00,2023-03-08 07:00:00,730,1,-0.35941423956503044,0.35941423956503044,"{'regressor__model__alpha': 0.0001, 'regressor__model__hidden_layer_sizes': (64, 32), 'regressor__model__learning_rate_init': 0.0001}"
2023-03-08 07:00:00,Naive,7,0.19403019259974452,-0.38254320629606847,2021-03-08 07:00:00,2023-03-08 07:00:00,2023-03-08 07:00:00,730,1,,,not_applicable
2023-03-09 07:00:00,Decision Tree,7,0.10607315208792145,0.2581538241156799,2021-03-09 07:00:00,2023-03-09 07:00:00,2023-03-09 07:00:00,730,1,-0.42290985504429074,0.42290985504429074,"{'max_depth': None, 'min_samples_leaf': 1, 'min_samples_split': 20}"
2023-03-09 07:00:00,ARX,7,0.10607315208792145,0.5223404720184963,2021-03-09 07:00:00,2023-03-09 07:00:00,2023-03-09 07:00:00,730,1,-0.3032104293734177,0.3032104293734177,{'model__alpha': 0.01}
2023-03-09 07:00:00,Random Forest,7,0.10607315208792145,0.30824791399491874,2021-03-09 07:00:00,2023-03-09 07:00:00,2023-03-09 07:00:00,730,1,-0.28640559026943707,0.28640559026943707,"{'max_depth': 10, 'max_features': 0.5, 'min_samples_leaf': 2, 'n_estimators': 100}"
2023-03-09 07:00:00,Neural Network,7,0.10607315208792145,0.2686333514874475,2021-03-09 07:00:00,2023-03-09 07:00:00,2023-03-09 07:00:00,730,1,-0.35941423956503044,0.35941423956503044,"{'regressor__model__alpha': 0.0001, 'regressor__model__hidden_layer_sizes': (64, 32), 'regressor__model__learning_rate_init': 0.0001}"
2023-03-09 07:00:00,Naive,7,0.10607315208792145,0.19403019259974452,2021-03-09 07:00:00,2023-03-09 07:00:00,2023-03-09 07:00:00,730,1,,,not_applicable
2023-03-10 07:00:00,Decision Tree,7,-0.025336388194124322,0.3039037076762422,2021-03-10 07:00:00,2023-03-10 07:00:00,2023-03-10 07:00:00,730,1,-0.42290985504429074,0.42290985504429074,"{'max_depth': None, 'min_samples_leaf': 1, 'min_samples_split': 20}"
2023-03-10 07:00:00,ARX,7,-0.025336388194124322,0.17550196218097103,2021-03-10 07:00:00,2023-03-10 07:00:00,2023-03-10 07:00:00,730,1,-0.3032104293734177,0.3032104293734177,{'model__alpha': 0.01}
2023-03-10 07:00:00,Random Forest,7,-0.025336388194124322,0.21551625721764492,2021-03-10 07:00:00,2023-03-10 07:00:00,2023-03-10 07:00:00,730,1,-0.28640559026943707,0.28640559026943707,"{'max_depth': 10, 'max_features': 0.5, 'min_samples_leaf': 2, 'n_estimators': 100}"
2023-03-10 07:00:00,Neural Network,7,-0.025336388194124322,0.13168580129762386,2021-03-10 07:00:00,2023-03-10 07:00:00,2023-03-10 07:00:00,730,1,-0.35941423956503044,0.35941423956503044,"{'regressor__model__alpha': 0.0001, 'regressor__model__hidden_layer_sizes': (64, 32), 'regressor__model__learning_rate_init': 0.0001}"
2023-03-10 07:00:00,Naive,7,-0.025336388194124322,0.10607315208792145,2021-03-10 07:00:00,2023-03-10 07:00:00,2023-03-10 07:00:00,730,1,,,not_applicable
2023-03-11 07:00:00,Decision Tree,7,-0.2907378298162326,0.07334908390234908,2021-03-11 07:00:00,2023-03-11 07:00:00,2023-03-11 07:00:00,730,1,-0.42290985504429074,0.42290985504429074,"{'max_depth': None, 'min_samples_leaf': 1, 'min_samples_split': 20}"
2023-03-11 07:00:00,ARX,7,-0.2907378298162326,-0.5209164339603252,2021-03-11 07:00:00,2023-03-11 07:00:00,2023-03-11 07:00:00,730,1,-0.3032104293734177,0.3032104293734177,{'model__alpha': 0.01}
2023-03-11 07:00:00,Random Forest,7,-0.2907378298162326,-0.4917966731027514,2021-03-11 07:00:00,2023-03-11 07:00:00,2023-03-11 07:00:00,730,1,-0.28640559026943707,0.28640559026943707,"{'max_depth': 10, 'max_features': 0.5, 'min_samples_leaf': 2, 'n_estimators': 100}"
2023-03-11 07:00:00,Neural Network,7,-0.2907378298162326,-0.5854948874430594,2021-03-11 07:00:00,2023-03-11 07:00:00,2023-03-11 07:00:00,730,1,-0.35941423956503044,0.35941423956503044,"{'regressor__model__alpha': 0.0001, 'regressor__model__hidden_layer_sizes': (64, 32), 'regressor__model__learning_rate_init': 0.0001}"
2023-03-11 07:00:00,Naive,7,-0.2907378298162326,-0.025336388194124322,2021-03-11 07:00:00,2023-03-11 07:00:00,2023-03-11 07:00:00,730,1,,,not_applicable
2023-03-12 07:00:00,Decision Tree,7,-0.48804836975714216,0.05428786840296385,2021-03-12 07:00:00,2023-03-12 07:00:00,2023-03-12 07:00:00,730,1,-0.42290985504429074,0.42290985504429074,"{'max_depth': None, 'min_samples_leaf': 1, 'min_samples_split': 20}"
2023-03-12 07:00:00,ARX,7,-0.48804836975714216,-0.49406488995819076,2021-03-12 07:00:00,2023-03-12 07:00:00,2023-03-12 07:00:00,730,1,-0.3032104293734177,0.3032104293734177,{'model__alpha': 0.01}
2023-03-12 07:00:00,Random Forest,7,-0.48804836975714216,-0.35835558455073757,2021-03-12 07:00:00,2023-03-12 07:00:00,2023-03-12 07:00:00,730,1,-0.28640559026943707,0.28640559026943707,"{'max_depth': 10, 'max_features': 0.5, 'min_samples_leaf': 2, 'n_estimators': 100}"
2023-03-12 07:00:00,Neural Network,7,-0.48804836975714216,-0.14823597971868052,2021-03-12 07:00:00,2023-03-12 07:00:00,2023-03-12 07:00:00,730,1,-0.35941423956503044,0.35941423956503044,"{'regressor__model__alpha': 0.0001, 'regressor__model__hidden_layer_sizes': (64, 32), 'regressor__model__learning_rate_init': 0.0001}"
2023-03-12 07:00:00,Naive,7,-0.48804836975714216,-0.2907378298162326,2021-03-12 07:00:00,2023-03-12 07:00:00,2023-03-12 07:00:00,730,1,,,not_applicable
2023-03-13 07:00:00,Decision Tree,7,-0.5889497158704857,-0.239902703819421,2021-03-13 07:00:00,2023-03-13 07:00:00,2023-03-13 07:00:00,730,1,-0.42290985504429074,0.42290985504429074,"{'max_depth': None, 'min_samples_leaf': 1, 'min_samples_split': 20}"
2023-03-13 07:00:00,ARX,7,-0.5889497158704857,-0.37553591209860215,2021-03-13 07:00:00,2023-03-13 07:00:00,2023-03-13 07:00:00,730,1,-0.3032104293734177,0.3032104293734177,{'model__alpha': 0.01}
2023-03-13 07:00:00,Random Forest,7,-0.5889497158704857,-0.33730415342445214,2021-03-13 07:00:00,2023-03-13 07:00:00,2023-03-13 07:00:00,730,1,-0.28640559026943707,0.28640559026943707,"{'max_depth': 10, 'max_features': 0.5, 'min_samples_leaf': 2, 'n_estimators': 100}"
2023-03-13 07:00:00,Neural Network,7,-0.5889497158704857,-0.25881682466294587,2021-03-13 07:00:00,2023-03-13 07:00:00,2023-03-13 07:00:00,730,1,-0.35941423956503044,0.35941423956503044,"{'regressor__model__alpha': 0.0001, 'regressor__model__hidden_layer_sizes': (64, 32), 'regressor__model__learning_rate_init': 0.0001}"
2023-03-13 07:00:00,Naive,7,-0.5889497158704857,-0.48804836975714216,2021-03-13 07:00:00,2023-03-13 07:00:00,2023-03-13 07:00:00,730,1,,,not_applicable
2023-03-14 07:00:00,Decision Tree,7,-0.47722660828669416,-0.26134841585036506,2021-03-14 07:00:00,2023-03-14 07:00:00,2023-03-14 07:00:00,730,1,-0.42290985504429074,0.42290985504429074,"{'max_depth': None, 'min_samples_leaf': 1, 'min_samples_split': 20}"
2023-03-14 07:00:00,ARX,7,-0.47722660828669416,-0.6299036137337917,2021-03-14 07:00:00,2023-03-14 07:00:00,2023-03-14 07:00:00,730,1,-0.3032104293734177,0.3032104293734177,{'model__alpha': 0.01}
2023-03-14 07:00:00,Random Forest,7,-0.47722660828669416,-0.45205651628429117,2021-03-14 07:00:00,2023-03-14 07:00:00,2023-03-14 07:00:00,730,1,-0.28640559026943707,0.28640559026943707,"{'max_depth': 10, 'max_features': 0.5, 'min_samples_leaf': 2, 'n_estimators': 100}"
2023-03-14 07:00:00,Neural Network,7,-0.47722660828669416,-0.5095008316622649,2021-03-14 07:00:00,2023-03-14 07:00:00,2023-03-14 07:00:00,730,1,-0.35941423956503044,0.35941423956503044,"{'regressor__model__alpha': 0.0001, 'regressor__model__hidden_layer_sizes': (64, 32), 'regressor__model__learning_rate_init': 0.0001}"
2023-03-14 07:00:00,Naive,7,-0.47722660828669416,-0.5889497158704857,2021-03-14 07:00:00,2023-03-14 07:00:00,2023-03-14 07:00:00,730,1,,,not_applicable
2023-03-15 07:00:00,Decision Tree,7,0.20497345064939299,0.2856125912389996,2021-03-15 07:00:00,2023-03-15 07:00:00,2023-03-15 07:00:00,730,1,-0.42290985504429074,0.42290985504429074,"{'max_depth': None, 'min_samples_leaf': 1, 'min_samples_split': 20}"
2023-03-15 07:00:00,ARX,7,0.20497345064939299,0.22498049561314448,2021-03-15 07:00:00,2023-03-15 07:00:00,2023-03-15 07:00:00,730,1,-0.3032104293734177,0.3032104293734177,{'model__alpha': 0.01}
2023-03-15 07:00:00,Random Forest,7,0.20497345064939299,0.19117262934572715,2021-03-15 07:00:00,2023-03-15 07:00:00,2023-03-15 07:00:00,730,1,-0.28640559026943707,0.28640559026943707,"{'max_depth': 10, 'max_features': 0.5, 'min_samples_leaf': 2, 'n_estimators': 100}"
2023-03-15 07:00:00,Neural Network,7,0.20497345064939299,0.036122793409776977,2021-03-15 07:00:00,2023-03-15 07:00:00,2023-03-15 07:00:00,730,1,-0.35941423956503044,0.35941423956503044,"{'regressor__model__alpha': 0.0001, 'regressor__model__hidden_layer_sizes': (64, 32), 'regressor__model__learning_rate_init': 0.0001}"
2023-03-15 07:00:00,Naive,7,0.20497345064939299,-0.47722660828669416,2021-03-15 07:00:00,2023-03-15 07:00:00,2023-03-15 07:00:00,730,1,,,not_applicable
2023-03-16 07:00:00,Decision Tree,7,0.02604209951206503,0.2813684259448098,2021-03-16 07:00:00,2023-03-16 07:00:00,2023-03-16 07:00:00,730,1,-0.42290985504429074,0.42290985504429074,"{'max_depth': None, 'min_samples_leaf': 1, 'min_samples_split': 20}"
2023-03-16 07:00:00,ARX,7,0.02604209951206503,0.25935713998946164,2021-03-16 07:00:00,2023-03-16 07:00:00,2023-03-16 07:00:00,730,1,-0.3032104293734177,0.3032104293734177,{'model__alpha': 0.01}
2023-03-16 07:00:00,Random Forest,7,0.02604209951206503,0.2554884411004396,2021-03-16 07:00:00,2023-03-16 07:00:00,2023-03-16 07:00:00,730,1,-0.28640559026943707,0.28640559026943707,"{'max_depth': 10, 'max_features': 0.5, 'min_samples_leaf': 2, 'n_estimators': 100}"
2023-03-16 07:00:00,Neural Network,7,0.02604209951206503,0.06318272358458366,2021-03-16 07:00:00,2023-03-16 07:00:00,2023-03-16 07:00:00,730,1,-0.35941423956503044,0.35941423956503044,"{'regressor__model__alpha': 0.0001, 'regressor__model__hidden_layer_sizes': (64, 32), 'regressor__model__learning_rate_init': 0.0001}"
2023-03-16 07:00:00,Naive,7,0.02604209951206503,0.20497345064939299,2021-03-16 07:00:00,2023-03-16 07:00:00,2023-03-16 07:00:00,730,1,,,not_applicable
2023-03-17 07:00:00,Decision Tree,7,-0.27692620651525346,-0.19386270169033656,2021-03-17 07:00:00,2023-03-17 07:00:00,2023-03-17 07:00:00,730,1,-0.42290985504429074,0.42290985504429074,"{'max_depth': None, 'min_samples_leaf': 1, 'min_samples_split': 20}"
2023-03-17 07:00:00,ARX,7,-0.27692620651525346,-0.16209012197517914,2021-03-17 07:00:00,2023-03-17 07:00:00,2023-03-17 07:00:00,730,1,-0.3032104293734177,0.3032104293734177,{'model__alpha': 0.01}
2023-03-17 07:00:00,Random Forest,7,-0.27692620651525346,-0.25149473796854044,2021-03-17 07:00:00,2023-03-17 07:00:00,2023-03-17 07:00:00,730,1,-0.28640559026943707,0.28640559026943707,"{'max_depth': 10, 'max_features': 0.5, 'min_samples_leaf': 2, 'n_estimators': 100}"
2023-03-17 07:00:00,Neural Network,7,-0.27692620651525346,-0.31772598171425015,2021-03-17 07:00:00,2023-03-17 07:00:00,2023-03-17 07:00:00,730,1,-0.35941423956503044,0.35941423956503044,"{'regressor__model__alpha': 0.0001, 'regressor__model__hidden_layer_sizes': (64, 32), 'regressor__model__learning_rate_init': 0.0001}"
2023-03-17 07:00:00,Naive,7,-0.27692620651525346,0.02604209951206503,2021-03-17 07:00:00,2023-03-17 07:00:00,2023-03-17 07:00:00,730,1,,,not_applicable
2023-03-18 07:00:00,Decision Tree,7,-0.3429011630981447,0.17680845540814935,2021-03-18 07:00:00,2023-03-18 07:00:00,2023-03-18 07:00:00,730,1,-0.42290985504429074,0.42290985504429074,"{'max_depth': None, 'min_samples_leaf': 1, 'min_samples_split': 20}"
2023-03-18 07:00:00,ARX,7,-0.3429011630981447,-0.4513863670816316,2021-03-18 07:00:00,2023-03-18 07:00:00,2023-03-18 07:00:00,730,1,-0.3032104293734177,0.3032104293734177,{'model__alpha': 0.01}
2023-03-18 07:00:00,Random Forest,7,-0.3429011630981447,-0.338006387825015,2021-03-18 07:00:00,2023-03-18 07:00:00,2023-03-18 07:00:00,730,1,-0.28640559026943707,0.28640559026943707,"{'max_depth': 10, 'max_features': 0.5, 'min_samples_leaf': 2, 'n_estimators': 100}"
2023-03-18 07:00:00,Neural Network,7,-0.3429011630981447,-0.3623815361732494,2021-03-18 07:00:00,2023-03-18 07:00:00,2023-03-18 07:00:00,730,1,-0.35941423956503044,0.35941423956503044,"{'regressor__model__alpha': 0.0001, 'regressor__model__hidden_layer_sizes': (64, 32), 'regressor__model__learning_rate_init': 0.0001}"
2023-03-18 07:00:00,Naive,7,-0.3429011630981447,-0.27692620651525346,2021-03-18 07:00:00,2023-03-18 07:00:00,2023-03-18 07:00:00,730,1,,,not_applicable
2023-03-19 07:00:00,Decision Tree,7,-0.3725845859161021,-0.11857237674911408,2021-03-19 07:00:00,2023-03-19 07:00:00,2023-03-19 07:00:00,730,1,-0.42290985504429074,0.42290985504429074,"{'max_depth': None, 'min_samples_leaf': 1, 'min_samples_split': 20}"
2023-03-19 07:00:00,ARX,7,-0.3725845859161021,-0.5302108559512162,2021-03-19 07:00:00,2023-03-19 07:00:00,2023-03-19 07:00:00,730,1,-0.3032104293734177,0.3032104293734177,{'model__alpha': 0.01}
2023-03-19 07:00:00,Random Forest,7,-0.3725845859161021,-0.32223689897058905,2021-03-19 07:00:00,2023-03-19 07:00:00,2023-03-19 07:00:00,730,1,-0.28640559026943707,0.28640559026943707,"{'max_depth': 10, 'max_features': 0.5, 'min_samples_leaf': 2, 'n_estimators': 100}"
2023-03-19 07:00:00,Neural Network,7,-0.3725845859161021,-0.44354711931187896,2021-03-19 07:00:00,2023-03-19 07:00:00,2023-03-19 07:00:00,730,1,-0.35941423956503044,0.35941423956503044,"{'regressor__model__alpha': 0.0001, 'regressor__model__hidden_layer_sizes': (64, 32), 'regressor__model__learning_rate_init': 0.0001}"
2023-03-19 07:00:00,Naive,7,-0.3725845859161021,-0.3429011630981447,2021-03-19 07:00:00,2023-03-19 07:00:00,2023-03-19 07:00:00,730,1,,,not_applicable
2023-03-20 07:00:00,Decision Tree,7,0.08712863109285915,0.4556157042021616,2021-03-20 07:00:00,2023-03-20 07:00:00,2023-03-20 07:00:00,730,1,-0.42290985504429074,0.42290985504429074,"{'max_depth': None, 'min_samples_leaf': 1, 'min_samples_split': 20}"
2023-03-20 07:00:00,ARX,7,0.08712863109285915,0.527389682647144,2021-03-20 07:00:00,2023-03-20 07:00:00,2023-03-20 07:00:00,730,1,-0.3032104293734177,0.3032104293734177,{'model__alpha': 0.01}
2023-03-20 07:00:00,Random Forest,7,0.08712863109285915,0.20531014260420236,2021-03-20 07:00:00,2023-03-20 07:00:00,2023-03-20 07:00:00,730,1,-0.28640559026943707,0.28640559026943707,"{'max_depth': 10, 'max_features': 0.5, 'min_samples_leaf': 2, 'n_estimators': 100}"
2023-03-20 07:00:00,Neural Network,7,0.08712863109285915,0.23037860208355254,2021-03-20 07:00:00,2023-03-20 07:00:00,2023-03-20 07:00:00,730,1,-0.35941423956503044,0.35941423956503044,"{'regressor__model__alpha': 0.0001, 'regressor__model__hidden_layer_sizes': (64, 32), 'regressor__model__learning_rate_init': 0.0001}"
2023-03-20 07:00:00,Naive,7,0.08712863109285915,-0.3725845859161021,2021-03-20 07:00:00,2023-03-20 07:00:00,2023-03-20 07:00:00,730,1,,,not_applicable
2023-03-21 07:00:00,Decision Tree,7,0.05717074766324066,0.2573887982166312,2021-03-21 07:00:00,2023-03-21 07:00:00,2023-03-21 07:00:00,730,1,-0.42290985504429074,0.42290985504429074,"{'max_depth': None, 'min_samples_leaf': 1, 'min_samples_split': 20}"
2023-03-21 07:00:00,ARX,7,0.05717074766324066,0.48091311505352263,2021-03-21 07:00:00,2023-03-21 07:00:00,2023-03-21 07:00:00,730,1,-0.3032104293734177,0.3032104293734177,{'model__alpha': 0.01}
2023-03-21 07:00:00,Random Forest,7,0.05717074766324066,0.20563695026618206,2021-03-21 07:00:00,2023-03-21 07:00:00,2023-03-21 07:00:00,730,1,-0.28640559026943707,0.28640559026943707,"{'max_depth': 10, 'max_features': 0.5, 'min_samples_leaf': 2, 'n_estimators': 100}"
2023-03-21 07:00:00,Neural Network,7,0.05717074766324066,0.27289234068110324,2021-03-21 07:00:00,2023-03-21 07:00:00,2023-03-21 07:00:00,730,1,-0.35941423956503044,0.35941423956503044,"{'regressor__model__alpha': 0.0001, 'regressor__model__hidden_layer_sizes': (64, 32), 'regressor__model__learning_rate_init': 0.0001}"
2023-03-21 07:00:00,Naive,7,0.05717074766324066,0.08712863109285915,2021-03-21 07:00:00,2023-03-21 07:00:00,2023-03-21 07:00:00,730,1,,,not_applicable
2023-03-22 07:00:00,Decision Tree,7,-0.3123374564968127,-0.3004691255212537,2021-03-22 07:00:00,2023-03-22 07:00:00,2023-03-22 07:00:00,730,1,-0.42290985504429074,0.42290985504429074,"{'max_depth': None, 'min_samples_leaf': 1, 'min_samples_split': 20}"
2023-03-22 07:00:00,ARX,7,-0.3123374564968127,-0.12048647040715799,2021-03-22 07:00:00,2023-03-22 07:00:00,2023-03-22 07:00:00,730,1,-0.3032104293734177,0.3032104293734177,{'model__alpha': 0.01}
2023-03-22 07:00:00,Random Forest,7,-0.3123374564968127,-0.2933946795928209,2021-03-22 07:00:00,2023-03-22 07:00:00,2023-03-22 07:00:00,730,1,-0.28640559026943707,0.28640559026943707,"{'max_depth': 10, 'max_features': 0.5, 'min_samples_leaf': 2, 'n_estimators': 100}"
2023-03-22 07:00:00,Neural Network,7,-0.3123374564968127,-0.17086813776503473,2021-03-22 07:00:00,2023-03-22 07:00:00,2023-03-22 07:00:00,730,1,-0.35941423956503044,0.35941423956503044,"{'regressor__model__alpha': 0.0001, 'regressor__model__hidden_layer_sizes': (64, 32), 'regressor__model__learning_rate_init': 0.0001}"
2023-03-22 07:00:00,Naive,7,-0.3123374564968127,0.05717074766324066,2021-03-22 07:00:00,2023-03-22 07:00:00,2023-03-22 07:00:00,730,1,,,not_applicable
2023-03-23 07:00:00,Decision Tree,7,-0.47254475851918587,-0.3677848991967717,2021-03-23 07:00:00,2023-03-23 07:00:00,2023-03-23 07:00:00,730,1,-0.42290985504429074,0.42290985504429074,"{'max_depth': None, 'min_samples_leaf': 1, 'min_samples_split': 20}"
2023-03-23 07:00:00,ARX,7,-0.47254475851918587,-0.35356048589310163,2021-03-23 07:00:00,2023-03-23 07:00:00,2023-03-23 07:00:00,730,1,-0.3032104293734177,0.3032104293734177,{'model__alpha': 0.01}
2023-03-23 07:00:00,Random Forest,7,-0.47254475851918587,-0.3191957268398533,2021-03-23 07:00:00,2023-03-23 07:00:00,2023-03-23 07:00:00,730,1,-0.28640559026943707,0.28640559026943707,"{'max_depth': 10, 'max_features': 0.5, 'min_samples_leaf': 2, 'n_estimators': 100}"
2023-03-23 07:00:00,Neural Network,7,-0.47254475851918587,-0.3169412576318775,2021-03-23 07:00:00,2023-03-23 07:00:00,2023-03-23 07:00:00,730,1,-0.35941423956503044,0.35941423956503044,"{'regressor__model__alpha': 0.0001, 'regressor__model__hidden_layer_sizes': (64, 32), 'regressor__model__learning_rate_init': 0.0001}"
2023-03-23 07:00:00,Naive,7,-0.47254475851918587,-0.3123374564968127,2021-03-23 07:00:00,2023-03-23 07:00:00,2023-03-23 07:00:00,730,1,,,not_applicable
2023-03-24 07:00:00,Decision Tree,7,-0.572433311986432,-0.46750950989132384,2021-03-24 07:00:00,2023-03-24 07:00:00,2023-03-24 07:00:00,730,1,-0.42290985504429074,0.42290985504429074,"{'max_depth': None, 'min_samples_leaf': 1, 'min_samples_split': 20}"
2023-03-24 07:00:00,ARX,7,-0.572433311986432,-0.48560336494475265,2021-03-24 07:00:00,2023-03-24 07:00:00,2023-03-24 07:00:00,730,1,-0.3032104293734177,0.3032104293734177,{'model__alpha': 0.01}
2023-03-24 07:00:00,Random Forest,7,-0.572433311986432,-0.4163424137755478,2021-03-24 07:00:00,2023-03-24 07:00:00,2023-03-24 07:00:00,730,1,-0.28640559026943707,0.28640559026943707,"{'max_depth': 10, 'max_features': 0.5, 'min_samples_leaf': 2, 'n_estimators': 100}"
2023-03-24 07:00:00,Neural Network,7,-0.572433311986432,-0.495436520555554,2021-03-24 07:00:00,2023-03-24 07:00:00,2023-03-24 07:00:00,730,1,-0.35941423956503044,0.35941423956503044,"{'regressor__model__alpha': 0.0001, 'regressor__model__hidden_layer_sizes': (64, 32), 'regressor__model__learning_rate_init': 0.0001}"
2023-03-24 07:00:00,Naive,7,-0.572433311986432,-0.47254475851918587,2021-03-24 07:00:00,2023-03-24 07:00:00,2023-03-24 07:00:00,730,1,,,not_applicable
2023-03-25 07:00:00,Decision Tree,7,-1.1152400579958721,-1.560496286739376,2021-03-25 07:00:00,2023-03-25 07:00:00,2023-03-25 07:00:00,730,1,-0.42290985504429074,0.42290985504429074,"{'max_depth': None, 'min_samples_leaf': 1, 'min_samples_split': 20}"
2023-03-25 07:00:00,ARX,7,-1.1152400579958721,-1.1078606519691763,2021-03-25 07:00:00,2023-03-25 07:00:00,2023-03-25 07:00:00,730,1,-0.3032104293734177,0.3032104293734177,{'model__alpha': 0.01}
2023-03-25 07:00:00,Random Forest,7,-1.1152400579958721,-0.6880127051108825,2021-03-25 07:00:00,2023-03-25 07:00:00,2023-03-25 07:00:00,730,1,-0.28640559026943707,0.28640559026943707,"{'max_depth': 10, 'max_features': 0.5, 'min_samples_leaf': 2, 'n_estimators': 100}"
2023-03-25 07:00:00,Neural Network,7,-1.1152400579958721,-0.8901677578406653,2021-03-25 07:00:00,2023-03-25 07:00:00,2023-03-25 07:00:00,730,1,-0.35941423956503044,0.35941423956503044,"{'regressor__model__alpha': 0.0001, 'regressor__model__hidden_layer_sizes': (64, 32), 'regressor__model__learning_rate_init': 0.0001}"
2023-03-25 07:00:00,Naive,7,-1.1152400579958721,-0.572433311986432,2021-03-25 07:00:00,2023-03-25 07:00:00,2023-03-25 07:00:00,730,1,,,not_applicable
2023-03-26 07:00:00,Decision Tree,7,-0.6429565727595294,-1.4968882540617325,2021-03-26 07:00:00,2023-03-26 07:00:00,2023-03-26 07:00:00,730,1,-0.42290985504429074,0.42290985504429074,"{'max_depth': None, 'min_samples_leaf': 1, 'min_samples_split': 20}"
2023-03-26 07:00:00,ARX,7,-0.6429565727595294,-1.1114147801768541,2021-03-26 07:00:00,2023-03-26 07:00:00,2023-03-26 07:00:00,730,1,-0.3032104293734177,0.3032104293734177,{'model__alpha': 0.01}
2023-03-26 07:00:00,Random Forest,7,-0.6429565727595294,-0.846424657181677,2021-03-26 07:00:00,2023-03-26 07:00:00,2023-03-26 07:00:00,730,1,-0.28640559026943707,0.28640559026943707,"{'max_depth': 10, 'max_features': 0.5, 'min_samples_leaf': 2, 'n_estimators': 100}"
2023-03-26 07:00:00,Neural Network,7,-0.6429565727595294,-0.7424847647076147,2021-03-26 07:00:00,2023-03-26 07:00:00,2023-03-26 07:00:00,730,1,-0.35941423956503044,0.35941423956503044,"{'regressor__model__alpha': 0.0001, 'regressor__model__hidden_layer_sizes': (64, 32), 'regressor__model__learning_rate_init': 0.0001}"
2023-03-26 07:00:00,Naive,7,-0.6429565727595294,-1.1152400579958721,2021-03-26 07:00:00,2023-03-26 07:00:00,2023-03-26 07:00:00,730,1,,,not_applicable
2023-03-27 07:00:00,Decision Tree,7,0.0313257940858955,-0.1984773408472764,2021-03-27 07:00:00,2023-03-27 07:00:00,2023-03-27 07:00:00,730,1,-0.42290985504429074,0.42290985504429074,"{'max_depth': None, 'min_samples_leaf': 1, 'min_samples_split': 20}"
2023-03-27 07:00:00,ARX,7,0.0313257940858955,-0.04008516252462058,2021-03-27 07:00:00,2023-03-27 07:00:00,2023-03-27 07:00:00,730,1,-0.3032104293734177,0.3032104293734177,{'model__alpha': 0.01}
2023-03-27 07:00:00,Random Forest,7,0.0313257940858955,-0.11649681432149073,2021-03-27 07:00:00,2023-03-27 07:00:00,2023-03-27 07:00:00,730,1,-0.28640559026943707,0.28640559026943707,"{'max_depth': 10, 'max_features': 0.5, 'min_samples_leaf': 2, 'n_estimators': 100}"
2023-03-27 07:00:00,Neural Network,7,0.0313257940858955,-0.022690097638775164,2021-03-27 07:00:00,2023-03-27 07:00:00,2023-03-27 07:00:00,730,1,-0.35941423956503044,0.35941423956503044,"{'regressor__model__alpha': 0.0001, 'regressor__model__hidden_layer_sizes': (64, 32), 'regressor__model__learning_rate_init': 0.0001}"
2023-03-27 07:00:00,Naive,7,0.0313257940858955,-0.6429565727595294,2021-03-27 07:00:00,2023-03-27 07:00:00,2023-03-27 07:00:00,730,1,,,not_applicable
2023-03-28 07:00:00,Decision Tree,7,0.20470477205431384,0.07313615649798248,2021-03-28 07:00:00,2023-03-28 07:00:00,2023-03-28 07:00:00,730,1,-0.42290985504429074,0.42290985504429074,"{'max_depth': None, 'min_samples_leaf': 1, 'min_samples_split': 20}"
2023-03-28 07:00:00,ARX,7,0.20470477205431384,-0.016086579140623503,2021-03-28 07:00:00,2023-03-28 07:00:00,2023-03-28 07:00:00,730,1,-0.3032104293734177,0.3032104293734177,{'model__alpha': 0.01}
2023-03-28 07:00:00,Random Forest,7,0.20470477205431384,0.13503099551385703,2021-03-28 07:00:00,2023-03-28 07:00:00,2023-03-28 07:00:00,730,1,-0.28640559026943707,0.28640559026943707,"{'max_depth': 10, 'max_features': 0.5, 'min_samples_leaf': 2, 'n_estimators': 100}"
2023-03-28 07:00:00,Neural Network,7,0.20470477205431384,0.02875123129800472,2021-03-28 07:00:00,2023-03-28 07:00:00,2023-03-28 07:00:00,730,1,-0.35941423956503044,0.35941423956503044,"{'regressor__model__alpha': 0.0001, 'regressor__model__hidden_layer_sizes': (64, 32), 'regressor__model__learning_rate_init': 0.0001}"
2023-03-28 07:00:00,Naive,7,0.20470477205431384,0.0313257940858955,2021-03-28 07:00:00,2023-03-28 07:00:00,2023-03-28 07:00:00,730,1,,,not_applicable
2023-03-29 07:00:00,Decision Tree,7,0.04298095385774182,0.0808754868248255,2021-03-29 07:00:00,2023-03-29 07:00:00,2023-03-29 07:00:00,730,1,-0.42290985504429074,0.42290985504429074,"{'max_depth': None, 'min_samples_leaf': 1, 'min_samples_split': 20}"
2023-03-29 07:00:00,ARX,7,0.04298095385774182,0.14499000638488813,2021-03-29 07:00:00,2023-03-29 07:00:00,2023-03-29 07:00:00,730,1,-0.3032104293734177,0.3032104293734177,{'model__alpha': 0.01}
2023-03-29 07:00:00,Random Forest,7,0.04298095385774182,0.15108267320741814,2021-03-29 07:00:00,2023-03-29 07:00:00,2023-03-29 07:00:00,730,1,-0.28640559026943707,0.28640559026943707,"{'max_depth': 10, 'max_features': 0.5, 'min_samples_leaf': 2, 'n_estimators': 100}"
2023-03-29 07:00:00,Neural Network,7,0.04298095385774182,0.18770467221058285,2021-03-29 07:00:00,2023-03-29 07:00:00,2023-03-29 07:00:00,730,1,-0.35941423956503044,0.35941423956503044,"{'regressor__model__alpha': 0.0001, 'regressor__model__hidden_layer_sizes': (64, 32), 'regressor__model__learning_rate_init': 0.0001}"
2023-03-29 07:00:00,Naive,7,0.04298095385774182,0.20470477205431384,2021-03-29 07:00:00,2023-03-29 07:00:00,2023-03-29 07:00:00,730,1,,,not_applicable
2023-03-30 07:00:00,Decision Tree,7,-0.2124385545619136,0.07877023499332086,2021-03-30 07:00:00,2023-03-30 07:00:00,2023-03-30 07:00:00,730,1,-0.42290985504429074,0.42290985504429074,"{'max_depth': None, 'min_samples_leaf': 1, 'min_samples_split': 20}"
2023-03-30 07:00:00,ARX,7,-0.2124385545619136,-0.2191638922966832,2021-03-30 07:00:00,2023-03-30 07:00:00,2023-03-30 07:00:00,730,1,-0.3032104293734177,0.3032104293734177,{'model__alpha': 0.01}
2023-03-30 07:00:00,Random Forest,7,-0.2124385545619136,0.09063548597027159,2021-03-30 07:00:00,2023-03-30 07:00:00,2023-03-30 07:00:00,730,1,-0.28640559026943707,0.28640559026943707,"{'max_depth': 10, 'max_features': 0.5, 'min_samples_leaf': 2, 'n_estimators': 100}"
2023-03-30 07:00:00,Neural Network,7,-0.2124385545619136,-0.22391569980569992,2021-03-30 07:00:00,2023-03-30 07:00:00,2023-03-30 07:00:00,730,1,-0.35941423956503044,0.35941423956503044,"{'regressor__model__alpha': 0.0001, 'regressor__model__hidden_layer_sizes': (64, 32), 'regressor__model__learning_rate_init': 0.0001}"
2023-03-30 07:00:00,Naive,7,-0.2124385545619136,0.04298095385774182,2021-03-30 07:00:00,2023-03-30 07:00:00,2023-03-30 07:00:00,730,1,,,not_applicable
2023-03-31 07:00:00,Decision Tree,7,-0.08167818634237965,0.1594448672878483,2021-03-31 07:00:00,2023-03-31 07:00:00,2023-03-31 07:00:00,730,1,-0.42290985504429074,0.42290985504429074,"{'max_depth': None, 'min_samples_leaf': 1, 'min_samples_split': 20}"
2023-03-31 07:00:00,ARX,7,-0.08167818634237965,-0.11499889882714798,2021-03-31 07:00:00,2023-03-31 07:00:00,2023-03-31 07:00:00,730,1,-0.3032104293734177,0.3032104293734177,{'model__alpha': 0.01}
2023-03-31 07:00:00,Random Forest,7,-0.08167818634237965,0.07378960976644272,2021-03-31 07:00:00,2023-03-31 07:00:00,2023-03-31 07:00:00,730,1,-0.28640559026943707,0.28640559026943707,"{'max_depth': 10, 'max_features': 0.5, 'min_samples_leaf': 2, 'n_estimators': 100}"
2023-03-31 07:00:00,Neural Network,7,-0.08167818634237965,-0.2875839857744529,2021-03-31 07:00:00,2023-03-31 07:00:00,2023-03-31 07:00:00,730,1,-0.35941423956503044,0.35941423956503044,"{'regressor__model__alpha': 0.0001, 'regressor__model__hidden_layer_sizes': (64, 32), 'regressor__model__learning_rate_init': 0.0001}"
2023-03-31 07:00:00,Naive,7,-0.08167818634237965,-0.2124385545619136,2021-03-31 07:00:00,2023-03-31 07:00:00,2023-03-31 07:00:00,730,1,,,not_applicable
2023-04-01 07:00:00,Decision Tree,7,-0.8213027453335017,-0.5786890609165626,2021-04-01 07:00:00,2023-04-01 07:00:00,2023-04-01 07:00:00,730,1,-0.42290985504429074,0.42290985504429074,"{'max_depth': None, 'min_samples_leaf': 1, 'min_samples_split': 20}"
2023-04-01 07:00:00,ARX,7,-0.8213027453335017,-0.9056735923337147,2021-04-01 07:00:00,2023-04-01 07:00:00,2023-04-01 07:00:00,730,1,-0.3032104293734177,0.3032104293734177,{'model__alpha': 0.01}
2023-04-01 07:00:00,Random Forest,7,-0.8213027453335017,-0.5312257683499904,2021-04-01 07:00:00,2023-04-01 07:00:00,2023-04-01 07:00:00,730,1,-0.28640559026943707,0.28640559026943707,"{'max_depth': 10, 'max_features': 0.5, 'min_samples_leaf': 2, 'n_estimators': 100}"
2023-04-01 07:00:00,Neural Network,7,-0.8213027453335017,-0.6520830862165861,2021-04-01 07:00:00,2023-04-01 07:00:00,2023-04-01 07:00:00,730,1,-0.35941423956503044,0.35941423956503044,"{'regressor__model__alpha': 0.0001, 'regressor__model__hidden_layer_sizes': (64, 32), 'regressor__model__learning_rate_init': 0.0001}"
2023-04-01 07:00:00,Naive,7,-0.8213027453335017,-0.08167818634237965,2021-04-01 07:00:00,2023-04-01 07:00:00,2023-04-01 07:00:00,730,1,,,not_applicable
2023-04-02 07:00:00,Decision Tree,7,-0.6740103791310288,-0.7563361193150004,2021-04-02 07:00:00,2023-04-02 07:00:00,2023-04-02 07:00:00,730,1,-0.42290985504429074,0.42290985504429074,"{'max_depth': None, 'min_samples_leaf': 1, 'min_samples_split': 20}"
2023-04-02 07:00:00,ARX,7,-0.6740103791310288,-1.0968747558267562,2021-04-02 07:00:00,2023-04-02 07:00:00,2023-04-02 07:00:00,730,1,-0.3032104293734177,0.3032104293734177,{'model__alpha': 0.01}
2023-04-02 07:00:00,Random Forest,7,-0.6740103791310288,-0.8183827490551155,2021-04-02 07:00:00,2023-04-02 07:00:00,2023-04-02 07:00:00,730,1,-0.28640559026943707,0.28640559026943707,"{'max_depth': 10, 'max_features': 0.5, 'min_samples_leaf': 2, 'n_estimators': 100}"
2023-04-02 07:00:00,Neural Network,7,-0.6740103791310288,-0.8025075783514977,2021-04-02 07:00:00,2023-04-02 07:00:00,2023-04-02 07:00:00,730,1,-0.35941423956503044,0.35941423956503044,"{'regressor__model__alpha': 0.0001, 'regressor__model__hidden_layer_sizes': (64, 32), 'regressor__model__learning_rate_init': 0.0001}"
2023-04-02 07:00:00,Naive,7,-0.6740103791310288,-0.8213027453335017,2021-04-02 07:00:00,2023-04-02 07:00:00,2023-04-02 07:00:00,730,1,,,not_applicable
2023-04-03 07:00:00,Decision Tree,7,0.2824888686240112,0.14526115825077607,2021-04-03 07:00:00,2023-04-03 07:00:00,2023-04-03 07:00:00,730,1,-0.42290985504429074,0.42290985504429074,"{'max_depth': None, 'min_samples_leaf': 1, 'min_samples_split': 20}"
2023-04-03 07:00:00,ARX,7,0.2824888686240112,0.14349945884804582,2021-04-03 07:00:00,2023-04-03 07:00:00,2023-04-03 07:00:00,730,1,-0.3032104293734177,0.3032104293734177,{'model__alpha': 0.01}
2023-04-03 07:00:00,Random Forest,7,0.2824888686240112,0.1262913475508717,2021-04-03 07:00:00,2023-04-03 07:00:00,2023-04-03 07:00:00,730,1,-0.28640559026943707,0.28640559026943707,"{'max_depth': 10, 'max_features': 0.5, 'min_samples_leaf': 2, 'n_estimators': 100}"
2023-04-03 07:00:00,Neural Network,7,0.2824888686240112,-0.23413104584649047,2021-04-03 07:00:00,2023-04-03 07:00:00,2023-04-03 07:00:00,730,1,-0.35941423956503044,0.35941423956503044,"{'regressor__model__alpha': 0.0001, 'regressor__model__hidden_layer_sizes': (64, 32), 'regressor__model__learning_rate_init': 0.0001}"
2023-04-03 07:00:00,Naive,7,0.2824888686240112,-0.6740103791310288,2021-04-03 07:00:00,2023-04-03 07:00:00,2023-04-03 07:00:00,730,1,,,not_applicable
2023-04-04 07:00:00,Decision Tree,7,0.409272801751287,0.15288491993817802,2021-04-04 07:00:00,2023-04-04 07:00:00,2023-04-04 07:00:00,730,1,-0.42290985504429074,0.42290985504429074,"{'max_depth': None, 'min_samples_leaf': 1, 'min_samples_split': 20}"
2023-04-04 07:00:00,ARX,7,0.409272801751287,0.2985641519658766,2021-04-04 07:00:00,2023-04-04 07:00:00,2023-04-04 07:00:00,730,1,-0.3032104293734177,0.3032104293734177,{'model__alpha': 0.01}
2023-04-04 07:00:00,Random Forest,7,0.409272801751287,0.17816044001649256,2021-04-04 07:00:00,2023-04-04 07:00:00,2023-04-04 07:00:00,730,1,-0.28640559026943707,0.28640559026943707,"{'max_depth': 10, 'max_features': 0.5, 'min_samples_leaf': 2, 'n_estimators': 100}"
2023-04-04 07:00:00,Neural Network,7,0.409272801751287,0.30034590645344705,2021-04-04 07:00:00,2023-04-04 07:00:00,2023-04-04 07:00:00,730,1,-0.35941423956503044,0.35941423956503044,"{'regressor__model__alpha': 0.0001, 'regressor__model__hidden_layer_sizes': (64, 32), 'regressor__model__learning_rate_init': 0.0001}"
2023-04-04 07:00:00,Naive,7,0.409272801751287,0.2824888686240112,2021-04-04 07:00:00,2023-04-04 07:00:00,2023-04-04 07:00:00,730,1,,,not_applicable
2023-04-05 07:00:00,Decision Tree,7,0.6598162792100658,0.3856003552705184,2021-04-05 07:00:00,2023-04-05 07:00:00,2023-04-05 07:00:00,730,1,-0.42290985504429074,0.42290985504429074,"{'max_depth': None, 'min_samples_leaf': 1, 'min_samples_split': 20}"
2023-04-05 07:00:00,ARX,7,0.6598162792100658,0.47523922442409505,2021-04-05 07:00:00,2023-04-05 07:00:00,2023-04-05 07:00:00,730,1,-0.3032104293734177,0.3032104293734177,{'model__alpha': 0.01}
2023-04-05 07:00:00,Random Forest,7,0.6598162792100658,0.28920373964552964,2021-04-05 07:00:00,2023-04-05 07:00:00,2023-04-05 07:00:00,730,1,-0.28640559026943707,0.28640559026943707,"{'max_depth': 10, 'max_features': 0.5, 'min_samples_leaf': 2, 'n_estimators': 100}"
2023-04-05 07:00:00,Neural Network,7,0.6598162792100658,0.2998627345130358,2021-04-05 07:00:00,2023-04-05 07:00:00,2023-04-05 07:00:00,730,1,-0.35941423956503044,0.35941423956503044,"{'regressor__model__alpha': 0.0001, 'regressor__model__hidden_layer_sizes': (64, 32), 'regressor__model__learning_rate_init': 0.0001}"
2023-04-05 07:00:00,Naive,7,0.6598162792100658,0.409272801751287,2021-04-05 07:00:00,2023-04-05 07:00:00,2023-04-05 07:00:00,730,1,,,not_applicable
2023-04-06 07:00:00,Decision Tree,7,0.22348827730545465,0.13723498714829696,2021-04-06 07:00:00,2023-04-06 07:00:00,2023-04-06 07:00:00,730,1,-0.42290985504429074,0.42290985504429074,"{'max_depth': None, 'min_samples_leaf': 1, 'min_samples_split': 20}"
2023-04-06 07:00:00,ARX,7,0.22348827730545465,0.41830239976595074,2021-04-06 07:00:00,2023-04-06 07:00:00,2023-04-06 07:00:00,730,1,-0.3032104293734177,0.3032104293734177,{'model__alpha': 0.01}
2023-04-06 07:00:00,Random Forest,7,0.22348827730545465,0.37588882783004324,2021-04-06 07:00:00,2023-04-06 07:00:00,2023-04-06 07:00:00,730,1,-0.28640559026943707,0.28640559026943707,"{'max_depth': 10, 'max_features': 0.5, 'min_samples_leaf': 2, 'n_estimators': 100}"
2023-04-06 07:00:00,Neural Network,7,0.22348827730545465,0.269551856474733,2021-04-06 07:00:00,2023-04-06 07:00:00,2023-04-06 07:00:00,730,1,-0.35941423956503044,0.35941423956503044,"{'regressor__model__alpha': 0.0001, 'regressor__model__hidden_layer_sizes': (64, 32), 'regressor__model__learning_rate_init': 0.0001}"
2023-04-06 07:00:00,Naive,7,0.22348827730545465,0.6598162792100658,2021-04-06 07:00:00,2023-04-06 07:00:00,2023-04-06 07:00:00,730,1,,,not_applicable
2023-04-07 07:00:00,Decision Tree,7,-0.344372567808722,-0.38676309526218566,2021-04-07 07:00:00,2023-04-07 07:00:00,2023-04-07 07:00:00,730,1,-0.42290985504429074,0.42290985504429074,"{'max_depth': None, 'min_samples_leaf': 1, 'min_samples_split': 20}"
2023-04-07 07:00:00,ARX,7,-0.344372567808722,-0.4969460945742299,2021-04-07 07:00:00,2023-04-07 07:00:00,2023-04-07 07:00:00,730,1,-0.3032104293734177,0.3032104293734177,{'model__alpha': 0.01}
2023-04-07 07:00:00,Random Forest,7,-0.344372567808722,-0.3085694374283581,2021-04-07 07:00:00,2023-04-07 07:00:00,2023-04-07 07:00:00,730,1,-0.28640559026943707,0.28640559026943707,"{'max_depth': 10, 'max_features': 0.5, 'min_samples_leaf': 2, 'n_estimators': 100}"
2023-04-07 07:00:00,Neural Network,7,-0.344372567808722,-0.565305971293989,2021-04-07 07:00:00,2023-04-07 07:00:00,2023-04-07 07:00:00,730,1,-0.35941423956503044,0.35941423956503044,"{'regressor__model__alpha': 0.0001, 'regressor__model__hidden_layer_sizes': (64, 32), 'regressor__model__learning_rate_init': 0.0001}"
2023-04-07 07:00:00,Naive,7,-0.344372567808722,0.22348827730545465,2021-04-07 07:00:00,2023-04-07 07:00:00,2023-04-07 07:00:00,730,1,,,not_applicable
2023-04-08 07:00:00,Decision Tree,7,-0.11321488659554732,-0.39275316641627717,2021-04-08 07:00:00,2023-04-08 07:00:00,2023-04-08 07:00:00,730,1,-0.42290985504429074,0.42290985504429074,"{'max_depth': None, 'min_samples_leaf': 1, 'min_samples_split': 20}"
2023-04-08 07:00:00,ARX,7,-0.11321488659554732,-0.1794070175952609,2021-04-08 07:00:00,2023-04-08 07:00:00,2023-04-08 07:00:00,730,1,-0.3032104293734177,0.3032104293734177,{'model__alpha': 0.01}
2023-04-08 07:00:00,Random Forest,7,-0.11321488659554732,-0.285793805378209,2021-04-08 07:00:00,2023-04-08 07:00:00,2023-04-08 07:00:00,730,1,-0.28640559026943707,0.28640559026943707,"{'max_depth': 10, 'max_features': 0.5, 'min_samples_leaf': 2, 'n_estimators': 100}"
2023-04-08 07:00:00,Neural Network,7,-0.11321488659554732,-0.24735306759115838,2021-04-08 07:00:00,2023-04-08 07:00:00,2023-04-08 07:00:00,730,1,-0.35941423956503044,0.35941423956503044,"{'regressor__model__alpha': 0.0001, 'regressor__model__hidden_layer_sizes': (64, 32), 'regressor__model__learning_rate_init': 0.0001}"
2023-04-08 07:00:00,Naive,7,-0.11321488659554732,-0.344372567808722,2021-04-08 07:00:00,2023-04-08 07:00:00,2023-04-08 07:00:00,730,1,,,not_applicable
2023-04-09 07:00:00,Decision Tree,7,-0.22183113652422848,-0.5579714541094485,2021-04-09 07:00:00,2023-04-09 07:00:00,2023-04-09 07:00:00,730,1,-0.42290985504429074,0.42290985504429074,"{'max_depth': None, 'min_samples_leaf': 1, 'min_samples_split': 20}"
2023-04-09 07:00:00,ARX,7,-0.22183113652422848,-0.4880616264508908,2021-04-09 07:00:00,2023-04-09 07:00:00,2023-04-09 07:00:00,730,1,-0.3032104293734177,0.3032104293734177,{'model__alpha': 0.01}
2023-04-09 07:00:00,Random Forest,7,-0.22183113652422848,-0.43347786115593445,2021-04-09 07:00:00,2023-04-09 07:00:00,2023-04-09 07:00:00,730,1,-0.28640559026943707,0.28640559026943707,"{'max_depth': 10, 'max_features': 0.5, 'min_samples_leaf': 2, 'n_estimators': 100}"
2023-04-09 07:00:00,Neural Network,7,-0.22183113652422848,-0.3202263663735576,2021-04-09 07:00:00,2023-04-09 07:00:00,2023-04-09 07:00:00,730,1,-0.35941423956503044,0.35941423956503044,"{'regressor__model__alpha': 0.0001, 'regressor__model__hidden_layer_sizes': (64, 32), 'regressor__model__learning_rate_init': 0.0001}"
2023-04-09 07:00:00,Naive,7,-0.22183113652422848,-0.11321488659554732,2021-04-09 07:00:00,2023-04-09 07:00:00,2023-04-09 07:00:00,730,1,,,not_applicable
2023-04-10 07:00:00,Decision Tree,7,-0.6189275678205866,-0.7428732332467681,2021-04-10 07:00:00,2023-04-10 07:00:00,2023-04-10 07:00:00,730,1,-0.42290985504429074,0.42290985504429074,"{'max_depth': None, 'min_samples_leaf': 1, 'min_samples_split': 20}"
2023-04-10 07:00:00,ARX,7,-0.6189275678205866,-0.6824955635048982,2021-04-10 07:00:00,2023-04-10 07:00:00,2023-04-10 07:00:00,730,1,-0.3032104293734177,0.3032104293734177,{'model__alpha': 0.01}
2023-04-10 07:00:00,Random Forest,7,-0.6189275678205866,-0.49584924981420964,2021-04-10 07:00:00,2023-04-10 07:00:00,2023-04-10 07:00:00,730,1,-0.28640559026943707,0.28640559026943707,"{'max_depth': 10, 'max_features': 0.5, 'min_samples_leaf': 2, 'n_estimators': 100}"
2023-04-10 07:00:00,Neural Network,7,-0.6189275678205866,-0.4419626797500864,2021-04-10 07:00:00,2023-04-10 07:00:00,2023-04-10 07:00:00,730,1,-0.35941423956503044,0.35941423956503044,"{'regressor__model__alpha': 0.0001, 'regressor__model__hidden_layer_sizes': (64, 32), 'regressor__model__learning_rate_init': 0.0001}"
2023-04-10 07:00:00,Naive,7,-0.6189275678205866,-0.22183113652422848,2021-04-10 07:00:00,2023-04-10 07:00:00,2023-04-10 07:00:00,730,1,,,not_applicable
2023-04-11 07:00:00,Decision Tree,7,-0.35638210559619715,-0.2745022276126329,2021-04-11 07:00:00,2023-04-11 07:00:00,2023-04-11 07:00:00,730,1,-0.42290985504429074,0.42290985504429074,"{'max_depth': None, 'min_samples_leaf': 1, 'min_samples_split': 20}"
2023-04-11 07:00:00,ARX,7,-0.35638210559619715,-0.6576836251249076,2021-04-11 07:00:00,2023-04-11 07:00:00,2023-04-11 07:00:00,730,1,-0.3032104293734177,0.3032104293734177,{'model__alpha': 0.01}
2023-04-11 07:00:00,Random Forest,7,-0.35638210559619715,-0.28991655792129406,2021-04-11 07:00:00,2023-04-11 07:00:00,2023-04-11 07:00:00,730,1,-0.28640559026943707,0.28640559026943707,"{'max_depth': 10, 'max_features': 0.5, 'min_samples_leaf': 2, 'n_estimators': 100}"
2023-04-11 07:00:00,Neural Network,7,-0.35638210559619715,-0.24429880710318197,2021-04-11 07:00:00,2023-04-11 07:00:00,2023-04-11 07:00:00,730,1,-0.35941423956503044,0.35941423956503044,"{'regressor__model__alpha': 0.0001, 'regressor__model__hidden_layer_sizes': (64, 32), 'regressor__model__learning_rate_init': 0.0001}"
2023-04-11 07:00:00,Naive,7,-0.35638210559619715,-0.6189275678205866,2021-04-11 07:00:00,2023-04-11 07:00:00,2023-04-11 07:00:00,730,1,,,not_applicable
2023-04-12 07:00:00,Decision Tree,7,-0.16103727312818505,-0.127485121216112,2021-04-12 07:00:00,2023-04-12 07:00:00,2023-04-12 07:00:00,730,1,-0.42290985504429074,0.42290985504429074,"{'max_depth': None, 'min_samples_leaf': 1, 'min_samples_split': 20}"
2023-04-12 07:00:00,ARX,7,-0.16103727312818505,-0.06417766430739413,2021-04-12 07:00:00,2023-04-12 07:00:00,2023-04-12 07:00:00,730,1,-0.3032104293734177,0.3032104293734177,{'model__alpha': 0.01}
2023-04-12 07:00:00,Random Forest,7,-0.16103727312818505,-0.10956702293571498,2021-04-12 07:00:00,2023-04-12 07:00:00,2023-04-12 07:00:00,730,1,-0.28640559026943707,0.28640559026943707,"{'max_depth': 10, 'max_features': 0.5, 'min_samples_leaf': 2, 'n_estimators': 100}"
2023-04-12 07:00:00,Neural Network,7,-0.16103727312818505,0.08629513833363855,2021-04-12 07:00:00,2023-04-12 07:00:00,2023-04-12 07:00:00,730,1,-0.35941423956503044,0.35941423956503044,"{'regressor__model__alpha': 0.0001, 'regressor__model__hidden_layer_sizes': (64, 32), 'regressor__model__learning_rate_init': 0.0001}"
2023-04-12 07:00:00,Naive,7,-0.16103727312818505,-0.35638210559619715,2021-04-12 07:00:00,2023-04-12 07:00:00,2023-04-12 07:00:00,730,1,,,not_applicable
2023-04-13 07:00:00,Decision Tree,7,-0.2630490982774414,-0.6825798243621746,2021-04-13 07:00:00,2023-04-13 07:00:00,2023-04-13 07:00:00,730,1,-0.42290985504429074,0.42290985504429074,"{'max_depth': None, 'min_samples_leaf': 1, 'min_samples_split': 20}"
2023-04-13 07:00:00,ARX,7,-0.2630490982774414,-0.3590181223379021,2021-04-13 07:00:00,2023-04-13 07:00:00,2023-04-13 07:00:00,730,1,-0.3032104293734177,0.3032104293734177,{'model__alpha': 0.01}
2023-04-13 07:00:00,Random Forest,7,-0.2630490982774414,-0.23136439078665316,2021-04-13 07:00:00,2023-04-13 07:00:00,2023-04-13 07:00:00,730,1,-0.28640559026943707,0.28640559026943707,"{'max_depth': 10, 'max_features': 0.5, 'min_samples_leaf': 2, 'n_estimators': 100}"
2023-04-13 07:00:00,Neural Network,7,-0.2630490982774414,-0.4316263741107911,2021-04-13 07:00:00,2023-04-13 07:00:00,2023-04-13 07:00:00,730,1,-0.35941423956503044,0.35941423956503044,"{'regressor__model__alpha': 0.0001, 'regressor__model__hidden_layer_sizes': (64, 32), 'regressor__model__learning_rate_init': 0.0001}"
2023-04-13 07:00:00,Naive,7,-0.2630490982774414,-0.16103727312818505,2021-04-13 07:00:00,2023-04-13 07:00:00,2023-04-13 07:00:00,730,1,,,not_applicable
2023-04-14 07:00:00,Decision Tree,7,0.3279449264647285,0.3677779611227856,2021-04-14 07:00:00,2023-04-14 07:00:00,2023-04-14 07:00:00,730,1,-0.42290985504429074,0.42290985504429074,"{'max_depth': None, 'min_samples_leaf': 1, 'min_samples_split': 20}"
2023-04-14 07:00:00,ARX,7,0.3279449264647285,0.37225329154728426,2021-04-14 07:00:00,2023-04-14 07:00:00,2023-04-14 07:00:00,730,1,-0.3032104293734177,0.3032104293734177,{'model__alpha': 0.01}
2023-04-14 07:00:00,Random Forest,7,0.3279449264647285,0.2257012538366968,2021-04-14 07:00:00,2023-04-14 07:00:00,2023-04-14 07:00:00,730,1,-0.28640559026943707,0.28640559026943707,"{'max_depth': 10, 'max_features': 0.5, 'min_samples_leaf': 2, 'n_estimators': 100}"
2023-04-14 07:00:00,Neural Network,7,0.3279449264647285,0.26077683550174635,2021-04-14 07:00:00,2023-04-14 07:00:00,2023-04-14 07:00:00,730,1,-0.35941423956503044,0.35941423956503044,"{'regressor__model__alpha': 0.0001, 'regressor__model__hidden_layer_sizes': (64, 32), 'regressor__model__learning_rate_init': 0.0001}"
2023-04-14 07:00:00,Naive,7,0.3279449264647285,-0.2630490982774414,2021-04-14 07:00:00,2023-04-14 07:00:00,2023-04-14 07:00:00,730,1,,,not_applicable
2023-04-15 07:00:00,Decision Tree,7,-0.3682483781968473,-0.29109457511504183,2021-04-15 07:00:00,2023-04-15 07:00:00,2023-04-15 07:00:00,730,1,-0.42290985504429074,0.42290985504429074,"{'max_depth': None, 'min_samples_leaf': 1, 'min_samples_split': 20}"
2023-04-15 07:00:00,ARX,7,-0.3682483781968473,-0.5171319163650572,2021-04-15 07:00:00,2023-04-15 07:00:00,2023-04-15 07:00:00,730,1,-0.3032104293734177,0.3032104293734177,{'model__alpha': 0.01}
2023-04-15 07:00:00,Random Forest,7,-0.3682483781968473,-0.3890737661789517,2021-04-15 07:00:00,2023-04-15 07:00:00,2023-04-15 07:00:00,730,1,-0.28640559026943707,0.28640559026943707,"{'max_depth': 10, 'max_features': 0.5, 'min_samples_leaf': 2, 'n_estimators': 100}"
2023-04-15 07:00:00,Neural Network,7,-0.3682483781968473,-0.27613139384839647,2021-04-15 07:00:00,2023-04-15 07:00:00,2023-04-15 07:00:00,730,1,-0.35941423956503044,0.35941423956503044,"{'regressor__model__alpha': 0.0001, 'regressor__model__hidden_layer_sizes': (64, 32), 'regressor__model__learning_rate_init': 0.0001}"
2023-04-15 07:00:00,Naive,7,-0.3682483781968473,0.3279449264647285,2021-04-15 07:00:00,2023-04-15 07:00:00,2023-04-15 07:00:00,730,1,,,not_applicable
2023-04-16 07:00:00,Decision Tree,7,-0.38366097246862496,-0.6315987568059662,2021-04-16 07:00:00,2023-04-16 07:00:00,2023-04-16 07:00:00,730,1,-0.42290985504429074,0.42290985504429074,"{'max_depth': None, 'min_samples_leaf': 1, 'min_samples_split': 20}"
2023-04-16 07:00:00,ARX,7,-0.38366097246862496,-0.5717122215636588,2021-04-16 07:00:00,2023-04-16 07:00:00,2023-04-16 07:00:00,730,1,-0.3032104293734177,0.3032104293734177,{'model__alpha': 0.01}
2023-04-16 07:00:00,Random Forest,7,-0.38366097246862496,-0.513708216881428,2021-04-16 07:00:00,2023-04-16 07:00:00,2023-04-16 07:00:00,730,1,-0.28640559026943707,0.28640559026943707,"{'max_depth': 10, 'max_features': 0.5, 'min_samples_leaf': 2, 'n_estimators': 100}"
2023-04-16 07:00:00,Neural Network,7,-0.38366097246862496,-0.44349655252397424,2021-04-16 07:00:00,2023-04-16 07:00:00,2023-04-16 07:00:00,730,1,-0.35941423956503044,0.35941423956503044,"{'regressor__model__alpha': 0.0001, 'regressor__model__hidden_layer_sizes': (64, 32), 'regressor__model__learning_rate_init': 0.0001}"
2023-04-16 07:00:00,Naive,7,-0.38366097246862496,-0.3682483781968473,2021-04-16 07:00:00,2023-04-16 07:00:00,2023-04-16 07:00:00,730,1,,,not_applicable
2023-04-17 07:00:00,Decision Tree,7,0.39792307723765685,0.34337762939574457,2021-04-17 07:00:00,2023-04-17 07:00:00,2023-04-17 07:00:00,730,1,-0.42290985504429074,0.42290985504429074,"{'max_depth': None, 'min_samples_leaf': 1, 'min_samples_split': 20}"
2023-04-17 07:00:00,ARX,7,0.39792307723765685,0.3664954531991582,2021-04-17 07:00:00,2023-04-17 07:00:00,2023-04-17 07:00:00,730,1,-0.3032104293734177,0.3032104293734177,{'model__alpha': 0.01}
2023-04-17 07:00:00,Random Forest,7,0.39792307723765685,0.13760712508764222,2021-04-17 07:00:00,2023-04-17 07:00:00,2023-04-17 07:00:00,730,1,-0.28640559026943707,0.28640559026943707,"{'max_depth': 10, 'max_features': 0.5, 'min_samples_leaf': 2, 'n_estimators': 100}"
2023-04-17 07:00:00,Neural Network,7,0.39792307723765685,0.0473358750738182,2021-04-17 07:00:00,2023-04-17 07:00:00,2023-04-17 07:00:00,730,1,-0.35941423956503044,0.35941423956503044,"{'regressor__model__alpha': 0.0001, 'regressor__model__hidden_layer_sizes': (64, 32), 'regressor__model__learning_rate_init': 0.0001}"
2023-04-17 07:00:00,Naive,7,0.39792307723765685,-0.38366097246862496,2021-04-17 07:00:00,2023-04-17 07:00:00,2023-04-17 07:00:00,730,1,,,not_applicable
2023-04-18 07:00:00,Decision Tree,7,-0.0015993292884960754,-0.1444758078852723,2021-04-18 07:00:00,2023-04-18 07:00:00,2023-04-18 07:00:00,730,1,-0.42290985504429074,0.42290985504429074,"{'max_depth': None, 'min_samples_leaf': 1, 'min_samples_split': 20}"
2023-04-18 07:00:00,ARX,7,-0.0015993292884960754,0.08145807061296084,2021-04-18 07:00:00,2023-04-18 07:00:00,2023-04-18 07:00:00,730,1,-0.3032104293734177,0.3032104293734177,{'model__alpha': 0.01}
2023-04-18 07:00:00,Random Forest,7,-0.0015993292884960754,-0.0756880826729874,2021-04-18 07:00:00,2023-04-18 07:00:00,2023-04-18 07:00:00,730,1,-0.28640559026943707,0.28640559026943707,"{'max_depth': 10, 'max_features': 0.5, 'min_samples_leaf': 2, 'n_estimators': 100}"
2023-04-18 07:00:00,Neural Network,7,-0.0015993292884960754,0.1960954176148264,2021-04-18 07:00:00,2023-04-18 07:00:00,2023-04-18 07:00:00,730,1,-0.35941423956503044,0.35941423956503044,"{'regressor__model__alpha': 0.0001, 'regressor__model__hidden_layer_sizes': (64, 32), 'regressor__model__learning_rate_init': 0.0001}"
2023-04-18 07:00:00,Naive,7,-0.0015993292884960754,0.39792307723765685,2021-04-18 07:00:00,2023-04-18 07:00:00,2023-04-18 07:00:00,730,1,,,not_applicable
2023-04-19 07:00:00,Decision Tree,7,-0.015783477146945838,-0.2881833025486818,2021-04-19 07:00:00,2023-04-19 07:00:00,2023-04-19 07:00:00,730,1,-0.42290985504429074,0.42290985504429074,"{'max_depth': None, 'min_samples_leaf': 1, 'min_samples_split': 20}"
2023-04-19 07:00:00,ARX,7,-0.015783477146945838,-0.10338238346251294,2021-04-19 07:00:00,2023-04-19 07:00:00,2023-04-19 07:00:00,730,1,-0.3032104293734177,0.3032104293734177,{'model__alpha': 0.01}
2023-04-19 07:00:00,Random Forest,7,-0.015783477146945838,-0.2724652392875151,2021-04-19 07:00:00,2023-04-19 07:00:00,2023-04-19 07:00:00,730,1,-0.28640559026943707,0.28640559026943707,"{'max_depth': 10, 'max_features': 0.5, 'min_samples_leaf': 2, 'n_estimators': 100}"
2023-04-19 07:00:00,Neural Network,7,-0.015783477146945838,-0.1292784412814627,2021-04-19 07:00:00,2023-04-19 07:00:00,2023-04-19 07:00:00,730,1,-0.35941423956503044,0.35941423956503044,"{'regressor__model__alpha': 0.0001, 'regressor__model__hidden_layer_sizes': (64, 32), 'regressor__model__learning_rate_init': 0.0001}"
2023-04-19 07:00:00,Naive,7,-0.015783477146945838,-0.0015993292884960754,2021-04-19 07:00:00,2023-04-19 07:00:00,2023-04-19 07:00:00,730,1,,,not_applicable
2023-04-20 07:00:00,Decision Tree,7,0.04331711405235234,-0.46781928366793857,2021-04-20 07:00:00,2023-04-20 07:00:00,2023-04-20 07:00:00,730,1,-0.42290985504429074,0.42290985504429074,"{'max_depth': None, 'min_samples_leaf': 1, 'min_samples_split': 20}"
2023-04-20 07:00:00,ARX,7,0.04331711405235234,0.02833851159846512,2021-04-20 07:00:00,2023-04-20 07:00:00,2023-04-20 07:00:00,730,1,-0.3032104293734177,0.3032104293734177,{'model__alpha': 0.01}
2023-04-20 07:00:00,Random Forest,7,0.04331711405235234,-0.1703569653501053,2021-04-20 07:00:00,2023-04-20 07:00:00,2023-04-20 07:00:00,730,1,-0.28640559026943707,0.28640559026943707,"{'max_depth': 10, 'max_features': 0.5, 'min_samples_leaf': 2, 'n_estimators': 100}"
2023-04-20 07:00:00,Neural Network,7,0.04331711405235234,-0.09931766663855779,2021-04-20 07:00:00,2023-04-20 07:00:00,2023-04-20 07:00:00,730,1,-0.35941423956503044,0.35941423956503044,"{'regressor__model__alpha': 0.0001, 'regressor__model__hidden_layer_sizes': (64, 32), 'regressor__model__learning_rate_init': 0.0001}"
2023-04-20 07:00:00,Naive,7,0.04331711405235234,-0.015783477146945838,2021-04-20 07:00:00,2023-04-20 07:00:00,2023-04-20 07:00:00,730,1,,,not_applicable
2023-04-21 07:00:00,Decision Tree,7,-0.058976370464689835,-0.4033642790016067,2021-04-21 07:00:00,2023-04-21 07:00:00,2023-04-21 07:00:00,730,1,-0.42290985504429074,0.42290985504429074,"{'max_depth': None, 'min_samples_leaf': 1, 'min_samples_split': 20}"
2023-04-21 07:00:00,ARX,7,-0.058976370464689835,-0.18524601424474918,2021-04-21 07:00:00,2023-04-21 07:00:00,2023-04-21 07:00:00,730,1,-0.3032104293734177,0.3032104293734177,{'model__alpha': 0.01}
2023-04-21 07:00:00,Random Forest,7,-0.058976370464689835,-0.32552359439820305,2021-04-21 07:00:00,2023-04-21 07:00:00,2023-04-21 07:00:00,730,1,-0.28640559026943707,0.28640559026943707,"{'max_depth': 10, 'max_features': 0.5, 'min_samples_leaf': 2, 'n_estimators': 100}"
2023-04-21 07:00:00,Neural Network,7,-0.058976370464689835,-0.2152980724176108,2021-04-21 07:00:00,2023-04-21 07:00:00,2023-04-21 07:00:00,730,1,-0.35941423956503044,0.35941423956503044,"{'regressor__model__alpha': 0.0001, 'regressor__model__hidden_layer_sizes': (64, 32), 'regressor__model__learning_rate_init': 0.0001}"
2023-04-21 07:00:00,Naive,7,-0.058976370464689835,0.04331711405235234,2021-04-21 07:00:00,2023-04-21 07:00:00,2023-04-21 07:00:00,730,1,,,not_applicable
2023-04-22 07:00:00,Decision Tree,7,-0.3971985762146919,-0.706429466476758,2021-04-22 07:00:00,2023-04-22 07:00:00,2023-04-22 07:00:00,730,1,-0.42290985504429074,0.42290985504429074,"{'max_depth': None, 'min_samples_leaf': 1, 'min_samples_split': 20}"
2023-04-22 07:00:00,ARX,7,-0.3971985762146919,-0.8196049678751547,2021-04-22 07:00:00,2023-04-22 07:00:00,2023-04-22 07:00:00,730,1,-0.3032104293734177,0.3032104293734177,{'model__alpha': 0.01}
2023-04-22 07:00:00,Random Forest,7,-0.3971985762146919,-0.5964395617592009,2021-04-22 07:00:00,2023-04-22 07:00:00,2023-04-22 07:00:00,730,1,-0.28640559026943707,0.28640559026943707,"{'max_depth': 10, 'max_features': 0.5, 'min_samples_leaf': 2, 'n_estimators': 100}"
2023-04-22 07:00:00,Neural Network,7,-0.3971985762146919,-0.3365102176033341,2021-04-22 07:00:00,2023-04-22 07:00:00,2023-04-22 07:00:00,730,1,-0.35941423956503044,0.35941423956503044,"{'regressor__model__alpha': 0.0001, 'regressor__model__hidden_layer_sizes': (64, 32), 'regressor__model__learning_rate_init': 0.0001}"
2023-04-22 07:00:00,Naive,7,-0.3971985762146919,-0.058976370464689835,2021-04-22 07:00:00,2023-04-22 07:00:00,2023-04-22 07:00:00,730,1,,,not_applicable
2023-04-23 07:00:00,Decision Tree,7,-0.4843502297774938,-0.36354987882741946,2021-04-23 07:00:00,2023-04-23 07:00:00,2023-04-23 07:00:00,730,1,-0.42290985504429074,0.42290985504429074,"{'max_depth': None, 'min_samples_leaf': 1, 'min_samples_split': 20}"
2023-04-23 07:00:00,ARX,7,-0.4843502297774938,-0.8026270164510036,2021-04-23 07:00:00,2023-04-23 07:00:00,2023-04-23 07:00:00,730,1,-0.3032104293734177,0.3032104293734177,{'model__alpha': 0.01}
2023-04-23 07:00:00,Random Forest,7,-0.4843502297774938,-0.4817055195084487,2021-04-23 07:00:00,2023-04-23 07:00:00,2023-04-23 07:00:00,730,1,-0.28640559026943707,0.28640559026943707,"{'max_depth': 10, 'max_features': 0.5, 'min_samples_leaf': 2, 'n_estimators': 100}"
2023-04-23 07:00:00,Neural Network,7,-0.4843502297774938,-0.4585125507353345,2021-04-23 07:00:00,2023-04-23 07:00:00,2023-04-23 07:00:00,730,1,-0.35941423956503044,0.35941423956503044,"{'regressor__model__alpha': 0.0001, 'regressor__model__hidden_layer_sizes': (64, 32), 'regressor__model__learning_rate_init': 0.0001}"
2023-04-23 07:00:00,Naive,7,-0.4843502297774938,-0.3971985762146919,2021-04-23 07:00:00,2023-04-23 07:00:00,2023-04-23 07:00:00,730,1,,,not_applicable
2023-04-24 07:00:00,Decision Tree,7,-0.072363556587832,-0.0023841685123380534,2021-04-24 07:00:00,2023-04-24 07:00:00,2023-04-24 07:00:00,730,1,-0.42290985504429074,0.42290985504429074,"{'max_depth': None, 'min_samples_leaf': 1, 'min_samples_split': 20}"
2023-04-24 07:00:00,ARX,7,-0.072363556587832,-0.060632539769491345,2021-04-24 07:00:00,2023-04-24 07:00:00,2023-04-24 07:00:00,730,1,-0.3032104293734177,0.3032104293734177,{'model__alpha': 0.01}
2023-04-24 07:00:00,Random Forest,7,-0.072363556587832,-0.27904261016759624,2021-04-24 07:00:00,2023-04-24 07:00:00,2023-04-24 07:00:00,730,1,-0.28640559026943707,0.28640559026943707,"{'max_depth': 10, 'max_features': 0.5, 'min_samples_leaf': 2, 'n_estimators': 100}"
2023-04-24 07:00:00,Neural Network,7,-0.072363556587832,0.15832900200261646,2021-04-24 07:00:00,2023-04-24 07:00:00,2023-04-24 07:00:00,730,1,-0.35941423956503044,0.35941423956503044,"{'regressor__model__alpha': 0.0001, 'regressor__model__hidden_layer_sizes': (64, 32), 'regressor__model__learning_rate_init': 0.0001}"
2023-04-24 07:00:00,Naive,7,-0.072363556587832,-0.4843502297774938,2021-04-24 07:00:00,2023-04-24 07:00:00,2023-04-24 07:00:00,730,1,,,not_applicable
2023-04-25 07:00:00,Decision Tree,7,-0.06921324797988804,-0.3823238336199263,2021-04-25 07:00:00,2023-04-25 07:00:00,2023-04-25 07:00:00,730,1,-0.42290985504429074,0.42290985504429074,"{'max_depth': None, 'min_samples_leaf': 1, 'min_samples_split': 20}"
2023-04-25 07:00:00,ARX,7,-0.06921324797988804,-0.04150341293320836,2021-04-25 07:00:00,2023-04-25 07:00:00,2023-04-25 07:00:00,730,1,-0.3032104293734177,0.3032104293734177,{'model__alpha': 0.01}
2023-04-25 07:00:00,Random Forest,7,-0.06921324797988804,-0.18408776170342608,2021-04-25 07:00:00,2023-04-25 07:00:00,2023-04-25 07:00:00,730,1,-0.28640559026943707,0.28640559026943707,"{'max_depth': 10, 'max_features': 0.5, 'min_samples_leaf': 2, 'n_estimators': 100}"
2023-04-25 07:00:00,Neural Network,7,-0.06921324797988804,0.04854535500936219,2021-04-25 07:00:00,2023-04-25 07:00:00,2023-04-25 07:00:00,730,1,-0.35941423956503044,0.35941423956503044,"{'regressor__model__alpha': 0.0001, 'regressor__model__hidden_layer_sizes': (64, 32), 'regressor__model__learning_rate_init': 0.0001}"
2023-04-25 07:00:00,Naive,7,-0.06921324797988804,-0.072363556587832,2021-04-25 07:00:00,2023-04-25 07:00:00,2023-04-25 07:00:00,730,1,,,not_applicable
2023-04-26 07:00:00,Decision Tree,7,-0.006702157867792687,-0.1981285626381418,2021-04-26 07:00:00,2023-04-26 07:00:00,2023-04-26 07:00:00,730,1,-0.42290985504429074,0.42290985504429074,"{'max_depth': None, 'min_samples_leaf': 1, 'min_samples_split': 20}"
2023-04-26 07:00:00,ARX,7,-0.006702157867792687,-0.03293065124704175,2021-04-26 07:00:00,2023-04-26 07:00:00,2023-04-26 07:00:00,730,1,-0.3032104293734177,0.3032104293734177,{'model__alpha': 0.01}
2023-04-26 07:00:00,Random Forest,7,-0.006702157867792687,-0.24253742593150837,2021-04-26 07:00:00,2023-04-26 07:00:00,2023-04-26 07:00:00,730,1,-0.28640559026943707,0.28640559026943707,"{'max_depth': 10, 'max_features': 0.5, 'min_samples_leaf': 2, 'n_estimators': 100}"
2023-04-26 07:00:00,Neural Network,7,-0.006702157867792687,-0.06096078504726665,2021-04-26 07:00:00,2023-04-26 07:00:00,2023-04-26 07:00:00,730,1,-0.35941423956503044,0.35941423956503044,"{'regressor__model__alpha': 0.0001, 'regressor__model__hidden_layer_sizes': (64, 32), 'regressor__model__learning_rate_init': 0.0001}"
2023-04-26 07:00:00,Naive,7,-0.006702157867792687,-0.06921324797988804,2021-04-26 07:00:00,2023-04-26 07:00:00,2023-04-26 07:00:00,730,1,,,not_applicable
2023-04-27 07:00:00,Decision Tree,7,0.023823688391263684,-0.1853668023201185,2021-04-27 07:00:00,2023-04-27 07:00:00,2023-04-27 07:00:00,730,1,-0.42290985504429074,0.42290985504429074,"{'max_depth': None, 'min_samples_leaf': 1, 'min_samples_split': 20}"
2023-04-27 07:00:00,ARX,7,0.023823688391263684,0.1804424808093663,2021-04-27 07:00:00,2023-04-27 07:00:00,2023-04-27 07:00:00,730,1,-0.3032104293734177,0.3032104293734177,{'model__alpha': 0.01}
2023-04-27 07:00:00,Random Forest,7,0.023823688391263684,-0.08880814572182714,2021-04-27 07:00:00,2023-04-27 07:00:00,2023-04-27 07:00:00,730,1,-0.28640559026943707,0.28640559026943707,"{'max_depth': 10, 'max_features': 0.5, 'min_samples_leaf': 2, 'n_estimators': 100}"
2023-04-27 07:00:00,Neural Network,7,0.023823688391263684,0.22371368533207603,2021-04-27 07:00:00,2023-04-27 07:00:00,2023-04-27 07:00:00,730,1,-0.35941423956503044,0.35941423956503044,"{'regressor__model__alpha': 0.0001, 'regressor__model__hidden_layer_sizes': (64, 32), 'regressor__model__learning_rate_init': 0.0001}"
2023-04-27 07:00:00,Naive,7,0.023823688391263684,-0.006702157867792687,2021-04-27 07:00:00,2023-04-27 07:00:00,2023-04-27 07:00:00,730,1,,,not_applicable
2023-04-28 07:00:00,Decision Tree,7,-0.18174139652192145,-0.09708991377275207,2021-04-28 07:00:00,2023-04-28 07:00:00,2023-04-28 07:00:00,730,1,-0.42290985504429074,0.42290985504429074,"{'max_depth': None, 'min_samples_leaf': 1, 'min_samples_split': 20}"
2023-04-28 07:00:00,ARX,7,-0.18174139652192145,-0.03117055291716886,2021-04-28 07:00:00,2023-04-28 07:00:00,2023-04-28 07:00:00,730,1,-0.3032104293734177,0.3032104293734177,{'model__alpha': 0.01}
2023-04-28 07:00:00,Random Forest,7,-0.18174139652192145,-0.1570986529907357,2021-04-28 07:00:00,2023-04-28 07:00:00,2023-04-28 07:00:00,730,1,-0.28640559026943707,0.28640559026943707,"{'max_depth': 10, 'max_features': 0.5, 'min_samples_leaf': 2, 'n_estimators': 100}"
2023-04-28 07:00:00,Neural Network,7,-0.18174139652192145,-0.016493669947253986,2021-04-28 07:00:00,2023-04-28 07:00:00,2023-04-28 07:00:00,730,1,-0.35941423956503044,0.35941423956503044,"{'regressor__model__alpha': 0.0001, 'regressor__model__hidden_layer_sizes': (64, 32), 'regressor__model__learning_rate_init': 0.0001}"
2023-04-28 07:00:00,Naive,7,-0.18174139652192145,0.023823688391263684,2021-04-28 07:00:00,2023-04-28 07:00:00,2023-04-28 07:00:00,730,1,,,not_applicable
2023-04-29 07:00:00,Decision Tree,7,-0.33394219889949467,-0.6824784924712276,2021-04-29 07:00:00,2023-04-29 07:00:00,2023-04-29 07:00:00,730,1,-0.42290985504429074,0.42290985504429074,"{'max_depth': None, 'min_samples_leaf': 1, 'min_samples_split': 20}"
2023-04-29 07:00:00,ARX,7,-0.33394219889949467,-0.529299858226737,2021-04-29 07:00:00,2023-04-29 07:00:00,2023-04-29 07:00:00,730,1,-0.3032104293734177,0.3032104293734177,{'model__alpha': 0.01}
2023-04-29 07:00:00,Random Forest,7,-0.33394219889949467,-0.44855862867337776,2021-04-29 07:00:00,2023-04-29 07:00:00,2023-04-29 07:00:00,730,1,-0.28640559026943707,0.28640559026943707,"{'max_depth': 10, 'max_features': 0.5, 'min_samples_leaf': 2, 'n_estimators': 100}"
2023-04-29 07:00:00,Neural Network,7,-0.33394219889949467,-0.30113164658308356,2021-04-29 07:00:00,2023-04-29 07:00:00,2023-04-29 07:00:00,730,1,-0.35941423956503044,0.35941423956503044,"{'regressor__model__alpha': 0.0001, 'regressor__model__hidden_layer_sizes': (64, 32), 'regressor__model__learning_rate_init': 0.0001}"
2023-04-29 07:00:00,Naive,7,-0.33394219889949467,-0.18174139652192145,2021-04-29 07:00:00,2023-04-29 07:00:00,2023-04-29 07:00:00,730,1,,,not_applicable
2023-04-30 07:00:00,Decision Tree,7,-0.6028756155690485,-0.6473950079254992,2021-04-30 07:00:00,2023-04-30 07:00:00,2023-04-30 07:00:00,730,1,-0.42290985504429074,0.42290985504429074,"{'max_depth': None, 'min_samples_leaf': 1, 'min_samples_split': 20}"
2023-04-30 07:00:00,ARX,7,-0.6028756155690485,-0.7308637352287839,2021-04-30 07:00:00,2023-04-30 07:00:00,2023-04-30 07:00:00,730,1,-0.3032104293734177,0.3032104293734177,{'model__alpha': 0.01}
2023-04-30 07:00:00,Random Forest,7,-0.6028756155690485,-0.42978821903611,2021-04-30 07:00:00,2023-04-30 07:00:00,2023-04-30 07:00:00,730,1,-0.28640559026943707,0.28640559026943707,"{'max_depth': 10, 'max_features': 0.5, 'min_samples_leaf': 2, 'n_estimators': 100}"
2023-04-30 07:00:00,Neural Network,7,-0.6028756155690485,-0.5141038963843543,2021-04-30 07:00:00,2023-04-30 07:00:00,2023-04-30 07:00:00,730,1,-0.35941423956503044,0.35941423956503044,"{'regressor__model__alpha': 0.0001, 'regressor__model__hidden_layer_sizes': (64, 32), 'regressor__model__learning_rate_init': 0.0001}"
2023-04-30 07:00:00,Naive,7,-0.6028756155690485,-0.33394219889949467,2021-04-30 07:00:00,2023-04-30 07:00:00,2023-04-30 07:00:00,730,1,,,not_applicable
2023-05-01 07:00:00,Decision Tree,7,-0.5833119845265222,-0.6429430686898541,2021-05-01 07:00:00,2023-05-01 07:00:00,2023-05-01 07:00:00,730,1,-0.42290985504429074,0.42290985504429074,"{'max_depth': None, 'min_samples_leaf': 1, 'min_samples_split': 20}"
2023-05-01 07:00:00,ARX,7,-0.5833119845265222,-0.6335164830648301,2021-05-01 07:00:00,2023-05-01 07:00:00,2023-05-01 07:00:00,730,1,-0.3032104293734177,0.3032104293734177,{'model__alpha': 0.01}
2023-05-01 07:00:00,Random Forest,7,-0.5833119845265222,-0.5662999585186846,2021-05-01 07:00:00,2023-05-01 07:00:00,2023-05-01 07:00:00,730,1,-0.28640559026943707,0.28640559026943707,"{'max_depth': 10, 'max_features': 0.5, 'min_samples_leaf': 2, 'n_estimators': 100}"
2023-05-01 07:00:00,Neural Network,7,-0.5833119845265222,-0.566846739857636,2021-05-01 07:00:00,2023-05-01 07:00:00,2023-05-01 07:00:00,730,1,-0.35941423956503044,0.35941423956503044,"{'regressor__model__alpha': 0.0001, 'regressor__model__hidden_layer_sizes': (64, 32), 'regressor__model__learning_rate_init': 0.0001}"
2023-05-01 07:00:00,Naive,7,-0.5833119845265222,-0.6028756155690485,2021-05-01 07:00:00,2023-05-01 07:00:00,2023-05-01 07:00:00,730,1,,,not_applicable
2023-05-02 07:00:00,Decision Tree,7,-0.1440158539826512,-0.10414420400184952,2021-05-02 07:00:00,2023-05-02 07:00:00,2023-05-02 07:00:00,730,1,-0.42290985504429074,0.42290985504429074,"{'max_depth': None, 'min_samples_leaf': 1, 'min_samples_split': 20}"
2023-05-02 07:00:00,ARX,7,-0.1440158539826512,0.024361785190075258,2021-05-02 07:00:00,2023-05-02 07:00:00,2023-05-02 07:00:00,730,1,-0.3032104293734177,0.3032104293734177,{'model__alpha': 0.01}
2023-05-02 07:00:00,Random Forest,7,-0.1440158539826512,-0.16858547181719097,2021-05-02 07:00:00,2023-05-02 07:00:00,2023-05-02 07:00:00,730,1,-0.28640559026943707,0.28640559026943707,"{'max_depth': 10, 'max_features': 0.5, 'min_samples_leaf': 2, 'n_estimators': 100}"
2023-05-02 07:00:00,Neural Network,7,-0.1440158539826512,0.03097503131746837,2021-05-02 07:00:00,2023-05-02 07:00:00,2023-05-02 07:00:00,730,1,-0.35941423956503044,0.35941423956503044,"{'regressor__model__alpha': 0.0001, 'regressor__model__hidden_layer_sizes': (64, 32), 'regressor__model__learning_rate_init': 0.0001}"
2023-05-02 07:00:00,Naive,7,-0.1440158539826512,-0.5833119845265222,2021-05-02 07:00:00,2023-05-02 07:00:00,2023-05-02 07:00:00,730,1,,,not_applicable
2023-05-03 07:00:00,Decision Tree,7,-0.08059291526237848,-0.006761321629527271,2021-05-03 07:00:00,2023-05-03 07:00:00,2023-05-03 07:00:00,730,1,-0.42290985504429074,0.42290985504429074,"{'max_depth': None, 'min_samples_leaf': 1, 'min_samples_split': 20}"
2023-05-03 07:00:00,ARX,7,-0.08059291526237848,0.18654852375414532,2021-05-03 07:00:00,2023-05-03 07:00:00,2023-05-03 07:00:00,730,1,-0.3032104293734177,0.3032104293734177,{'model__alpha': 0.01}
2023-05-03 07:00:00,Random Forest,7,-0.08059291526237848,-0.02884713819404289,2021-05-03 07:00:00,2023-05-03 07:00:00,2023-05-03 07:00:00,730,1,-0.28640559026943707,0.28640559026943707,"{'max_depth': 10, 'max_features': 0.5, 'min_samples_leaf': 2, 'n_estimators': 100}"
2023-05-03 07:00:00,Neural Network,7,-0.08059291526237848,0.29504908686467934,2021-05-03 07:00:00,2023-05-03 07:00:00,2023-05-03 07:00:00,730,1,-0.35941423956503044,0.35941423956503044,"{'regressor__model__alpha': 0.0001, 'regressor__model__hidden_layer_sizes': (64, 32), 'regressor__model__learning_rate_init': 0.0001}"
2023-05-03 07:00:00,Naive,7,-0.08059291526237848,-0.1440158539826512,2021-05-03 07:00:00,2023-05-03 07:00:00,2023-05-03 07:00:00,730,1,,,not_applicable
2023-05-04 07:00:00,Decision Tree,7,-0.11688122269424545,-0.013473284687059196,2021-05-04 07:00:00,2023-05-04 07:00:00,2023-05-04 07:00:00,730,1,-0.42290985504429074,0.42290985504429074,"{'max_depth': None, 'min_samples_leaf': 1, 'min_samples_split': 20}"
2023-05-04 07:00:00,ARX,7,-0.11688122269424545,0.05764558921496965,2021-05-04 07:00:00,2023-05-04 07:00:00,2023-05-04 07:00:00,730,1,-0.3032104293734177,0.3032104293734177,{'model__alpha': 0.01}
2023-05-04 07:00:00,Random Forest,7,-0.11688122269424545,-0.10353783854360063,2021-05-04 07:00:00,2023-05-04 07:00:00,2023-05-04 07:00:00,730,1,-0.28640559026943707,0.28640559026943707,"{'max_depth': 10, 'max_features': 0.5, 'min_samples_leaf': 2, 'n_estimators': 100}"
2023-05-04 07:00:00,Neural Network,7,-0.11688122269424545,0.04863026998556608,2021-05-04 07:00:00,2023-05-04 07:00:00,2023-05-04 07:00:00,730,1,-0.35941423956503044,0.35941423956503044,"{'regressor__model__alpha': 0.0001, 'regressor__model__hidden_layer_sizes': (64, 32), 'regressor__model__learning_rate_init': 0.0001}"
2023-05-04 07:00:00,Naive,7,-0.11688122269424545,-0.08059291526237848,2021-05-04 07:00:00,2023-05-04 07:00:00,2023-05-04 07:00:00,730,1,,,not_applicable
2023-05-05 07:00:00,Decision Tree,7,-0.29200544004185464,-0.10721125400037274,2021-05-05 07:00:00,2023-05-05 07:00:00,2023-05-05 07:00:00,730,1,-0.42290985504429074,0.42290985504429074,"{'max_depth': None, 'min_samples_leaf': 1, 'min_samples_split': 20}"
2023-05-05 07:00:00,ARX,7,-0.29200544004185464,-0.2787458331422292,2021-05-05 07:00:00,2023-05-05 07:00:00,2023-05-05 07:00:00,730,1,-0.3032104293734177,0.3032104293734177,{'model__alpha': 0.01}
2023-05-05 07:00:00,Random Forest,7,-0.29200544004185464,-0.23075371923130622,2021-05-05 07:00:00,2023-05-05 07:00:00,2023-05-05 07:00:00,730,1,-0.28640559026943707,0.28640559026943707,"{'max_depth': 10, 'max_features': 0.5, 'min_samples_leaf': 2, 'n_estimators': 100}"
2023-05-05 07:00:00,Neural Network,7,-0.29200544004185464,-0.47099126422058846,2021-05-05 07:00:00,2023-05-05 07:00:00,2023-05-05 07:00:00,730,1,-0.35941423956503044,0.35941423956503044,"{'regressor__model__alpha': 0.0001, 'regressor__model__hidden_layer_sizes': (64, 32), 'regressor__model__learning_rate_init': 0.0001}"
2023-05-05 07:00:00,Naive,7,-0.29200544004185464,-0.11688122269424545,2021-05-05 07:00:00,2023-05-05 07:00:00,2023-05-05 07:00:00,730,1,,,not_applicable
2023-05-06 07:00:00,Decision Tree,7,-0.444901467771129,-0.369050842470538,2021-05-06 07:00:00,2023-05-06 07:00:00,2023-05-06 07:00:00,730,1,-0.42290985504429074,0.42290985504429074,"{'max_depth': None, 'min_samples_leaf': 1, 'min_samples_split': 20}"
2023-05-06 07:00:00,ARX,7,-0.444901467771129,-0.4885676029061401,2021-05-06 07:00:00,2023-05-06 07:00:00,2023-05-06 07:00:00,730,1,-0.3032104293734177,0.3032104293734177,{'model__alpha': 0.01}
2023-05-06 07:00:00,Random Forest,7,-0.444901467771129,-0.47268807749564856,2021-05-06 07:00:00,2023-05-06 07:00:00,2023-05-06 07:00:00,730,1,-0.28640559026943707,0.28640559026943707,"{'max_depth': 10, 'max_features': 0.5, 'min_samples_leaf': 2, 'n_estimators': 100}"
2023-05-06 07:00:00,Neural Network,7,-0.444901467771129,-0.39219206645525695,2021-05-06 07:00:00,2023-05-06 07:00:00,2023-05-06 07:00:00,730,1,-0.35941423956503044,0.35941423956503044,"{'regressor__model__alpha': 0.0001, 'regressor__model__hidden_layer_sizes': (64, 32), 'regressor__model__learning_rate_init': 0.0001}"
2023-05-06 07:00:00,Naive,7,-0.444901467771129,-0.29200544004185464,2021-05-06 07:00:00,2023-05-06 07:00:00,2023-05-06 07:00:00,730,1,,,not_applicable
2023-05-07 07:00:00,Decision Tree,7,-0.6117185266302892,-0.6375220610386422,2021-05-07 07:00:00,2023-05-07 07:00:00,2023-05-07 07:00:00,730,1,-0.42290985504429074,0.42290985504429074,"{'max_depth': None, 'min_samples_leaf': 1, 'min_samples_split': 20}"
2023-05-07 07:00:00,ARX,7,-0.6117185266302892,-0.9945877105245482,2021-05-07 07:00:00,2023-05-07 07:00:00,2023-05-07 07:00:00,730,1,-0.3032104293734177,0.3032104293734177,{'model__alpha': 0.01}
2023-05-07 07:00:00,Random Forest,7,-0.6117185266302892,-0.5467336750217838,2021-05-07 07:00:00,2023-05-07 07:00:00,2023-05-07 07:00:00,730,1,-0.28640559026943707,0.28640559026943707,"{'max_depth': 10, 'max_features': 0.5, 'min_samples_leaf': 2, 'n_estimators': 100}"
2023-05-07 07:00:00,Neural Network,7,-0.6117185266302892,-0.8127009437720398,2021-05-07 07:00:00,2023-05-07 07:00:00,2023-05-07 07:00:00,730,1,-0.35941423956503044,0.35941423956503044,"{'regressor__model__alpha': 0.0001, 'regressor__model__hidden_layer_sizes': (64, 32), 'regressor__model__learning_rate_init': 0.0001}"
2023-05-07 07:00:00,Naive,7,-0.6117185266302892,-0.444901467771129,2021-05-07 07:00:00,2023-05-07 07:00:00,2023-05-07 07:00:00,730,1,,,not_applicable
2023-05-08 07:00:00,Decision Tree,7,-0.23276038629037332,-0.022090612854324718,2021-05-08 07:00:00,2023-05-08 07:00:00,2023-05-08 07:00:00,730,1,-0.42290985504429074,0.42290985504429074,"{'max_depth': None, 'min_samples_leaf': 1, 'min_samples_split': 20}"
2023-05-08 07:00:00,ARX,7,-0.23276038629037332,-0.13506381008180535,2021-05-08 07:00:00,2023-05-08 07:00:00,2023-05-08 07:00:00,730,1,-0.3032104293734177,0.3032104293734177,{'model__alpha': 0.01}
2023-05-08 07:00:00,Random Forest,7,-0.23276038629037332,-0.2993913286717376,2021-05-08 07:00:00,2023-05-08 07:00:00,2023-05-08 07:00:00,730,1,-0.28640559026943707,0.28640559026943707,"{'max_depth': 10, 'max_features': 0.5, 'min_samples_leaf': 2, 'n_estimators': 100}"
2023-05-08 07:00:00,Neural Network,7,-0.23276038629037332,-0.20625118264593967,2021-05-08 07:00:00,2023-05-08 07:00:00,2023-05-08 07:00:00,730,1,-0.35941423956503044,0.35941423956503044,"{'regressor__model__alpha': 0.0001, 'regressor__model__hidden_layer_sizes': (64, 32), 'regressor__model__learning_rate_init': 0.0001}"
2023-05-08 07:00:00,Naive,7,-0.23276038629037332,-0.6117185266302892,2021-05-08 07:00:00,2023-05-08 07:00:00,2023-05-08 07:00:00,730,1,,,not_applicable
2023-05-09 07:00:00,Decision Tree,7,-0.2165840078428119,-0.2746479912826119,2021-05-09 07:00:00,2023-05-09 07:00:00,2023-05-09 07:00:00,730,1,-0.42290985504429074,0.42290985504429074,"{'max_depth': None, 'min_samples_leaf': 1, 'min_samples_split': 20}"
2023-05-09 07:00:00,ARX,7,-0.2165840078428119,-0.37593947168045605,2021-05-09 07:00:00,2023-05-09 07:00:00,2023-05-09 07:00:00,730,1,-0.3032104293734177,0.3032104293734177,{'model__alpha': 0.01}
2023-05-09 07:00:00,Random Forest,7,-0.2165840078428119,-0.1889434906703827,2021-05-09 07:00:00,2023-05-09 07:00:00,2023-05-09 07:00:00,730,1,-0.28640559026943707,0.28640559026943707,"{'max_depth': 10, 'max_features': 0.5, 'min_samples_leaf': 2, 'n_estimators': 100}"
2023-05-09 07:00:00,Neural Network,7,-0.2165840078428119,-0.512131292572471,2021-05-09 07:00:00,2023-05-09 07:00:00,2023-05-09 07:00:00,730,1,-0.35941423956503044,0.35941423956503044,"{'regressor__model__alpha': 0.0001, 'regressor__model__hidden_layer_sizes': (64, 32), 'regressor__model__learning_rate_init': 0.0001}"
2023-05-09 07:00:00,Naive,7,-0.2165840078428119,-0.23276038629037332,2021-05-09 07:00:00,2023-05-09 07:00:00,2023-05-09 07:00:00,730,1,,,not_applicable
2023-05-10 07:00:00,Decision Tree,7,-0.22113470989439094,-0.022663988827722803,2021-05-10 07:00:00,2023-05-10 07:00:00,2023-05-10 07:00:00,730,1,-0.42290985504429074,0.42290985504429074,"{'max_depth': None, 'min_samples_leaf': 1, 'min_samples_split': 20}"
2023-05-10 07:00:00,ARX,7,-0.22113470989439094,-0.1903974953709502,2021-05-10 07:00:00,2023-05-10 07:00:00,2023-05-10 07:00:00,730,1,-0.3032104293734177,0.3032104293734177,{'model__alpha': 0.01}
2023-05-10 07:00:00,Random Forest,7,-0.22113470989439094,-0.18752083784311518,2021-05-10 07:00:00,2023-05-10 07:00:00,2023-05-10 07:00:00,730,1,-0.28640559026943707,0.28640559026943707,"{'max_depth': 10, 'max_features': 0.5, 'min_samples_leaf': 2, 'n_estimators': 100}"
2023-05-10 07:00:00,Neural Network,7,-0.22113470989439094,-0.021969126314965726,2021-05-10 07:00:00,2023-05-10 07:00:00,2023-05-10 07:00:00,730,1,-0.35941423956503044,0.35941423956503044,"{'regressor__model__alpha': 0.0001, 'regressor__model__hidden_layer_sizes': (64, 32), 'regressor__model__learning_rate_init': 0.0001}"
2023-05-10 07:00:00,Naive,7,-0.22113470989439094,-0.2165840078428119,2021-05-10 07:00:00,2023-05-10 07:00:00,2023-05-10 07:00:00,730,1,,,not_applicable
2023-05-11 07:00:00,Decision Tree,7,0.08499407466528627,0.14639204784118556,2021-05-11 07:00:00,2023-05-11 07:00:00,2023-05-11 07:00:00,730,1,-0.42290985504429074,0.42290985504429074,"{'max_depth': None, 'min_samples_leaf': 1, 'min_samples_split': 20}"
2023-05-11 07:00:00,ARX,7,0.08499407466528627,0.12943043850531621,2021-05-11 07:00:00,2023-05-11 07:00:00,2023-05-11 07:00:00,730,1,-0.3032104293734177,0.3032104293734177,{'model__alpha': 0.01}
2023-05-11 07:00:00,Random Forest,7,0.08499407466528627,0.1741615117425665,2021-05-11 07:00:00,2023-05-11 07:00:00,2023-05-11 07:00:00,730,1,-0.28640559026943707,0.28640559026943707,"{'max_depth': 10, 'max_features': 0.5, 'min_samples_leaf': 2, 'n_estimators': 100}"
2023-05-11 07:00:00,Neural Network,7,0.08499407466528627,-0.015380696583459308,2021-05-11 07:00:00,2023-05-11 07:00:00,2023-05-11 07:00:00,730,1,-0.35941423956503044,0.35941423956503044,"{'regressor__model__alpha': 0.0001, 'regressor__model__hidden_layer_sizes': (64, 32), 'regressor__model__learning_rate_init': 0.0001}"
2023-05-11 07:00:00,Naive,7,0.08499407466528627,-0.22113470989439094,2021-05-11 07:00:00,2023-05-11 07:00:00,2023-05-11 07:00:00,730,1,,,not_applicable
2023-05-12 07:00:00,Decision Tree,7,-0.11880048153434059,-0.10504814105704172,2021-05-12 07:00:00,2023-05-12 07:00:00,2023-05-12 07:00:00,730,1,-0.42290985504429074,0.42290985504429074,"{'max_depth': None, 'min_samples_leaf': 1, 'min_samples_split': 20}"
2023-05-12 07:00:00,ARX,7,-0.11880048153434059,-0.11259104837763778,2021-05-12 07:00:00,2023-05-12 07:00:00,2023-05-12 07:00:00,730,1,-0.3032104293734177,0.3032104293734177,{'model__alpha': 0.01}
2023-05-12 07:00:00,Random Forest,7,-0.11880048153434059,-0.1924139945945181,2021-05-12 07:00:00,2023-05-12 07:00:00,2023-05-12 07:00:00,730,1,-0.28640559026943707,0.28640559026943707,"{'max_depth': 10, 'max_features': 0.5, 'min_samples_leaf': 2, 'n_estimators': 100}"
2023-05-12 07:00:00,Neural Network,7,-0.11880048153434059,-0.12434804030680335,2021-05-12 07:00:00,2023-05-12 07:00:00,2023-05-12 07:00:00,730,1,-0.35941423956503044,0.35941423956503044,"{'regressor__model__alpha': 0.0001, 'regressor__model__hidden_layer_sizes': (64, 32), 'regressor__model__learning_rate_init': 0.0001}"
2023-05-12 07:00:00,Naive,7,-0.11880048153434059,0.08499407466528627,2021-05-12 07:00:00,2023-05-12 07:00:00,2023-05-12 07:00:00,730,1,,,not_applicable
2023-05-13 07:00:00,Decision Tree,7,-0.49225048103954294,-0.6353717665046127,2021-05-13 07:00:00,2023-05-13 07:00:00,2023-05-13 07:00:00,730,1,-0.42290985504429074,0.42290985504429074,"{'max_depth': None, 'min_samples_leaf': 1, 'min_samples_split': 20}"
2023-05-13 07:00:00,ARX,7,-0.49225048103954294,-0.6640109611809131,2021-05-13 07:00:00,2023-05-13 07:00:00,2023-05-13 07:00:00,730,1,-0.3032104293734177,0.3032104293734177,{'model__alpha': 0.01}
2023-05-13 07:00:00,Random Forest,7,-0.49225048103954294,-0.45690271399706134,2021-05-13 07:00:00,2023-05-13 07:00:00,2023-05-13 07:00:00,730,1,-0.28640559026943707,0.28640559026943707,"{'max_depth': 10, 'max_features': 0.5, 'min_samples_leaf': 2, 'n_estimators': 100}"
2023-05-13 07:00:00,Neural Network,7,-0.49225048103954294,-0.44709497534782217,2021-05-13 07:00:00,2023-05-13 07:00:00,2023-05-13 07:00:00,730,1,-0.35941423956503044,0.35941423956503044,"{'regressor__model__alpha': 0.0001, 'regressor__model__hidden_layer_sizes': (64, 32), 'regressor__model__learning_rate_init': 0.0001}"
2023-05-13 07:00:00,Naive,7,-0.49225048103954294,-0.11880048153434059,2021-05-13 07:00:00,2023-05-13 07:00:00,2023-05-13 07:00:00,730,1,,,not_applicable
2023-05-14 07:00:00,Decision Tree,7,-0.6901262703875175,-0.6243624368534534,2021-05-14 07:00:00,2023-05-14 07:00:00,2023-05-14 07:00:00,730,1,-0.42290985504429074,0.42290985504429074,"{'max_depth': None, 'min_samples_leaf': 1, 'min_samples_split': 20}"
2023-05-14 07:00:00,ARX,7,-0.6901262703875175,-0.8265538417182166,2021-05-14 07:00:00,2023-05-14 07:00:00,2023-05-14 07:00:00,730,1,-0.3032104293734177,0.3032104293734177,{'model__alpha': 0.01}
2023-05-14 07:00:00,Random Forest,7,-0.6901262703875175,-0.5639843738159644,2021-05-14 07:00:00,2023-05-14 07:00:00,2023-05-14 07:00:00,730,1,-0.28640559026943707,0.28640559026943707,"{'max_depth': 10, 'max_features': 0.5, 'min_samples_leaf': 2, 'n_estimators': 100}"
2023-05-14 07:00:00,Neural Network,7,-0.6901262703875175,-0.6857535917502471,2021-05-14 07:00:00,2023-05-14 07:00:00,2023-05-14 07:00:00,730,1,-0.35941423956503044,0.35941423956503044,"{'regressor__model__alpha': 0.0001, 'regressor__model__hidden_layer_sizes': (64, 32), 'regressor__model__learning_rate_init': 0.0001}"
2023-05-14 07:00:00,Naive,7,-0.6901262703875175,-0.49225048103954294,2021-05-14 07:00:00,2023-05-14 07:00:00,2023-05-14 07:00:00,730,1,,,not_applicable
2023-05-15 07:00:00,Decision Tree,7,0.30907266021899144,-0.10577194845058378,2021-05-15 07:00:00,2023-05-15 07:00:00,2023-05-15 07:00:00,730,1,-0.42290985504429074,0.42290985504429074,"{'max_depth': None, 'min_samples_leaf': 1, 'min_samples_split': 20}"
2023-05-15 07:00:00,ARX,7,0.30907266021899144,0.09542923221050437,2021-05-15 07:00:00,2023-05-15 07:00:00,2023-05-15 07:00:00,730,1,-0.3032104293734177,0.3032104293734177,{'model__alpha': 0.01}
2023-05-15 07:00:00,Random Forest,7,0.30907266021899144,-0.1834719014370384,2021-05-15 07:00:00,2023-05-15 07:00:00,2023-05-15 07:00:00,730,1,-0.28640559026943707,0.28640559026943707,"{'max_depth': 10, 'max_features': 0.5, 'min_samples_leaf': 2, 'n_estimators': 100}"
2023-05-15 07:00:00,Neural Network,7,0.30907266021899144,0.03926700742063227,2021-05-15 07:00:00,2023-05-15 07:00:00,2023-05-15 07:00:00,730,1,-0.35941423956503044,0.35941423956503044,"{'regressor__model__alpha': 0.0001, 'regressor__model__hidden_layer_sizes': (64, 32), 'regressor__model__learning_rate_init': 0.0001}"
2023-05-15 07:00:00,Naive,7,0.30907266021899144,-0.6901262703875175,2021-05-15 07:00:00,2023-05-15 07:00:00,2023-05-15 07:00:00,730,1,,,not_applicable
2023-05-16 07:00:00,Decision Tree,7,-0.2852167225218934,-0.10577194845058378,2021-05-16 07:00:00,2023-05-16 07:00:00,2023-05-16 07:00:00,730,1,-0.42290985504429074,0.42290985504429074,"{'max_depth': None, 'min_samples_leaf': 1, 'min_samples_split': 20}"
2023-05-16 07:00:00,ARX,7,-0.2852167225218934,-0.24771561469316672,2021-05-16 07:00:00,2023-05-16 07:00:00,2023-05-16 07:00:00,730,1,-0.3032104293734177,0.3032104293734177,{'model__alpha': 0.01}
2023-05-16 07:00:00,Random Forest,7,-0.2852167225218934,-0.1685109637271459,2021-05-16 07:00:00,2023-05-16 07:00:00,2023-05-16 07:00:00,730,1,-0.28640559026943707,0.28640559026943707,"{'max_depth': 10, 'max_features': 0.5, 'min_samples_leaf': 2, 'n_estimators': 100}"
2023-05-16 07:00:00,Neural Network,7,-0.2852167225218934,-0.038680157485319056,2021-05-16 07:00:00,2023-05-16 07:00:00,2023-05-16 07:00:00,730,1,-0.35941423956503044,0.35941423956503044,"{'regressor__model__alpha': 0.0001, 'regressor__model__hidden_layer_sizes': (64, 32), 'regressor__model__learning_rate_init': 0.0001}"
2023-05-16 07:00:00,Naive,7,-0.2852167225218934,0.30907266021899144,2021-05-16 07:00:00,2023-05-16 07:00:00,2023-05-16 07:00:00,730,1,,,not_applicable
2023-05-17 07:00:00,Decision Tree,7,-0.3049380531106426,-0.2636526246571782,2021-05-17 07:00:00,2023-05-17 07:00:00,2023-05-17 07:00:00,730,1,-0.42290985504429074,0.42290985504429074,"{'max_depth': None, 'min_samples_leaf': 1, 'min_samples_split': 20}"
2023-05-17 07:00:00,ARX,7,-0.3049380531106426,-0.214013041581689,2021-05-17 07:00:00,2023-05-17 07:00:00,2023-05-17 07:00:00,730,1,-0.3032104293734177,0.3032104293734177,{'model__alpha': 0.01}
2023-05-17 07:00:00,Random Forest,7,-0.3049380531106426,-0.2250161207636242,2021-05-17 07:00:00,2023-05-17 07:00:00,2023-05-17 07:00:00,730,1,-0.28640559026943707,0.28640559026943707,"{'max_depth': 10, 'max_features': 0.5, 'min_samples_leaf': 2, 'n_estimators': 100}"
2023-05-17 07:00:00,Neural Network,7,-0.3049380531106426,-0.26551622837386546,2021-05-17 07:00:00,2023-05-17 07:00:00,2023-05-17 07:00:00,730,1,-0.35941423956503044,0.35941423956503044,"{'regressor__model__alpha': 0.0001, 'regressor__model__hidden_layer_sizes': (64, 32), 'regressor__model__learning_rate_init': 0.0001}"
2023-05-17 07:00:00,Naive,7,-0.3049380531106426,-0.2852167225218934,2021-05-17 07:00:00,2023-05-17 07:00:00,2023-05-17 07:00:00,730,1,,,not_applicable
2023-05-18 07:00:00,Decision Tree,7,-0.4950059938400199,-0.6290598535344581,2021-05-18 07:00:00,2023-05-18 07:00:00,2023-05-18 07:00:00,730,1,-0.42290985504429074,0.42290985504429074,"{'max_depth': None, 'min_samples_leaf': 1, 'min_samples_split': 20}"
2023-05-18 07:00:00,ARX,7,-0.4950059938400199,-0.5819168743239043,2021-05-18 07:00:00,2023-05-18 07:00:00,2023-05-18 07:00:00,730,1,-0.3032104293734177,0.3032104293734177,{'model__alpha': 0.01}
2023-05-18 07:00:00,Random Forest,7,-0.4950059938400199,-0.5649805581039192,2021-05-18 07:00:00,2023-05-18 07:00:00,2023-05-18 07:00:00,730,1,-0.28640559026943707,0.28640559026943707,"{'max_depth': 10, 'max_features': 0.5, 'min_samples_leaf': 2, 'n_estimators': 100}"
2023-05-18 07:00:00,Neural Network,7,-0.4950059938400199,-0.6959350019957842,2021-05-18 07:00:00,2023-05-18 07:00:00,2023-05-18 07:00:00,730,1,-0.35941423956503044,0.35941423956503044,"{'regressor__model__alpha': 0.0001, 'regressor__model__hidden_layer_sizes': (64, 32), 'regressor__model__learning_rate_init': 0.0001}"
2023-05-18 07:00:00,Naive,7,-0.4950059938400199,-0.3049380531106426,2021-05-18 07:00:00,2023-05-18 07:00:00,2023-05-18 07:00:00,730,1,,,not_applicable
2023-05-19 07:00:00,Decision Tree,7,-0.3394171601288508,-0.6201229295548287,2021-05-19 07:00:00,2023-05-19 07:00:00,2023-05-19 07:00:00,730,1,-0.42290985504429074,0.42290985504429074,"{'max_depth': None, 'min_samples_leaf': 1, 'min_samples_split': 20}"
2023-05-19 07:00:00,ARX,7,-0.3394171601288508,-0.22810164440473324,2021-05-19 07:00:00,2023-05-19 07:00:00,2023-05-19 07:00:00,730,1,-0.3032104293734177,0.3032104293734177,{'model__alpha': 0.01}
2023-05-19 07:00:00,Random Forest,7,-0.3394171601288508,-0.4335243378032678,2021-05-19 07:00:00,2023-05-19 07:00:00,2023-05-19 07:00:00,730,1,-0.28640559026943707,0.28640559026943707,"{'max_depth': 10, 'max_features': 0.5, 'min_samples_leaf': 2, 'n_estimators': 100}"
2023-05-19 07:00:00,Neural Network,7,-0.3394171601288508,-0.17907482567648714,2021-05-19 07:00:00,2023-05-19 07:00:00,2023-05-19 07:00:00,730,1,-0.35941423956503044,0.35941423956503044,"{'regressor__model__alpha': 0.0001, 'regressor__model__hidden_layer_sizes': (64, 32), 'regressor__model__learning_rate_init': 0.0001}"
2023-05-19 07:00:00,Naive,7,-0.3394171601288508,-0.4950059938400199,2021-05-19 07:00:00,2023-05-19 07:00:00,2023-05-19 07:00:00,730,1,,,not_applicable
2023-05-20 07:00:00,Decision Tree,7,-0.7935549354124446,-0.6025788189657053,2021-05-20 07:00:00,2023-05-20 07:00:00,2023-05-20 07:00:00,730,1,-0.42290985504429074,0.42290985504429074,"{'max_depth': None, 'min_samples_leaf': 1, 'min_samples_split': 20}"
2023-05-20 07:00:00,ARX,7,-0.7935549354124446,-0.8561851190063747,2021-05-20 07:00:00,2023-05-20 07:00:00,2023-05-20 07:00:00,730,1,-0.3032104293734177,0.3032104293734177,{'model__alpha': 0.01}
2023-05-20 07:00:00,Random Forest,7,-0.7935549354124446,-0.5892919517897856,2021-05-20 07:00:00,2023-05-20 07:00:00,2023-05-20 07:00:00,730,1,-0.28640559026943707,0.28640559026943707,"{'max_depth': 10, 'max_features': 0.5, 'min_samples_leaf': 2, 'n_estimators': 100}"
2023-05-20 07:00:00,Neural Network,7,-0.7935549354124446,-0.5072289110425152,2021-05-20 07:00:00,2023-05-20 07:00:00,2023-05-20 07:00:00,730,1,-0.35941423956503044,0.35941423956503044,"{'regressor__model__alpha': 0.0001, 'regressor__model__hidden_layer_sizes': (64, 32), 'regressor__model__learning_rate_init': 0.0001}"
2023-05-20 07:00:00,Naive,7,-0.7935549354124446,-0.3394171601288508,2021-05-20 07:00:00,2023-05-20 07:00:00,2023-05-20 07:00:00,730,1,,,not_applicable
2023-05-21 07:00:00,Decision Tree,7,-1.0607956999561685,-0.6344237024398988,2021-05-21 07:00:00,2023-05-21 07:00:00,2023-05-21 07:00:00,730,1,-0.42290985504429074,0.42290985504429074,"{'max_depth': None, 'min_samples_leaf': 1, 'min_samples_split': 20}"
2023-05-21 07:00:00,ARX,7,-1.0607956999561685,-1.220563672040338,2021-05-21 07:00:00,2023-05-21 07:00:00,2023-05-21 07:00:00,730,1,-0.3032104293734177,0.3032104293734177,{'model__alpha': 0.01}
2023-05-21 07:00:00,Random Forest,7,-1.0607956999561685,-0.6828713805507232,2021-05-21 07:00:00,2023-05-21 07:00:00,2023-05-21 07:00:00,730,1,-0.28640559026943707,0.28640559026943707,"{'max_depth': 10, 'max_features': 0.5, 'min_samples_leaf': 2, 'n_estimators': 100}"
2023-05-21 07:00:00,Neural Network,7,-1.0607956999561685,-1.1107030764160764,2021-05-21 07:00:00,2023-05-21 07:00:00,2023-05-21 07:00:00,730,1,-0.35941423956503044,0.35941423956503044,"{'regressor__model__alpha': 0.0001, 'regressor__model__hidden_layer_sizes': (64, 32), 'regressor__model__learning_rate_init': 0.0001}"
2023-05-21 07:00:00,Naive,7,-1.0607956999561685,-0.7935549354124446,2021-05-21 07:00:00,2023-05-21 07:00:00,2023-05-21 07:00:00,730,1,,,not_applicable
2023-05-22 07:00:00,Decision Tree,7,-0.23151825475434182,-0.29980052738490887,2021-05-22 07:00:00,2023-05-22 07:00:00,2023-05-22 07:00:00,730,1,-0.42290985504429074,0.42290985504429074,"{'max_depth': None, 'min_samples_leaf': 1, 'min_samples_split': 20}"
2023-05-22 07:00:00,ARX,7,-0.23151825475434182,-0.2719403500883808,2021-05-22 07:00:00,2023-05-22 07:00:00,2023-05-22 07:00:00,730,1,-0.3032104293734177,0.3032104293734177,{'model__alpha': 0.01}
2023-05-22 07:00:00,Random Forest,7,-0.23151825475434182,-0.5697858927422138,2021-05-22 07:00:00,2023-05-22 07:00:00,2023-05-22 07:00:00,730,1,-0.28640559026943707,0.28640559026943707,"{'max_depth': 10, 'max_features': 0.5, 'min_samples_leaf': 2, 'n_estimators': 100}"
2023-05-22 07:00:00,Neural Network,7,-0.23151825475434182,-0.3675819685654229,2021-05-22 07:00:00,2023-05-22 07:00:00,2023-05-22 07:00:00,730,1,-0.35941423956503044,0.35941423956503044,"{'regressor__model__alpha': 0.0001, 'regressor__model__hidden_layer_sizes': (64, 32), 'regressor__model__learning_rate_init': 0.0001}"
2023-05-22 07:00:00,Naive,7,-0.23151825475434182,-1.0607956999561685,2021-05-22 07:00:00,2023-05-22 07:00:00,2023-05-22 07:00:00,730,1,,,not_applicable
2023-05-23 07:00:00,Decision Tree,7,-0.38889540808019896,-0.1594829131490161,2021-05-23 07:00:00,2023-05-23 07:00:00,2023-05-23 07:00:00,730,1,-0.42290985504429074,0.42290985504429074,"{'max_depth': None, 'min_samples_leaf': 1, 'min_samples_split': 20}"
2023-05-23 07:00:00,ARX,7,-0.38889540808019896,-0.2693674375238453,2021-05-23 07:00:00,2023-05-23 07:00:00,2023-05-23 07:00:00,730,1,-0.3032104293734177,0.3032104293734177,{'model__alpha': 0.01}
2023-05-23 07:00:00,Random Forest,7,-0.38889540808019896,-0.15597423471835448,2021-05-23 07:00:00,2023-05-23 07:00:00,2023-05-23 07:00:00,730,1,-0.28640559026943707,0.28640559026943707,"{'max_depth': 10, 'max_features': 0.5, 'min_samples_leaf': 2, 'n_estimators': 100}"
2023-05-23 07:00:00,Neural Network,7,-0.38889540808019896,-0.09545035121292789,2021-05-23 07:00:00,2023-05-23 07:00:00,2023-05-23 07:00:00,730,1,-0.35941423956503044,0.35941423956503044,"{'regressor__model__alpha': 0.0001, 'regressor__model__hidden_layer_sizes': (64, 32), 'regressor__model__learning_rate_init': 0.0001}"
2023-05-23 07:00:00,Naive,7,-0.38889540808019896,-0.23151825475434182,2021-05-23 07:00:00,2023-05-23 07:00:00,2023-05-23 07:00:00,730,1,,,not_applicable
2023-05-24 07:00:00,Decision Tree,7,-0.186620800849346,-0.2988666589519128,2021-05-24 07:00:00,2023-05-24 07:00:00,2023-05-24 07:00:00,730,1,-0.42290985504429074,0.42290985504429074,"{'max_depth': None, 'min_samples_leaf': 1, 'min_samples_split': 20}"
2023-05-24 07:00:00,ARX,7,-0.186620800849346,-0.20957585398078593,2021-05-24 07:00:00,2023-05-24 07:00:00,2023-05-24 07:00:00,730,1,-0.3032104293734177,0.3032104293734177,{'model__alpha': 0.01}
2023-05-24 07:00:00,Random Forest,7,-0.186620800849346,-0.2937792782407961,2021-05-24 07:00:00,2023-05-24 07:00:00,2023-05-24 07:00:00,730,1,-0.28640559026943707,0.28640559026943707,"{'max_depth': 10, 'max_features': 0.5, 'min_samples_leaf': 2, 'n_estimators': 100}"
2023-05-24 07:00:00,Neural Network,7,-0.186620800849346,-0.3729675974705673,2021-05-24 07:00:00,2023-05-24 07:00:00,2023-05-24 07:00:00,730,1,-0.35941423956503044,0.35941423956503044,"{'regressor__model__alpha': 0.0001, 'regressor__model__hidden_layer_sizes': (64, 32), 'regressor__model__learning_rate_init': 0.0001}"
2023-05-24 07:00:00,Naive,7,-0.186620800849346,-0.38889540808019896,2021-05-24 07:00:00,2023-05-24 07:00:00,2023-05-24 07:00:00,730,1,,,not_applicable
2023-05-25 07:00:00,Decision Tree,7,-0.18363014255616117,-0.1007190991716735,2021-05-25 07:00:00,2023-05-25 07:00:00,2023-05-25 07:00:00,730,1,-0.42290985504429074,0.42290985504429074,"{'max_depth': None, 'min_samples_leaf': 1, 'min_samples_split': 20}"
2023-05-25 07:00:00,ARX,7,-0.18363014255616117,-0.0597019614257801,2021-05-25 07:00:00,2023-05-25 07:00:00,2023-05-25 07:00:00,730,1,-0.3032104293734177,0.3032104293734177,{'model__alpha': 0.01}
2023-05-25 07:00:00,Random Forest,7,-0.18363014255616117,-0.14580509387995944,2021-05-25 07:00:00,2023-05-25 07:00:00,2023-05-25 07:00:00,730,1,-0.28640559026943707,0.28640559026943707,"{'max_depth': 10, 'max_features': 0.5, 'min_samples_leaf': 2, 'n_estimators': 100}"
2023-05-25 07:00:00,Neural Network,7,-0.18363014255616117,-0.14696323609552087,2021-05-25 07:00:00,2023-05-25 07:00:00,2023-05-25 07:00:00,730,1,-0.35941423956503044,0.35941423956503044,"{'regressor__model__alpha': 0.0001, 'regressor__model__hidden_layer_sizes': (64, 32), 'regressor__model__learning_rate_init': 0.0001}"
2023-05-25 07:00:00,Naive,7,-0.18363014255616117,-0.186620800849346,2021-05-25 07:00:00,2023-05-25 07:00:00,2023-05-25 07:00:00,730,1,,,not_applicable
2023-05-26 07:00:00,Decision Tree,7,-0.3880359989638883,-0.6138127081684547,2021-05-26 07:00:00,2023-05-26 07:00:00,2023-05-26 07:00:00,730,1,-0.42290985504429074,0.42290985504429074,"{'max_depth': None, 'min_samples_leaf': 1, 'min_samples_split': 20}"
2023-05-26 07:00:00,ARX,7,-0.3880359989638883,-0.31070402207337544,2021-05-26 07:00:00,2023-05-26 07:00:00,2023-05-26 07:00:00,730,1,-0.3032104293734177,0.3032104293734177,{'model__alpha': 0.01}
2023-05-26 07:00:00,Random Forest,7,-0.3880359989638883,-0.4050221154915213,2021-05-26 07:00:00,2023-05-26 07:00:00,2023-05-26 07:00:00,730,1,-0.28640559026943707,0.28640559026943707,"{'max_depth': 10, 'max_features': 0.5, 'min_samples_leaf': 2, 'n_estimators': 100}"
2023-05-26 07:00:00,Neural Network,7,-0.3880359989638883,-0.44598573756513127,2021-05-26 07:00:00,2023-05-26 07:00:00,2023-05-26 07:00:00,730,1,-0.35941423956503044,0.35941423956503044,"{'regressor__model__alpha': 0.0001, 'regressor__model__hidden_layer_sizes': (64, 32), 'regressor__model__learning_rate_init': 0.0001}"
2023-05-26 07:00:00,Naive,7,-0.3880359989638883,-0.18363014255616117,2021-05-26 07:00:00,2023-05-26 07:00:00,2023-05-26 07:00:00,730,1,,,not_applicable
2023-05-27 07:00:00,Decision Tree,7,-0.6140570473005603,-0.7667507405725773,2021-05-27 07:00:00,2023-05-27 07:00:00,2023-05-27 07:00:00,730,1,-0.42290985504429074,0.42290985504429074,"{'max_depth': None, 'min_samples_leaf': 1, 'min_samples_split': 20}"
2023-05-27 07:00:00,ARX,7,-0.6140570473005603,-0.6615880977272712,2021-05-27 07:00:00,2023-05-27 07:00:00,2023-05-27 07:00:00,730,1,-0.3032104293734177,0.3032104293734177,{'model__alpha': 0.01}
2023-05-27 07:00:00,Random Forest,7,-0.6140570473005603,-0.6844103419615384,2021-05-27 07:00:00,2023-05-27 07:00:00,2023-05-27 07:00:00,730,1,-0.28640559026943707,0.28640559026943707,"{'max_depth': 10, 'max_features': 0.5, 'min_samples_leaf': 2, 'n_estimators': 100}"
2023-05-27 07:00:00,Neural Network,7,-0.6140570473005603,-0.7110214594933983,2021-05-27 07:00:00,2023-05-27 07:00:00,2023-05-27 07:00:00,730,1,-0.35941423956503044,0.35941423956503044,"{'regressor__model__alpha': 0.0001, 'regressor__model__hidden_layer_sizes': (64, 32), 'regressor__model__learning_rate_init': 0.0001}"
2023-05-27 07:00:00,Naive,7,-0.6140570473005603,-0.3880359989638883,2021-05-27 07:00:00,2023-05-27 07:00:00,2023-05-27 07:00:00,730,1,,,not_applicable
2023-05-28 07:00:00,Decision Tree,7,-0.778397486360722,-0.6019425834277988,2021-05-28 07:00:00,2023-05-28 07:00:00,2023-05-28 07:00:00,730,1,-0.42290985504429074,0.42290985504429074,"{'max_depth': None, 'min_samples_leaf': 1, 'min_samples_split': 20}"
2023-05-28 07:00:00,ARX,7,-0.778397486360722,-1.0614698917068583,2021-05-28 07:00:00,2023-05-28 07:00:00,2023-05-28 07:00:00,730,1,-0.3032104293734177,0.3032104293734177,{'model__alpha': 0.01}
2023-05-28 07:00:00,Random Forest,7,-0.778397486360722,-0.6789149800306221,2021-05-28 07:00:00,2023-05-28 07:00:00,2023-05-28 07:00:00,730,1,-0.28640559026943707,0.28640559026943707,"{'max_depth': 10, 'max_features': 0.5, 'min_samples_leaf': 2, 'n_estimators': 100}"
2023-05-28 07:00:00,Neural Network,7,-0.778397486360722,-0.7441623658308592,2021-05-28 07:00:00,2023-05-28 07:00:00,2023-05-28 07:00:00,730,1,-0.35941423956503044,0.35941423956503044,"{'regressor__model__alpha': 0.0001, 'regressor__model__hidden_layer_sizes': (64, 32), 'regressor__model__learning_rate_init': 0.0001}"
2023-05-28 07:00:00,Naive,7,-0.778397486360722,-0.6140570473005603,2021-05-28 07:00:00,2023-05-28 07:00:00,2023-05-28 07:00:00,730,1,,,not_applicable
2023-05-29 07:00:00,Decision Tree,7,-0.8298275567734806,-0.8845157014916045,2021-05-29 07:00:00,2023-05-29 07:00:00,2023-05-29 07:00:00,730,1,-0.42290985504429074,0.42290985504429074,"{'max_depth': None, 'min_samples_leaf': 1, 'min_samples_split': 20}"
2023-05-29 07:00:00,ARX,7,-0.8298275567734806,-0.9038852044453687,2021-05-29 07:00:00,2023-05-29 07:00:00,2023-05-29 07:00:00,730,1,-0.3032104293734177,0.3032104293734177,{'model__alpha': 0.01}
2023-05-29 07:00:00,Random Forest,7,-0.8298275567734806,-0.6913795046547119,2021-05-29 07:00:00,2023-05-29 07:00:00,2023-05-29 07:00:00,730,1,-0.28640559026943707,0.28640559026943707,"{'max_depth': 10, 'max_features': 0.5, 'min_samples_leaf': 2, 'n_estimators': 100}"
2023-05-29 07:00:00,Neural Network,7,-0.8298275567734806,-0.6373255073473407,2021-05-29 07:00:00,2023-05-29 07:00:00,2023-05-29 07:00:00,730,1,-0.35941423956503044,0.35941423956503044,"{'regressor__model__alpha': 0.0001, 'regressor__model__hidden_layer_sizes': (64, 32), 'regressor__model__learning_rate_init': 0.0001}"
2023-05-29 07:00:00,Naive,7,-0.8298275567734806,-0.778397486360722,2021-05-29 07:00:00,2023-05-29 07:00:00,2023-05-29 07:00:00,730,1,,,not_applicable
2023-05-30 07:00:00,Decision Tree,7,-0.25615682580757515,0.17174407560597402,2021-05-30 07:00:00,2023-05-30 07:00:00,2023-05-30 07:00:00,730,1,-0.42290985504429074,0.42290985504429074,"{'max_depth': None, 'min_samples_leaf': 1, 'min_samples_split': 20}"
2023-05-30 07:00:00,ARX,7,-0.25615682580757515,-0.32766026466492026,2021-05-30 07:00:00,2023-05-30 07:00:00,2023-05-30 07:00:00,730,1,-0.3032104293734177,0.3032104293734177,{'model__alpha': 0.01}
2023-05-30 07:00:00,Random Forest,7,-0.25615682580757515,-0.267529924183407,2021-05-30 07:00:00,2023-05-30 07:00:00,2023-05-30 07:00:00,730,1,-0.28640559026943707,0.28640559026943707,"{'max_depth': 10, 'max_features': 0.5, 'min_samples_leaf': 2, 'n_estimators': 100}"
2023-05-30 07:00:00,Neural Network,7,-0.25615682580757515,-0.3478174001962373,2021-05-30 07:00:00,2023-05-30 07:00:00,2023-05-30 07:00:00,730,1,-0.35941423956503044,0.35941423956503044,"{'regressor__model__alpha': 0.0001, 'regressor__model__hidden_layer_sizes': (64, 32), 'regressor__model__learning_rate_init': 0.0001}"
2023-05-30 07:00:00,Naive,7,-0.25615682580757515,-0.8298275567734806,2021-05-30 07:00:00,2023-05-30 07:00:00,2023-05-30 07:00:00,730,1,,,not_applicable
2023-05-31 07:00:00,Decision Tree,7,-0.2515464226500728,0.07709742600660566,2021-05-31 07:00:00,2023-05-31 07:00:00,2023-05-31 07:00:00,730,1,-0.42290985504429074,0.42290985504429074,"{'max_depth': None, 'min_samples_leaf': 1, 'min_samples_split': 20}"
2023-05-31 07:00:00,ARX,7,-0.2515464226500728,-0.2434777211019934,2021-05-31 07:00:00,2023-05-31 07:00:00,2023-05-31 07:00:00,730,1,-0.3032104293734177,0.3032104293734177,{'model__alpha': 0.01}
2023-05-31 07:00:00,Random Forest,7,-0.2515464226500728,-0.2828595447887275,2021-05-31 07:00:00,2023-05-31 07:00:00,2023-05-31 07:00:00,730,1,-0.28640559026943707,0.28640559026943707,"{'max_depth': 10, 'max_features': 0.5, 'min_samples_leaf': 2, 'n_estimators': 100}"
2023-05-31 07:00:00,Neural Network,7,-0.2515464226500728,-0.1689456619048777,2021-05-31 07:00:00,2023-05-31 07:00:00,2023-05-31 07:00:00,730,1,-0.35941423956503044,0.35941423956503044,"{'regressor__model__alpha': 0.0001, 'regressor__model__hidden_layer_sizes': (64, 32), 'regressor__model__learning_rate_init': 0.0001}"
2023-05-31 07:00:00,Naive,7,-0.2515464226500728,-0.25615682580757515,2021-05-31 07:00:00,2023-05-31 07:00:00,2023-05-31 07:00:00,730,1,,,not_applicable
2023-06-01 07:00:00,Decision Tree,7,-0.36195247652129503,-0.877679683401839,2021-06-01 07:00:00,2023-06-01 07:00:00,2023-06-01 07:00:00,730,1,-0.42290985504429074,0.42290985504429074,"{'max_depth': None, 'min_samples_leaf': 1, 'min_samples_split': 20}"
2023-06-01 07:00:00,ARX,7,-0.36195247652129503,-0.38418725370040985,2021-06-01 07:00:00,2023-06-01 07:00:00,2023-06-01 07:00:00,730,1,-0.3032104293734177,0.3032104293734177,{'model__alpha': 0.01}
2023-06-01 07:00:00,Random Forest,7,-0.36195247652129503,-0.41493683841626594,2021-06-01 07:00:00,2023-06-01 07:00:00,2023-06-01 07:00:00,730,1,-0.28640559026943707,0.28640559026943707,"{'max_depth': 10, 'max_features': 0.5, 'min_samples_leaf': 2, 'n_estimators': 100}"
2023-06-01 07:00:00,Neural Network,7,-0.36195247652129503,-0.5340306912370114,2021-06-01 07:00:00,2023-06-01 07:00:00,2023-06-01 07:00:00,730,1,-0.35941423956503044,0.35941423956503044,"{'regressor__model__alpha': 0.0001, 'regressor__model__hidden_layer_sizes': (64, 32), 'regressor__model__learning_rate_init': 0.0001}"
2023-06-01 07:00:00,Naive,7,-0.36195247652129503,-0.2515464226500728,2021-06-01 07:00:00,2023-06-01 07:00:00,2023-06-01 07:00:00,730,1,,,not_applicable
2023-06-02 07:00:00,Decision Tree,7,-0.17262718730374985,-0.25799995856708585,2021-06-02 07:00:00,2023-06-02 07:00:00,2023-06-02 07:00:00,730,1,-0.42290985504429074,0.42290985504429074,"{'max_depth': None, 'min_samples_leaf': 1, 'min_samples_split': 20}"
2023-06-02 07:00:00,ARX,7,-0.17262718730374985,-0.22680106193644045,2021-06-02 07:00:00,2023-06-02 07:00:00,2023-06-02 07:00:00,730,1,-0.3032104293734177,0.3032104293734177,{'model__alpha': 0.01}
2023-06-02 07:00:00,Random Forest,7,-0.17262718730374985,-0.3152321187914977,2021-06-02 07:00:00,2023-06-02 07:00:00,2023-06-02 07:00:00,730,1,-0.28640559026943707,0.28640559026943707,"{'max_depth': 10, 'max_features': 0.5, 'min_samples_leaf': 2, 'n_estimators': 100}"
2023-06-02 07:00:00,Neural Network,7,-0.17262718730374985,-0.6109773644205936,2021-06-02 07:00:00,2023-06-02 07:00:00,2023-06-02 07:00:00,730,1,-0.35941423956503044,0.35941423956503044,"{'regressor__model__alpha': 0.0001, 'regressor__model__hidden_layer_sizes': (64, 32), 'regressor__model__learning_rate_init': 0.0001}"
2023-06-02 07:00:00,Naive,7,-0.17262718730374985,-0.36195247652129503,2021-06-02 07:00:00,2023-06-02 07:00:00,2023-06-02 07:00:00,730,1,,,not_applicable
2023-06-03 07:00:00,Decision Tree,7,-0.703866666949067,-0.7413017916939079,2021-06-03 07:00:00,2023-06-03 07:00:00,2023-06-03 07:00:00,730,1,-0.42290985504429074,0.42290985504429074,"{'max_depth': None, 'min_samples_leaf': 1, 'min_samples_split': 20}"
2023-06-03 07:00:00,ARX,7,-0.703866666949067,-0.8474942047554879,2021-06-03 07:00:00,2023-06-03 07:00:00,2023-06-03 07:00:00,730,1,-0.3032104293734177,0.3032104293734177,{'model__alpha': 0.01}
2023-06-03 07:00:00,Random Forest,7,-0.703866666949067,-0.6955176145404538,2021-06-03 07:00:00,2023-06-03 07:00:00,2023-06-03 07:00:00,730,1,-0.28640559026943707,0.28640559026943707,"{'max_depth': 10, 'max_features': 0.5, 'min_samples_leaf': 2, 'n_estimators': 100}"
2023-06-03 07:00:00,Neural Network,7,-0.703866666949067,-0.5676122730940047,2021-06-03 07:00:00,2023-06-03 07:00:00,2023-06-03 07:00:00,730,1,-0.35941423956503044,0.35941423956503044,"{'regressor__model__alpha': 0.0001, 'regressor__model__hidden_layer_sizes': (64, 32), 'regressor__model__learning_rate_init': 0.0001}"
2023-06-03 07:00:00,Naive,7,-0.703866666949067,-0.17262718730374985,2021-06-03 07:00:00,2023-06-03 07:00:00,2023-06-03 07:00:00,730,1,,,not_applicable
2023-06-04 07:00:00,Decision Tree,7,-0.782111877831542,-0.8583671260181976,2021-06-04 07:00:00,2023-06-04 07:00:00,2023-06-04 07:00:00,730,1,-0.42290985504429074,0.42290985504429074,"{'max_depth': None, 'min_samples_leaf': 1, 'min_samples_split': 20}"
2023-06-04 07:00:00,ARX,7,-0.782111877831542,-1.0559516406979823,2021-06-04 07:00:00,2023-06-04 07:00:00,2023-06-04 07:00:00,730,1,-0.3032104293734177,0.3032104293734177,{'model__alpha': 0.01}
2023-06-04 07:00:00,Random Forest,7,-0.782111877831542,-0.7443699712257067,2021-06-04 07:00:00,2023-06-04 07:00:00,2023-06-04 07:00:00,730,1,-0.28640559026943707,0.28640559026943707,"{'max_depth': 10, 'max_features': 0.5, 'min_samples_leaf': 2, 'n_estimators': 100}"
2023-06-04 07:00:00,Neural Network,7,-0.782111877831542,-0.9600374494365165,2021-06-04 07:00:00,2023-06-04 07:00:00,2023-06-04 07:00:00,730,1,-0.35941423956503044,0.35941423956503044,"{'regressor__model__alpha': 0.0001, 'regressor__model__hidden_layer_sizes': (64, 32), 'regressor__model__learning_rate_init': 0.0001}"
2023-06-04 07:00:00,Naive,7,-0.782111877831542,-0.703866666949067,2021-06-04 07:00:00,2023-06-04 07:00:00,2023-06-04 07:00:00,730,1,,,not_applicable
2023-06-05 07:00:00,Decision Tree,7,-0.30297313214210153,0.2419532163660133,2021-06-05 07:00:00,2023-06-05 07:00:00,2023-06-05 07:00:00,730,1,-0.42290985504429074,0.42290985504429074,"{'max_depth': None, 'min_samples_leaf': 1, 'min_samples_split': 20}"
2023-06-05 07:00:00,ARX,7,-0.30297313214210153,-0.18196546162754812,2021-06-05 07:00:00,2023-06-05 07:00:00,2023-06-05 07:00:00,730,1,-0.3032104293734177,0.3032104293734177,{'model__alpha': 0.01}
2023-06-05 07:00:00,Random Forest,7,-0.30297313214210153,-0.260202843172994,2021-06-05 07:00:00,2023-06-05 07:00:00,2023-06-05 07:00:00,730,1,-0.28640559026943707,0.28640559026943707,"{'max_depth': 10, 'max_features': 0.5, 'min_samples_leaf': 2, 'n_estimators': 100}"
2023-06-05 07:00:00,Neural Network,7,-0.30297313214210153,-0.30921637298997307,2021-06-05 07:00:00,2023-06-05 07:00:00,2023-06-05 07:00:00,730,1,-0.35941423956503044,0.35941423956503044,"{'regressor__model__alpha': 0.0001, 'regressor__model__hidden_layer_sizes': (64, 32), 'regressor__model__learning_rate_init': 0.0001}"
2023-06-05 07:00:00,Naive,7,-0.30297313214210153,-0.782111877831542,2021-06-05 07:00:00,2023-06-05 07:00:00,2023-06-05 07:00:00,730,1,,,not_applicable
2023-06-06 07:00:00,Decision Tree,7,0.14049690787154084,-0.06586255562816526,2021-06-06 07:00:00,2023-06-06 07:00:00,2023-06-06 07:00:00,730,1,-0.42290985504429074,0.42290985504429074,"{'max_depth': None, 'min_samples_leaf': 1, 'min_samples_split': 20}"
2023-06-06 07:00:00,ARX,7,0.14049690787154084,-0.13171393411094878,2021-06-06 07:00:00,2023-06-06 07:00:00,2023-06-06 07:00:00,730,1,-0.3032104293734177,0.3032104293734177,{'model__alpha': 0.01}
2023-06-06 07:00:00,Random Forest,7,0.14049690787154084,-0.18526344164296382,2021-06-06 07:00:00,2023-06-06 07:00:00,2023-06-06 07:00:00,730,1,-0.28640559026943707,0.28640559026943707,"{'max_depth': 10, 'max_features': 0.5, 'min_samples_leaf': 2, 'n_estimators': 100}"
2023-06-06 07:00:00,Neural Network,7,0.14049690787154084,0.166766036703893,2021-06-06 07:00:00,2023-06-06 07:00:00,2023-06-06 07:00:00,730,1,-0.35941423956503044,0.35941423956503044,"{'regressor__model__alpha': 0.0001, 'regressor__model__hidden_layer_sizes': (64, 32), 'regressor__model__learning_rate_init': 0.0001}"
2023-06-06 07:00:00,Naive,7,0.14049690787154084,-0.30297313214210153,2021-06-06 07:00:00,2023-06-06 07:00:00,2023-06-06 07:00:00,730,1,,,not_applicable
2023-06-07 07:00:00,Decision Tree,7,0.06349177591355032,0.22478478404526614,2021-06-07 07:00:00,2023-06-07 07:00:00,2023-06-07 07:00:00,730,1,-0.42290985504429074,0.42290985504429074,"{'max_depth': None, 'min_samples_leaf': 1, 'min_samples_split': 20}"
2023-06-07 07:00:00,ARX,7,0.06349177591355032,-0.0991256200942352,2021-06-07 07:00:00,2023-06-07 07:00:00,2023-06-07 07:00:00,730,1,-0.3032104293734177,0.3032104293734177,{'model__alpha': 0.01}
2023-06-07 07:00:00,Random Forest,7,0.06349177591355032,0.05501934767463977,2021-06-07 07:00:00,2023-06-07 07:00:00,2023-06-07 07:00:00,730,1,-0.28640559026943707,0.28640559026943707,"{'max_depth': 10, 'max_features': 0.5, 'min_samples_leaf': 2, 'n_estimators': 100}"
2023-06-07 07:00:00,Neural Network,7,0.06349177591355032,0.07029788522236746,2021-06-07 07:00:00,2023-06-07 07:00:00,2023-06-07 07:00:00,730,1,-0.35941423956503044,0.35941423956503044,"{'regressor__model__alpha': 0.0001, 'regressor__model__hidden_layer_sizes': (64, 32), 'regressor__model__learning_rate_init': 0.0001}"
2023-06-07 07:00:00,Naive,7,0.06349177591355032,0.14049690787154084,2021-06-07 07:00:00,2023-06-07 07:00:00,2023-06-07 07:00:00,730,1,,,not_applicable
2023-06-08 07:00:00,Decision Tree,7,-0.5198006633183475,-0.3119110392983641,2021-06-08 07:00:00,2023-06-08 07:00:00,2023-06-08 07:00:00,730,1,-0.42290985504429074,0.42290985504429074,"{'max_depth': None, 'min_samples_leaf': 1, 'min_samples_split': 20}"
2023-06-08 07:00:00,ARX,7,-0.5198006633183475,-0.4629213791276381,2021-06-08 07:00:00,2023-06-08 07:00:00,2023-06-08 07:00:00,730,1,-0.3032104293734177,0.3032104293734177,{'model__alpha': 0.01}
2023-06-08 07:00:00,Random Forest,7,-0.5198006633183475,-0.3881044968311507,2021-06-08 07:00:00,2023-06-08 07:00:00,2023-06-08 07:00:00,730,1,-0.28640559026943707,0.28640559026943707,"{'max_depth': 10, 'max_features': 0.5, 'min_samples_leaf': 2, 'n_estimators': 100}"
2023-06-08 07:00:00,Neural Network,7,-0.5198006633183475,-0.1948428595484708,2021-06-08 07:00:00,2023-06-08 07:00:00,2023-06-08 07:00:00,730,1,-0.35941423956503044,0.35941423956503044,"{'regressor__model__alpha': 0.0001, 'regressor__model__hidden_layer_sizes': (64, 32), 'regressor__model__learning_rate_init': 0.0001}"
2023-06-08 07:00:00,Naive,7,-0.5198006633183475,0.06349177591355032,2021-06-08 07:00:00,2023-06-08 07:00:00,2023-06-08 07:00:00,730,1,,,not_applicable
2023-06-09 07:00:00,Decision Tree,7,-0.40999479093850943,-0.21497384731217795,2021-06-09 07:00:00,2023-06-09 07:00:00,2023-06-09 07:00:00,730,1,-0.42290985504429074,0.42290985504429074,"{'max_depth': None, 'min_samples_leaf': 1, 'min_samples_split': 20}"
2023-06-09 07:00:00,ARX,7,-0.40999479093850943,-0.2276006665853174,2021-06-09 07:00:00,2023-06-09 07:00:00,2023-06-09 07:00:00,730,1,-0.3032104293734177,0.3032104293734177,{'model__alpha': 0.01}
2023-06-09 07:00:00,Random Forest,7,-0.40999479093850943,-0.31034364242649903,2021-06-09 07:00:00,2023-06-09 07:00:00,2023-06-09 07:00:00,730,1,-0.28640559026943707,0.28640559026943707,"{'max_depth': 10, 'max_features': 0.5, 'min_samples_leaf': 2, 'n_estimators': 100}"
2023-06-09 07:00:00,Neural Network,7,-0.40999479093850943,-0.4486600681655706,2021-06-09 07:00:00,2023-06-09 07:00:00,2023-06-09 07:00:00,730,1,-0.35941423956503044,0.35941423956503044,"{'regressor__model__alpha': 0.0001, 'regressor__model__hidden_layer_sizes': (64, 32), 'regressor__model__learning_rate_init': 0.0001}"
2023-06-09 07:00:00,Naive,7,-0.40999479093850943,-0.5198006633183475,2021-06-09 07:00:00,2023-06-09 07:00:00,2023-06-09 07:00:00,730,1,,,not_applicable
2023-06-10 07:00:00,Decision Tree,7,-0.6013052331866388,-0.7413017916939079,2021-06-10 07:00:00,2023-06-10 07:00:00,2023-06-10 07:00:00,730,1,-0.42290985504429074,0.42290985504429074,"{'max_depth': None, 'min_samples_leaf': 1, 'min_samples_split': 20}"
2023-06-10 07:00:00,ARX,7,-0.6013052331866388,-0.7543502516030585,2021-06-10 07:00:00,2023-06-10 07:00:00,2023-06-10 07:00:00,730,1,-0.3032104293734177,0.3032104293734177,{'model__alpha': 0.01}
2023-06-10 07:00:00,Random Forest,7,-0.6013052331866388,-0.6854265140279988,2021-06-10 07:00:00,2023-06-10 07:00:00,2023-06-10 07:00:00,730,1,-0.28640559026943707,0.28640559026943707,"{'max_depth': 10, 'max_features': 0.5, 'min_samples_leaf': 2, 'n_estimators': 100}"
2023-06-10 07:00:00,Neural Network,7,-0.6013052331866388,-0.8228113738904514,2021-06-10 07:00:00,2023-06-10 07:00:00,2023-06-10 07:00:00,730,1,-0.35941423956503044,0.35941423956503044,"{'regressor__model__alpha': 0.0001, 'regressor__model__hidden_layer_sizes': (64, 32), 'regressor__model__learning_rate_init': 0.0001}"
2023-06-10 07:00:00,Naive,7,-0.6013052331866388,-0.40999479093850943,2021-06-10 07:00:00,2023-06-10 07:00:00,2023-06-10 07:00:00,730,1,,,not_applicable
2023-06-11 07:00:00,Decision Tree,7,-0.9334540930275678,-0.8507416011995321,2021-06-11 07:00:00,2023-06-11 07:00:00,2023-06-11 07:00:00,730,1,-0.42290985504429074,0.42290985504429074,"{'max_depth': None, 'min_samples_leaf': 1, 'min_samples_split': 20}"
2023-06-11 07:00:00,ARX,7,-0.9334540930275678,-1.1389190171715047,2021-06-11 07:00:00,2023-06-11 07:00:00,2023-06-11 07:00:00,730,1,-0.3032104293734177,0.3032104293734177,{'model__alpha': 0.01}
2023-06-11 07:00:00,Random Forest,7,-0.9334540930275678,-0.7523530832378507,2021-06-11 07:00:00,2023-06-11 07:00:00,2023-06-11 07:00:00,730,1,-0.28640559026943707,0.28640559026943707,"{'max_depth': 10, 'max_features': 0.5, 'min_samples_leaf': 2, 'n_estimators': 100}"
2023-06-11 07:00:00,Neural Network,7,-0.9334540930275678,-1.1849147666909619,2021-06-11 07:00:00,2023-06-11 07:00:00,2023-06-11 07:00:00,730,1,-0.35941423956503044,0.35941423956503044,"{'regressor__model__alpha': 0.0001, 'regressor__model__hidden_layer_sizes': (64, 32), 'regressor__model__learning_rate_init': 0.0001}"
2023-06-11 07:00:00,Naive,7,-0.9334540930275678,-0.6013052331866388,2021-06-11 07:00:00,2023-06-11 07:00:00,2023-06-11 07:00:00,730,1,,,not_applicable
2023-06-12 07:00:00,Decision Tree,7,-0.15999645953374023,-0.8582609186384444,2021-06-12 07:00:00,2023-06-12 07:00:00,2023-06-12 07:00:00,730,1,-0.42290985504429074,0.42290985504429074,"{'max_depth': None, 'min_samples_leaf': 1, 'min_samples_split': 20}"
2023-06-12 07:00:00,ARX,7,-0.15999645953374023,-0.1954851872861394,2021-06-12 07:00:00,2023-06-12 07:00:00,2023-06-12 07:00:00,730,1,-0.3032104293734177,0.3032104293734177,{'model__alpha': 0.01}
2023-06-12 07:00:00,Random Forest,7,-0.15999645953374023,-0.3572888155319247,2021-06-12 07:00:00,2023-06-12 07:00:00,2023-06-12 07:00:00,730,1,-0.28640559026943707,0.28640559026943707,"{'max_depth': 10, 'max_features': 0.5, 'min_samples_leaf': 2, 'n_estimators': 100}"
2023-06-12 07:00:00,Neural Network,7,-0.15999645953374023,-0.2746180684912407,2021-06-12 07:00:00,2023-06-12 07:00:00,2023-06-12 07:00:00,730,1,-0.35941423956503044,0.35941423956503044,"{'regressor__model__alpha': 0.0001, 'regressor__model__hidden_layer_sizes': (64, 32), 'regressor__model__learning_rate_init': 0.0001}"
2023-06-12 07:00:00,Naive,7,-0.15999645953374023,-0.9334540930275678,2021-06-12 07:00:00,2023-06-12 07:00:00,2023-06-12 07:00:00,730,1,,,not_applicable
2023-06-13 07:00:00,Decision Tree,7,-0.24217374078165227,-0.183625391639023,2021-06-13 07:00:00,2023-06-13 07:00:00,2023-06-13 07:00:00,730,1,-0.42290985504429074,0.42290985504429074,"{'max_depth': None, 'min_samples_leaf': 1, 'min_samples_split': 20}"
2023-06-13 07:00:00,ARX,7,-0.24217374078165227,-0.13797766349050966,2021-06-13 07:00:00,2023-06-13 07:00:00,2023-06-13 07:00:00,730,1,-0.3032104293734177,0.3032104293734177,{'model__alpha': 0.01}
2023-06-13 07:00:00,Random Forest,7,-0.24217374078165227,-0.19945797123831774,2021-06-13 07:00:00,2023-06-13 07:00:00,2023-06-13 07:00:00,730,1,-0.28640559026943707,0.28640559026943707,"{'max_depth': 10, 'max_features': 0.5, 'min_samples_leaf': 2, 'n_estimators': 100}"
2023-06-13 07:00:00,Neural Network,7,-0.24217374078165227,-0.11422057514532624,2021-06-13 07:00:00,2023-06-13 07:00:00,2023-06-13 07:00:00,730,1,-0.35941423956503044,0.35941423956503044,"{'regressor__model__alpha': 0.0001, 'regressor__model__hidden_layer_sizes': (64, 32), 'regressor__model__learning_rate_init': 0.0001}"
2023-06-13 07:00:00,Naive,7,-0.24217374078165227,-0.15999645953374023,2021-06-13 07:00:00,2023-06-13 07:00:00,2023-06-13 07:00:00,730,1,,,not_applicable
2023-06-14 07:00:00,Decision Tree,7,-0.054054000937041664,-0.2690173790369957,2021-06-14 07:00:00,2023-06-14 07:00:00,2023-06-14 07:00:00,730,1,-0.42290985504429074,0.42290985504429074,"{'max_depth': None, 'min_samples_leaf': 1, 'min_samples_split': 20}"
2023-06-14 07:00:00,ARX,7,-0.054054000937041664,-0.10482026462426886,2021-06-14 07:00:00,2023-06-14 07:00:00,2023-06-14 07:00:00,730,1,-0.3032104293734177,0.3032104293734177,{'model__alpha': 0.01}
2023-06-14 07:00:00,Random Forest,7,-0.054054000937041664,-0.22708623109742254,2021-06-14 07:00:00,2023-06-14 07:00:00,2023-06-14 07:00:00,730,1,-0.28640559026943707,0.28640559026943707,"{'max_depth': 10, 'max_features': 0.5, 'min_samples_leaf': 2, 'n_estimators': 100}"
2023-06-14 07:00:00,Neural Network,7,-0.054054000937041664,-0.2789416623272045,2021-06-14 07:00:00,2023-06-14 07:00:00,2023-06-14 07:00:00,730,1,-0.35941423956503044,0.35941423956503044,"{'regressor__model__alpha': 0.0001, 'regressor__model__hidden_layer_sizes': (64, 32), 'regressor__model__learning_rate_init': 0.0001}"
2023-06-14 07:00:00,Naive,7,-0.054054000937041664,-0.24217374078165227,2021-06-14 07:00:00,2023-06-14 07:00:00,2023-06-14 07:00:00,730,1,,,not_applicable
2023-06-15 07:00:00,Decision Tree,7,0.28320893280515325,0.17102044800136085,2021-06-15 07:00:00,2023-06-15 07:00:00,2023-06-15 07:00:00,730,1,-0.42290985504429074,0.42290985504429074,"{'max_depth': None, 'min_samples_leaf': 1, 'min_samples_split': 20}"
2023-06-15 07:00:00,ARX,7,0.28320893280515325,0.07181982930675668,2021-06-15 07:00:00,2023-06-15 07:00:00,2023-06-15 07:00:00,730,1,-0.3032104293734177,0.3032104293734177,{'model__alpha': 0.01}
2023-06-15 07:00:00,Random Forest,7,0.28320893280515325,-0.048547602685049276,2021-06-15 07:00:00,2023-06-15 07:00:00,2023-06-15 07:00:00,730,1,-0.28640559026943707,0.28640559026943707,"{'max_depth': 10, 'max_features': 0.5, 'min_samples_leaf': 2, 'n_estimators': 100}"
2023-06-15 07:00:00,Neural Network,7,0.28320893280515325,-0.12751932740986005,2021-06-15 07:00:00,2023-06-15 07:00:00,2023-06-15 07:00:00,730,1,-0.35941423956503044,0.35941423956503044,"{'regressor__model__alpha': 0.0001, 'regressor__model__hidden_layer_sizes': (64, 32), 'regressor__model__learning_rate_init': 0.0001}"
2023-06-15 07:00:00,Naive,7,0.28320893280515325,-0.054054000937041664,2021-06-15 07:00:00,2023-06-15 07:00:00,2023-06-15 07:00:00,730,1,,,not_applicable
2023-06-16 07:00:00,Decision Tree,7,0.1449123769890482,0.11536433208125774,2021-06-16 07:00:00,2023-06-16 07:00:00,2023-06-16 07:00:00,730,1,-0.42290985504429074,0.42290985504429074,"{'max_depth': None, 'min_samples_leaf': 1, 'min_samples_split': 20}"
2023-06-16 07:00:00,ARX,7,0.1449123769890482,0.17536437377980518,2021-06-16 07:00:00,2023-06-16 07:00:00,2023-06-16 07:00:00,730,1,-0.3032104293734177,0.3032104293734177,{'model__alpha': 0.01}
2023-06-16 07:00:00,Random Forest,7,0.1449123769890482,0.1550737038577451,2021-06-16 07:00:00,2023-06-16 07:00:00,2023-06-16 07:00:00,730,1,-0.28640559026943707,0.28640559026943707,"{'max_depth': 10, 'max_features': 0.5, 'min_samples_leaf': 2, 'n_estimators': 100}"
2023-06-16 07:00:00,Neural Network,7,0.1449123769890482,0.0314658773744938,2021-06-16 07:00:00,2023-06-16 07:00:00,2023-06-16 07:00:00,730,1,-0.35941423956503044,0.35941423956503044,"{'regressor__model__alpha': 0.0001, 'regressor__model__hidden_layer_sizes': (64, 32), 'regressor__model__learning_rate_init': 0.0001}"
2023-06-16 07:00:00,Naive,7,0.1449123769890482,0.28320893280515325,2021-06-16 07:00:00,2023-06-16 07:00:00,2023-06-16 07:00:00,730,1,,,not_applicable
2023-06-17 07:00:00,Decision Tree,7,-0.37099312416095787,-0.8003160397791205,2021-06-17 07:00:00,2023-06-17 07:00:00,2023-06-17 07:00:00,730,1,-0.42290985504429074,0.42290985504429074,"{'max_depth': None, 'min_samples_leaf': 1, 'min_samples_split': 20}"
2023-06-17 07:00:00,ARX,7,-0.37099312416095787,-0.21818406532405743,2021-06-17 07:00:00,2023-06-17 07:00:00,2023-06-17 07:00:00,730,1,-0.3032104293734177,0.3032104293734177,{'model__alpha': 0.01}
2023-06-17 07:00:00,Random Forest,7,-0.37099312416095787,-0.35540917492311963,2021-06-17 07:00:00,2023-06-17 07:00:00,2023-06-17 07:00:00,730,1,-0.28640559026943707,0.28640559026943707,"{'max_depth': 10, 'max_features': 0.5, 'min_samples_leaf': 2, 'n_estimators': 100}"
2023-06-17 07:00:00,Neural Network,7,-0.37099312416095787,-0.22956667572693124,2021-06-17 07:00:00,2023-06-17 07:00:00,2023-06-17 07:00:00,730,1,-0.35941423956503044,0.35941423956503044,"{'regressor__model__alpha': 0.0001, 'regressor__model__hidden_layer_sizes': (64, 32), 'regressor__model__learning_rate_init': 0.0001}"
2023-06-17 07:00:00,Naive,7,-0.37099312416095787,0.1449123769890482,2021-06-17 07:00:00,2023-06-17 07:00:00,2023-06-17 07:00:00,730,1,,,not_applicable
2023-06-18 07:00:00,Decision Tree,7,-0.5373666654042164,-0.769650117234966,2021-06-18 07:00:00,2023-06-18 07:00:00,2023-06-18 07:00:00,730,1,-0.42290985504429074,0.42290985504429074,"{'max_depth': None, 'min_samples_leaf': 1, 'min_samples_split': 20}"
2023-06-18 07:00:00,ARX,7,-0.5373666654042164,-0.41115234887071295,2021-06-18 07:00:00,2023-06-18 07:00:00,2023-06-18 07:00:00,730,1,-0.3032104293734177,0.3032104293734177,{'model__alpha': 0.01}
2023-06-18 07:00:00,Random Forest,7,-0.5373666654042164,-0.4358003072584254,2021-06-18 07:00:00,2023-06-18 07:00:00,2023-06-18 07:00:00,730,1,-0.28640559026943707,0.28640559026943707,"{'max_depth': 10, 'max_features': 0.5, 'min_samples_leaf': 2, 'n_estimators': 100}"
2023-06-18 07:00:00,Neural Network,7,-0.5373666654042164,-0.45784363796488625,2021-06-18 07:00:00,2023-06-18 07:00:00,2023-06-18 07:00:00,730,1,-0.35941423956503044,0.35941423956503044,"{'regressor__model__alpha': 0.0001, 'regressor__model__hidden_layer_sizes': (64, 32), 'regressor__model__learning_rate_init': 0.0001}"
2023-06-18 07:00:00,Naive,7,-0.5373666654042164,-0.37099312416095787,2021-06-18 07:00:00,2023-06-18 07:00:00,2023-06-18 07:00:00,730,1,,,not_applicable
2023-06-19 07:00:00,Decision Tree,7,-0.0811045347472385,-0.3104484810241198,2021-06-19 07:00:00,2023-06-19 07:00:00,2023-06-19 07:00:00,730,1,-0.42290985504429074,0.42290985504429074,"{'max_depth': None, 'min_samples_leaf': 1, 'min_samples_split': 20}"
2023-06-19 07:00:00,ARX,7,-0.0811045347472385,0.2133779621448102,2021-06-19 07:00:00,2023-06-19 07:00:00,2023-06-19 07:00:00,730,1,-0.3032104293734177,0.3032104293734177,{'model__alpha': 0.01}
2023-06-19 07:00:00,Random Forest,7,-0.0811045347472385,-0.16752164472449976,2021-06-19 07:00:00,2023-06-19 07:00:00,2023-06-19 07:00:00,730,1,-0.28640559026943707,0.28640559026943707,"{'max_depth': 10, 'max_features': 0.5, 'min_samples_leaf': 2, 'n_estimators': 100}"
2023-06-19 07:00:00,Neural Network,7,-0.0811045347472385,0.12606273968325987,2021-06-19 07:00:00,2023-06-19 07:00:00,2023-06-19 07:00:00,730,1,-0.35941423956503044,0.35941423956503044,"{'regressor__model__alpha': 0.0001, 'regressor__model__hidden_layer_sizes': (64, 32), 'regressor__model__learning_rate_init': 0.0001}"
2023-06-19 07:00:00,Naive,7,-0.0811045347472385,-0.5373666654042164,2021-06-19 07:00:00,2023-06-19 07:00:00,2023-06-19 07:00:00,730,1,,,not_applicable
2023-06-20 07:00:00,Decision Tree,7,0.04696675898898114,-0.013000827251763417,2021-06-20 07:00:00,2023-06-20 07:00:00,2023-06-20 07:00:00,730,1,-0.42290985504429074,0.42290985504429074,"{'max_depth': None, 'min_samples_leaf': 1, 'min_samples_split': 20}"
2023-06-20 07:00:00,ARX,7,0.04696675898898114,0.3935108705378012,2021-06-20 07:00:00,2023-06-20 07:00:00,2023-06-20 07:00:00,730,1,-0.3032104293734177,0.3032104293734177,{'model__alpha': 0.01}
2023-06-20 07:00:00,Random Forest,7,0.04696675898898114,0.16712072290552105,2021-06-20 07:00:00,2023-06-20 07:00:00,2023-06-20 07:00:00,730,1,-0.28640559026943707,0.28640559026943707,"{'max_depth': 10, 'max_features': 0.5, 'min_samples_leaf': 2, 'n_estimators': 100}"
2023-06-20 07:00:00,Neural Network,7,0.04696675898898114,0.4164061003895231,2021-06-20 07:00:00,2023-06-20 07:00:00,2023-06-20 07:00:00,730,1,-0.35941423956503044,0.35941423956503044,"{'regressor__model__alpha': 0.0001, 'regressor__model__hidden_layer_sizes': (64, 32), 'regressor__model__learning_rate_init': 0.0001}"
2023-06-20 07:00:00,Naive,7,0.04696675898898114,-0.0811045347472385,2021-06-20 07:00:00,2023-06-20 07:00:00,2023-06-20 07:00:00,730,1,,,not_applicable
2023-06-21 07:00:00,Decision Tree,7,-0.04224731622666978,0.12657508331748407,2021-06-21 07:00:00,2023-06-21 07:00:00,2023-06-21 07:00:00,730,1,-0.42290985504429074,0.42290985504429074,"{'max_depth': None, 'min_samples_leaf': 1, 'min_samples_split': 20}"
2023-06-21 07:00:00,ARX,7,-0.04224731622666978,0.25535788358151357,2021-06-21 07:00:00,2023-06-21 07:00:00,2023-06-21 07:00:00,730,1,-0.3032104293734177,0.3032104293734177,{'model__alpha': 0.01}
2023-06-21 07:00:00,Random Forest,7,-0.04224731622666978,0.007668362464927139,2021-06-21 07:00:00,2023-06-21 07:00:00,2023-06-21 07:00:00,730,1,-0.28640559026943707,0.28640559026943707,"{'max_depth': 10, 'max_features': 0.5, 'min_samples_leaf': 2, 'n_estimators': 100}"
2023-06-21 07:00:00,Neural Network,7,-0.04224731622666978,0.23425394354261875,2021-06-21 07:00:00,2023-06-21 07:00:00,2023-06-21 07:00:00,730,1,-0.35941423956503044,0.35941423956503044,"{'regressor__model__alpha': 0.0001, 'regressor__model__hidden_layer_sizes': (64, 32), 'regressor__model__learning_rate_init': 0.0001}"
2023-06-21 07:00:00,Naive,7,-0.04224731622666978,0.04696675898898114,2021-06-21 07:00:00,2023-06-21 07:00:00,2023-06-21 07:00:00,730,1,,,not_applicable
2023-06-22 07:00:00,Decision Tree,7,0.12998531783654552,0.10781703892368921,2021-06-22 07:00:00,2023-06-22 07:00:00,2023-06-22 07:00:00,730,1,-0.42290985504429074,0.42290985504429074,"{'max_depth': None, 'min_samples_leaf': 1, 'min_samples_split': 20}"
2023-06-22 07:00:00,ARX,7,0.12998531783654552,0.4605458683776409,2021-06-22 07:00:00,2023-06-22 07:00:00,2023-06-22 07:00:00,730,1,-0.3032104293734177,0.3032104293734177,{'model__alpha': 0.01}
2023-06-22 07:00:00,Random Forest,7,0.12998531783654552,0.16851693244005286,2021-06-22 07:00:00,2023-06-22 07:00:00,2023-06-22 07:00:00,730,1,-0.28640559026943707,0.28640559026943707,"{'max_depth': 10, 'max_features': 0.5, 'min_samples_leaf': 2, 'n_estimators': 100}"
2023-06-22 07:00:00,Neural Network,7,0.12998531783654552,0.612921218074561,2021-06-22 07:00:00,2023-06-22 07:00:00,2023-06-22 07:00:00,730,1,-0.35941423956503044,0.35941423956503044,"{'regressor__model__alpha': 0.0001, 'regressor__model__hidden_layer_sizes': (64, 32), 'regressor__model__learning_rate_init': 0.0001}"
2023-06-22 07:00:00,Naive,7,0.12998531783654552,-0.04224731622666978,2021-06-22 07:00:00,2023-06-22 07:00:00,2023-06-22 07:00:00,730,1,,,not_applicable
2023-06-23 07:00:00,Decision Tree,7,-0.14417372769456793,-0.11457190415043193,2021-06-23 07:00:00,2023-06-23 07:00:00,2023-06-23 07:00:00,730,1,-0.42290985504429074,0.42290985504429074,"{'max_depth': None, 'min_samples_leaf': 1, 'min_samples_split': 20}"
2023-06-23 07:00:00,ARX,7,-0.14417372769456793,0.03663204089287175,2021-06-23 07:00:00,2023-06-23 07:00:00,2023-06-23 07:00:00,730,1,-0.3032104293734177,0.3032104293734177,{'model__alpha': 0.01}
2023-06-23 07:00:00,Random Forest,7,-0.14417372769456793,-0.10064737720481753,2021-06-23 07:00:00,2023-06-23 07:00:00,2023-06-23 07:00:00,730,1,-0.28640559026943707,0.28640559026943707,"{'max_depth': 10, 'max_features': 0.5, 'min_samples_leaf': 2, 'n_estimators': 100}"
2023-06-23 07:00:00,Neural Network,7,-0.14417372769456793,-0.08452616328510354,2021-06-23 07:00:00,2023-06-23 07:00:00,2023-06-23 07:00:00,730,1,-0.35941423956503044,0.35941423956503044,"{'regressor__model__alpha': 0.0001, 'regressor__model__hidden_layer_sizes': (64, 32), 'regressor__model__learning_rate_init': 0.0001}"
2023-06-23 07:00:00,Naive,7,-0.14417372769456793,0.12998531783654552,2021-06-23 07:00:00,2023-06-23 07:00:00,2023-06-23 07:00:00,730,1,,,not_applicable
2023-06-24 07:00:00,Decision Tree,7,-0.5403675473455023,-0.5323855983842682,2021-06-24 07:00:00,2023-06-24 07:00:00,2023-06-24 07:00:00,730,1,-0.42290985504429074,0.42290985504429074,"{'max_depth': None, 'min_samples_leaf': 1, 'min_samples_split': 20}"
2023-06-24 07:00:00,ARX,7,-0.5403675473455023,-0.2880315503169424,2021-06-24 07:00:00,2023-06-24 07:00:00,2023-06-24 07:00:00,730,1,-0.3032104293734177,0.3032104293734177,{'model__alpha': 0.01}
2023-06-24 07:00:00,Random Forest,7,-0.5403675473455023,-0.4381678755363459,2021-06-24 07:00:00,2023-06-24 07:00:00,2023-06-24 07:00:00,730,1,-0.28640559026943707,0.28640559026943707,"{'max_depth': 10, 'max_features': 0.5, 'min_samples_leaf': 2, 'n_estimators': 100}"
2023-06-24 07:00:00,Neural Network,7,-0.5403675473455023,-0.11258815836297287,2021-06-24 07:00:00,2023-06-24 07:00:00,2023-06-24 07:00:00,730,1,-0.35941423956503044,0.35941423956503044,"{'regressor__model__alpha': 0.0001, 'regressor__model__hidden_layer_sizes': (64, 32), 'regressor__model__learning_rate_init': 0.0001}"
2023-06-24 07:00:00,Naive,7,-0.5403675473455023,-0.14417372769456793,2021-06-24 07:00:00,2023-06-24 07:00:00,2023-06-24 07:00:00,730,1,,,not_applicable
2023-06-25 07:00:00,Decision Tree,7,-0.6660045030793783,-0.4752109378728421,2021-06-25 07:00:00,2023-06-25 07:00:00,2023-06-25 07:00:00,730,1,-0.42290985504429074,0.42290985504429074,"{'max_depth': None, 'min_samples_leaf': 1, 'min_samples_split': 20}"
2023-06-25 07:00:00,ARX,7,-0.6660045030793783,-0.6197719312502485,2021-06-25 07:00:00,2023-06-25 07:00:00,2023-06-25 07:00:00,730,1,-0.3032104293734177,0.3032104293734177,{'model__alpha': 0.01}
2023-06-25 07:00:00,Random Forest,7,-0.6660045030793783,-0.5801705874880723,2021-06-25 07:00:00,2023-06-25 07:00:00,2023-06-25 07:00:00,730,1,-0.28640559026943707,0.28640559026943707,"{'max_depth': 10, 'max_features': 0.5, 'min_samples_leaf': 2, 'n_estimators': 100}"
2023-06-25 07:00:00,Neural Network,7,-0.6660045030793783,-0.5752349420962417,2021-06-25 07:00:00,2023-06-25 07:00:00,2023-06-25 07:00:00,730,1,-0.35941423956503044,0.35941423956503044,"{'regressor__model__alpha': 0.0001, 'regressor__model__hidden_layer_sizes': (64, 32), 'regressor__model__learning_rate_init': 0.0001}"
2023-06-25 07:00:00,Naive,7,-0.6660045030793783,-0.5403675473455023,2021-06-25 07:00:00,2023-06-25 07:00:00,2023-06-25 07:00:00,730,1,,,not_applicable
2023-06-26 07:00:00,Decision Tree,7,-0.10921882663033096,-0.15225803084985812,2021-06-26 07:00:00,2023-06-26 07:00:00,2023-06-26 07:00:00,730,1,-0.42290985504429074,0.42290985504429074,"{'max_depth': None, 'min_samples_leaf': 1, 'min_samples_split': 20}"
2023-06-26 07:00:00,ARX,7,-0.10921882663033096,0.15842910815161493,2021-06-26 07:00:00,2023-06-26 07:00:00,2023-06-26 07:00:00,730,1,-0.3032104293734177,0.3032104293734177,{'model__alpha': 0.01}
2023-06-26 07:00:00,Random Forest,7,-0.10921882663033096,-0.29438618277131945,2021-06-26 07:00:00,2023-06-26 07:00:00,2023-06-26 07:00:00,730,1,-0.28640559026943707,0.28640559026943707,"{'max_depth': 10, 'max_features': 0.5, 'min_samples_leaf': 2, 'n_estimators': 100}"
2023-06-26 07:00:00,Neural Network,7,-0.10921882663033096,0.23583606559234171,2021-06-26 07:00:00,2023-06-26 07:00:00,2023-06-26 07:00:00,730,1,-0.35941423956503044,0.35941423956503044,"{'regressor__model__alpha': 0.0001, 'regressor__model__hidden_layer_sizes': (64, 32), 'regressor__model__learning_rate_init': 0.0001}"
2023-06-26 07:00:00,Naive,7,-0.10921882663033096,-0.6660045030793783,2021-06-26 07:00:00,2023-06-26 07:00:00,2023-06-26 07:00:00,730,1,,,not_applicable
2023-06-27 07:00:00,Decision Tree,7,-0.1327541502555043,-0.2473794852181005,2021-06-27 07:00:00,2023-06-27 07:00:00,2023-06-27 07:00:00,730,1,-0.42290985504429074,0.42290985504429074,"{'max_depth': None, 'min_samples_leaf': 1, 'min_samples_split': 20}"
2023-06-27 07:00:00,ARX,7,-0.1327541502555043,0.09115617086067984,2021-06-27 07:00:00,2023-06-27 07:00:00,2023-06-27 07:00:00,730,1,-0.3032104293734177,0.3032104293734177,{'model__alpha': 0.01}
2023-06-27 07:00:00,Random Forest,7,-0.1327541502555043,-0.3067305851636931,2021-06-27 07:00:00,2023-06-27 07:00:00,2023-06-27 07:00:00,730,1,-0.28640559026943707,0.28640559026943707,"{'max_depth': 10, 'max_features': 0.5, 'min_samples_leaf': 2, 'n_estimators': 100}"
2023-06-27 07:00:00,Neural Network,7,-0.1327541502555043,0.10754122041643877,2021-06-27 07:00:00,2023-06-27 07:00:00,2023-06-27 07:00:00,730,1,-0.35941423956503044,0.35941423956503044,"{'regressor__model__alpha': 0.0001, 'regressor__model__hidden_layer_sizes': (64, 32), 'regressor__model__learning_rate_init': 0.0001}"
2023-06-27 07:00:00,Naive,7,-0.1327541502555043,-0.10921882663033096,2021-06-27 07:00:00,2023-06-27 07:00:00,2023-06-27 07:00:00,730,1,,,not_applicable
2023-06-28 07:00:00,Decision Tree,7,-0.1155804526725711,-0.11612989486328121,2021-06-28 07:00:00,2023-06-28 07:00:00,2023-06-28 07:00:00,730,1,-0.42290985504429074,0.42290985504429074,"{'max_depth': None, 'min_samples_leaf': 1, 'min_samples_split': 20}"
2023-06-28 07:00:00,ARX,7,-0.1155804526725711,0.09678658009239749,2021-06-28 07:00:00,2023-06-28 07:00:00,2023-06-28 07:00:00,730,1,-0.3032104293734177,0.3032104293734177,{'model__alpha': 0.01}
2023-06-28 07:00:00,Random Forest,7,-0.1155804526725711,-0.1040855519428388,2021-06-28 07:00:00,2023-06-28 07:00:00,2023-06-28 07:00:00,730,1,-0.28640559026943707,0.28640559026943707,"{'max_depth': 10, 'max_features': 0.5, 'min_samples_leaf': 2, 'n_estimators': 100}"
2023-06-28 07:00:00,Neural Network,7,-0.1155804526725711,0.12218190621950109,2021-06-28 07:00:00,2023-06-28 07:00:00,2023-06-28 07:00:00,730,1,-0.35941423956503044,0.35941423956503044,"{'regressor__model__alpha': 0.0001, 'regressor__model__hidden_layer_sizes': (64, 32), 'regressor__model__learning_rate_init': 0.0001}"
2023-06-28 07:00:00,Naive,7,-0.1155804526725711,-0.1327541502555043,2021-06-28 07:00:00,2023-06-28 07:00:00,2023-06-28 07:00:00,730,1,,,not_applicable
2023-06-29 07:00:00,Decision Tree,7,-0.1273461715634486,0.11003386681497485,2021-06-29 07:00:00,2023-06-29 07:00:00,2023-06-29 07:00:00,730,1,-0.42290985504429074,0.42290985504429074,"{'max_depth': None, 'min_samples_leaf': 1, 'min_samples_split': 20}"
2023-06-29 07:00:00,ARX,7,-0.1273461715634486,0.110179699428395,2021-06-29 07:00:00,2023-06-29 07:00:00,2023-06-29 07:00:00,730,1,-0.3032104293734177,0.3032104293734177,{'model__alpha': 0.01}
2023-06-29 07:00:00,Random Forest,7,-0.1273461715634486,0.0007442266657256081,2021-06-29 07:00:00,2023-06-29 07:00:00,2023-06-29 07:00:00,730,1,-0.28640559026943707,0.28640559026943707,"{'max_depth': 10, 'max_features': 0.5, 'min_samples_leaf': 2, 'n_estimators': 100}"
2023-06-29 07:00:00,Neural Network,7,-0.1273461715634486,0.18150423292454354,2021-06-29 07:00:00,2023-06-29 07:00:00,2023-06-29 07:00:00,730,1,-0.35941423956503044,0.35941423956503044,"{'regressor__model__alpha': 0.0001, 'regressor__model__hidden_layer_sizes': (64, 32), 'regressor__model__learning_rate_init': 0.0001}"
2023-06-29 07:00:00,Naive,7,-0.1273461715634486,-0.1155804526725711,2021-06-29 07:00:00,2023-06-29 07:00:00,2023-06-29 07:00:00,730,1,,,not_applicable
2023-06-30 07:00:00,Decision Tree,7,-0.030793006680569862,0.08845386332602725,2021-06-30 07:00:00,2023-06-30 07:00:00,2023-06-30 07:00:00,730,1,-0.42290985504429074,0.42290985504429074,"{'max_depth': None, 'min_samples_leaf': 1, 'min_samples_split': 20}"
2023-06-30 07:00:00,ARX,7,-0.030793006680569862,0.14754546815435043,2021-06-30 07:00:00,2023-06-30 07:00:00,2023-06-30 07:00:00,730,1,-0.3032104293734177,0.3032104293734177,{'model__alpha': 0.01}
2023-06-30 07:00:00,Random Forest,7,-0.030793006680569862,-0.03350585458848191,2021-06-30 07:00:00,2023-06-30 07:00:00,2023-06-30 07:00:00,730,1,-0.28640559026943707,0.28640559026943707,"{'max_depth': 10, 'max_features': 0.5, 'min_samples_leaf': 2, 'n_estimators': 100}"
2023-06-30 07:00:00,Neural Network,7,-0.030793006680569862,0.15845799057131726,2021-06-30 07:00:00,2023-06-30 07:00:00,2023-06-30 07:00:00,730,1,-0.35941423956503044,0.35941423956503044,"{'regressor__model__alpha': 0.0001, 'regressor__model__hidden_layer_sizes': (64, 32), 'regressor__model__learning_rate_init': 0.0001}"
2023-06-30 07:00:00,Naive,7,-0.030793006680569862,-0.1273461715634486,2021-06-30 07:00:00,2023-06-30 07:00:00,2023-06-30 07:00:00,730,1,,,not_applicable
2023-07-01 07:00:00,Decision Tree,7,-0.6077718467952764,-0.7541645537795827,2021-07-01 07:00:00,2023-07-01 07:00:00,2023-07-01 07:00:00,730,1,-0.42290985504429074,0.42290985504429074,"{'max_depth': None, 'min_samples_leaf': 1, 'min_samples_split': 20}"
2023-07-01 07:00:00,ARX,7,-0.6077718467952764,-0.6548989578570612,2021-07-01 07:00:00,2023-07-01 07:00:00,2023-07-01 07:00:00,730,1,-0.3032104293734177,0.3032104293734177,{'model__alpha': 0.01}
2023-07-01 07:00:00,Random Forest,7,-0.6077718467952764,-0.5207761461899928,2021-07-01 07:00:00,2023-07-01 07:00:00,2023-07-01 07:00:00,730,1,-0.28640559026943707,0.28640559026943707,"{'max_depth': 10, 'max_features': 0.5, 'min_samples_leaf': 2, 'n_estimators': 100}"
2023-07-01 07:00:00,Neural Network,7,-0.6077718467952764,-0.5261339893687695,2021-07-01 07:00:00,2023-07-01 07:00:00,2023-07-01 07:00:00,730,1,-0.35941423956503044,0.35941423956503044,"{'regressor__model__alpha': 0.0001, 'regressor__model__hidden_layer_sizes': (64, 32), 'regressor__model__learning_rate_init': 0.0001}"
2023-07-01 07:00:00,Naive,7,-0.6077718467952764,-0.030793006680569862,2021-07-01 07:00:00,2023-07-01 07:00:00,2023-07-01 07:00:00,730,1,,,not_applicable
2023-07-02 07:00:00,Decision Tree,7,-1.2713330476909093,-0.7450150095930634,2021-07-02 07:00:00,2023-07-02 07:00:00,2023-07-02 07:00:00,730,1,-0.42290985504429074,0.42290985504429074,"{'max_depth': None, 'min_samples_leaf': 1, 'min_samples_split': 20}"
2023-07-02 07:00:00,ARX,7,-1.2713330476909093,-1.1339817015712517,2021-07-02 07:00:00,2023-07-02 07:00:00,2023-07-02 07:00:00,730,1,-0.3032104293734177,0.3032104293734177,{'model__alpha': 0.01}
2023-07-02 07:00:00,Random Forest,7,-1.2713330476909093,-0.692295418901024,2021-07-02 07:00:00,2023-07-02 07:00:00,2023-07-02 07:00:00,730,1,-0.28640559026943707,0.28640559026943707,"{'max_depth': 10, 'max_features': 0.5, 'min_samples_leaf': 2, 'n_estimators': 100}"
2023-07-02 07:00:00,Neural Network,7,-1.2713330476909093,-1.0089350477081138,2021-07-02 07:00:00,2023-07-02 07:00:00,2023-07-02 07:00:00,730,1,-0.35941423956503044,0.35941423956503044,"{'regressor__model__alpha': 0.0001, 'regressor__model__hidden_layer_sizes': (64, 32), 'regressor__model__learning_rate_init': 0.0001}"
2023-07-02 07:00:00,Naive,7,-1.2713330476909093,-0.6077718467952764,2021-07-02 07:00:00,2023-07-02 07:00:00,2023-07-02 07:00:00,730,1,,,not_applicable
2023-07-03 07:00:00,Decision Tree,7,-0.3481646652740825,-0.40652746048776894,2021-07-03 07:00:00,2023-07-03 07:00:00,2023-07-03 07:00:00,730,1,-0.42290985504429074,0.42290985504429074,"{'max_depth': None, 'min_samples_leaf': 1, 'min_samples_split': 20}"
2023-07-03 07:00:00,ARX,7,-0.3481646652740825,-0.46569225259834846,2021-07-03 07:00:00,2023-07-03 07:00:00,2023-07-03 07:00:00,730,1,-0.3032104293734177,0.3032104293734177,{'model__alpha': 0.01}
2023-07-03 07:00:00,Random Forest,7,-0.3481646652740825,-0.4414517709374081,2021-07-03 07:00:00,2023-07-03 07:00:00,2023-07-03 07:00:00,730,1,-0.28640559026943707,0.28640559026943707,"{'max_depth': 10, 'max_features': 0.5, 'min_samples_leaf': 2, 'n_estimators': 100}"
2023-07-03 07:00:00,Neural Network,7,-0.3481646652740825,-0.6605757703962836,2021-07-03 07:00:00,2023-07-03 07:00:00,2023-07-03 07:00:00,730,1,-0.35941423956503044,0.35941423956503044,"{'regressor__model__alpha': 0.0001, 'regressor__model__hidden_layer_sizes': (64, 32), 'regressor__model__learning_rate_init': 0.0001}"
2023-07-03 07:00:00,Naive,7,-0.3481646652740825,-1.2713330476909093,2021-07-03 07:00:00,2023-07-03 07:00:00,2023-07-03 07:00:00,730,1,,,not_applicable
2023-07-04 07:00:00,Decision Tree,7,-0.24778374707427694,-0.8389115867971284,2021-07-04 07:00:00,2023-07-04 07:00:00,2023-07-04 07:00:00,730,1,-0.42290985504429074,0.42290985504429074,"{'max_depth': None, 'min_samples_leaf': 1, 'min_samples_split': 20}"
2023-07-04 07:00:00,ARX,7,-0.24778374707427694,-0.3834545328055612,2021-07-04 07:00:00,2023-07-04 07:00:00,2023-07-04 07:00:00,730,1,-0.3032104293734177,0.3032104293734177,{'model__alpha': 0.01}
2023-07-04 07:00:00,Random Forest,7,-0.24778374707427694,-0.4317855107372408,2021-07-04 07:00:00,2023-07-04 07:00:00,2023-07-04 07:00:00,730,1,-0.28640559026943707,0.28640559026943707,"{'max_depth': 10, 'max_features': 0.5, 'min_samples_leaf': 2, 'n_estimators': 100}"
2023-07-04 07:00:00,Neural Network,7,-0.24778374707427694,-0.4983448575282947,2021-07-04 07:00:00,2023-07-04 07:00:00,2023-07-04 07:00:00,730,1,-0.35941423956503044,0.35941423956503044,"{'regressor__model__alpha': 0.0001, 'regressor__model__hidden_layer_sizes': (64, 32), 'regressor__model__learning_rate_init': 0.0001}"
2023-07-04 07:00:00,Naive,7,-0.24778374707427694,-0.3481646652740825,2021-07-04 07:00:00,2023-07-04 07:00:00,2023-07-04 07:00:00,730,1,,,not_applicable
2023-07-05 07:00:00,Decision Tree,7,-0.5410848883356199,-0.4871355356982506,2021-07-05 07:00:00,2023-07-05 07:00:00,2023-07-05 07:00:00,730,1,-0.42290985504429074,0.42290985504429074,"{'max_depth': None, 'min_samples_leaf': 1, 'min_samples_split': 20}"
2023-07-05 07:00:00,ARX,7,-0.5410848883356199,-0.44733890605528104,2021-07-05 07:00:00,2023-07-05 07:00:00,2023-07-05 07:00:00,730,1,-0.3032104293734177,0.3032104293734177,{'model__alpha': 0.01}
2023-07-05 07:00:00,Random Forest,7,-0.5410848883356199,-0.470864809010638,2021-07-05 07:00:00,2023-07-05 07:00:00,2023-07-05 07:00:00,730,1,-0.28640559026943707,0.28640559026943707,"{'max_depth': 10, 'max_features': 0.5, 'min_samples_leaf': 2, 'n_estimators': 100}"
2023-07-05 07:00:00,Neural Network,7,-0.5410848883356199,-0.2948128718446441,2021-07-05 07:00:00,2023-07-05 07:00:00,2023-07-05 07:00:00,730,1,-0.35941423956503044,0.35941423956503044,"{'regressor__model__alpha': 0.0001, 'regressor__model__hidden_layer_sizes': (64, 32), 'regressor__model__learning_rate_init': 0.0001}"
2023-07-05 07:00:00,Naive,7,-0.5410848883356199,-0.24778374707427694,2021-07-05 07:00:00,2023-07-05 07:00:00,2023-07-05 07:00:00,730,1,,,not_applicable
2023-07-06 07:00:00,Decision Tree,7,-0.17720147101449513,-0.27391102047127686,2021-07-06 07:00:00,2023-07-06 07:00:00,2023-07-06 07:00:00,730,1,-0.42290985504429074,0.42290985504429074,"{'max_depth': None, 'min_samples_leaf': 1, 'min_samples_split': 20}"
2023-07-06 07:00:00,ARX,7,-0.17720147101449513,-0.1487478444293302,2021-07-06 07:00:00,2023-07-06 07:00:00,2023-07-06 07:00:00,730,1,-0.3032104293734177,0.3032104293734177,{'model__alpha': 0.01}
2023-07-06 07:00:00,Random Forest,7,-0.17720147101449513,-0.26872063114208955,2021-07-06 07:00:00,2023-07-06 07:00:00,2023-07-06 07:00:00,730,1,-0.28640559026943707,0.28640559026943707,"{'max_depth': 10, 'max_features': 0.5, 'min_samples_leaf': 2, 'n_estimators': 100}"
2023-07-06 07:00:00,Neural Network,7,-0.17720147101449513,-0.3849256751786412,2021-07-06 07:00:00,2023-07-06 07:00:00,2023-07-06 07:00:00,730,1,-0.35941423956503044,0.35941423956503044,"{'regressor__model__alpha': 0.0001, 'regressor__model__hidden_layer_sizes': (64, 32), 'regressor__model__learning_rate_init': 0.0001}"
2023-07-06 07:00:00,Naive,7,-0.17720147101449513,-0.5410848883356199,2021-07-06 07:00:00,2023-07-06 07:00:00,2023-07-06 07:00:00,730,1,,,not_applicable
2023-07-07 07:00:00,Decision Tree,7,-0.230780410991606,-0.20654954118370522,2021-07-07 07:00:00,2023-07-07 07:00:00,2023-07-07 07:00:00,730,1,-0.42290985504429074,0.42290985504429074,"{'max_depth': None, 'min_samples_leaf': 1, 'min_samples_split': 20}"
2023-07-07 07:00:00,ARX,7,-0.230780410991606,0.04362194426661703,2021-07-07 07:00:00,2023-07-07 07:00:00,2023-07-07 07:00:00,730,1,-0.3032104293734177,0.3032104293734177,{'model__alpha': 0.01}
2023-07-07 07:00:00,Random Forest,7,-0.230780410991606,-0.1754057448722283,2021-07-07 07:00:00,2023-07-07 07:00:00,2023-07-07 07:00:00,730,1,-0.28640559026943707,0.28640559026943707,"{'max_depth': 10, 'max_features': 0.5, 'min_samples_leaf': 2, 'n_estimators': 100}"
2023-07-07 07:00:00,Neural Network,7,-0.230780410991606,-0.1305444811994323,2021-07-07 07:00:00,2023-07-07 07:00:00,2023-07-07 07:00:00,730,1,-0.35941423956503044,0.35941423956503044,"{'regressor__model__alpha': 0.0001, 'regressor__model__hidden_layer_sizes': (64, 32), 'regressor__model__learning_rate_init': 0.0001}"
2023-07-07 07:00:00,Naive,7,-0.230780410991606,-0.17720147101449513,2021-07-07 07:00:00,2023-07-07 07:00:00,2023-07-07 07:00:00,730,1,,,not_applicable
2023-07-08 07:00:00,Decision Tree,7,-0.6154516008259392,-0.7759748941870543,2021-07-08 07:00:00,2023-07-08 07:00:00,2023-07-08 07:00:00,730,1,-0.42290985504429074,0.42290985504429074,"{'max_depth': None, 'min_samples_leaf': 1, 'min_samples_split': 20}"
2023-07-08 07:00:00,ARX,7,-0.6154516008259392,-0.7444506752769531,2021-07-08 07:00:00,2023-07-08 07:00:00,2023-07-08 07:00:00,730,1,-0.3032104293734177,0.3032104293734177,{'model__alpha': 0.01}
2023-07-08 07:00:00,Random Forest,7,-0.6154516008259392,-0.6028271278622542,2021-07-08 07:00:00,2023-07-08 07:00:00,2023-07-08 07:00:00,730,1,-0.28640559026943707,0.28640559026943707,"{'max_depth': 10, 'max_features': 0.5, 'min_samples_leaf': 2, 'n_estimators': 100}"
2023-07-08 07:00:00,Neural Network,7,-0.6154516008259392,-0.5523094061948077,2021-07-08 07:00:00,2023-07-08 07:00:00,2023-07-08 07:00:00,730,1,-0.35941423956503044,0.35941423956503044,"{'regressor__model__alpha': 0.0001, 'regressor__model__hidden_layer_sizes': (64, 32), 'regressor__model__learning_rate_init': 0.0001}"
2023-07-08 07:00:00,Naive,7,-0.6154516008259392,-0.230780410991606,2021-07-08 07:00:00,2023-07-08 07:00:00,2023-07-08 07:00:00,730,1,,,not_applicable
2023-07-09 07:00:00,Decision Tree,7,-0.5562977216937022,-0.7670569334447701,2021-07-09 07:00:00,2023-07-09 07:00:00,2023-07-09 07:00:00,730,1,-0.42290985504429074,0.42290985504429074,"{'max_depth': None, 'min_samples_leaf': 1, 'min_samples_split': 20}"
2023-07-09 07:00:00,ARX,7,-0.5562977216937022,-0.737313548848956,2021-07-09 07:00:00,2023-07-09 07:00:00,2023-07-09 07:00:00,730,1,-0.3032104293734177,0.3032104293734177,{'model__alpha': 0.01}
2023-07-09 07:00:00,Random Forest,7,-0.5562977216937022,-0.6227191838587515,2021-07-09 07:00:00,2023-07-09 07:00:00,2023-07-09 07:00:00,730,1,-0.28640559026943707,0.28640559026943707,"{'max_depth': 10, 'max_features': 0.5, 'min_samples_leaf': 2, 'n_estimators': 100}"
2023-07-09 07:00:00,Neural Network,7,-0.5562977216937022,-0.6822323725388633,2021-07-09 07:00:00,2023-07-09 07:00:00,2023-07-09 07:00:00,730,1,-0.35941423956503044,0.35941423956503044,"{'regressor__model__alpha': 0.0001, 'regressor__model__hidden_layer_sizes': (64, 32), 'regressor__model__learning_rate_init': 0.0001}"
2023-07-09 07:00:00,Naive,7,-0.5562977216937022,-0.6154516008259392,2021-07-09 07:00:00,2023-07-09 07:00:00,2023-07-09 07:00:00,730,1,,,not_applicable
2023-07-10 07:00:00,Decision Tree,7,-0.10432550580467363,-0.20897262816449533,2021-07-10 07:00:00,2023-07-10 07:00:00,2023-07-10 07:00:00,730,1,-0.42290985504429074,0.42290985504429074,"{'max_depth': None, 'min_samples_leaf': 1, 'min_samples_split': 20}"
2023-07-10 07:00:00,ARX,7,-0.10432550580467363,0.058530777154619296,2021-07-10 07:00:00,2023-07-10 07:00:00,2023-07-10 07:00:00,730,1,-0.3032104293734177,0.3032104293734177,{'model__alpha': 0.01}
2023-07-10 07:00:00,Random Forest,7,-0.10432550580467363,-0.2948255062338575,2021-07-10 07:00:00,2023-07-10 07:00:00,2023-07-10 07:00:00,730,1,-0.28640559026943707,0.28640559026943707,"{'max_depth': 10, 'max_features': 0.5, 'min_samples_leaf': 2, 'n_estimators': 100}"
2023-07-10 07:00:00,Neural Network,7,-0.10432550580467363,0.06908795231636766,2021-07-10 07:00:00,2023-07-10 07:00:00,2023-07-10 07:00:00,730,1,-0.35941423956503044,0.35941423956503044,"{'regressor__model__alpha': 0.0001, 'regressor__model__hidden_layer_sizes': (64, 32), 'regressor__model__learning_rate_init': 0.0001}"
2023-07-10 07:00:00,Naive,7,-0.10432550580467363,-0.5562977216937022,2021-07-10 07:00:00,2023-07-10 07:00:00,2023-07-10 07:00:00,730,1,,,not_applicable
2023-07-11 07:00:00,Decision Tree,7,-0.190482441948829,-0.06564907787037207,2021-07-11 07:00:00,2023-07-11 07:00:00,2023-07-11 07:00:00,730,1,-0.42290985504429074,0.42290985504429074,"{'max_depth': None, 'min_samples_leaf': 1, 'min_samples_split': 20}"
2023-07-11 07:00:00,ARX,7,-0.190482441948829,0.1634593381193663,2021-07-11 07:00:00,2023-07-11 07:00:00,2023-07-11 07:00:00,730,1,-0.3032104293734177,0.3032104293734177,{'model__alpha': 0.01}
2023-07-11 07:00:00,Random Forest,7,-0.190482441948829,-0.1141865063958991,2021-07-11 07:00:00,2023-07-11 07:00:00,2023-07-11 07:00:00,730,1,-0.28640559026943707,0.28640559026943707,"{'max_depth': 10, 'max_features': 0.5, 'min_samples_leaf': 2, 'n_estimators': 100}"
2023-07-11 07:00:00,Neural Network,7,-0.190482441948829,0.3501606780649249,2021-07-11 07:00:00,2023-07-11 07:00:00,2023-07-11 07:00:00,730,1,-0.35941423956503044,0.35941423956503044,"{'regressor__model__alpha': 0.0001, 'regressor__model__hidden_layer_sizes': (64, 32), 'regressor__model__learning_rate_init': 0.0001}"
2023-07-11 07:00:00,Naive,7,-0.190482441948829,-0.10432550580467363,2021-07-11 07:00:00,2023-07-11 07:00:00,2023-07-11 07:00:00,730,1,,,not_applicable
2023-07-12 07:00:00,Decision Tree,7,-0.2739771040635371,-0.7559643433526088,2021-07-12 07:00:00,2023-07-12 07:00:00,2023-07-12 07:00:00,730,1,-0.42290985504429074,0.42290985504429074,"{'max_depth': None, 'min_samples_leaf': 1, 'min_samples_split': 20}"
2023-07-12 07:00:00,ARX,7,-0.2739771040635371,-0.203439250858364,2021-07-12 07:00:00,2023-07-12 07:00:00,2023-07-12 07:00:00,730,1,-0.3032104293734177,0.3032104293734177,{'model__alpha': 0.01}
2023-07-12 07:00:00,Random Forest,7,-0.2739771040635371,-0.3239777659225471,2021-07-12 07:00:00,2023-07-12 07:00:00,2023-07-12 07:00:00,730,1,-0.28640559026943707,0.28640559026943707,"{'max_depth': 10, 'max_features': 0.5, 'min_samples_leaf': 2, 'n_estimators': 100}"
2023-07-12 07:00:00,Neural Network,7,-0.2739771040635371,-0.1592931152015966,2021-07-12 07:00:00,2023-07-12 07:00:00,2023-07-12 07:00:00,730,1,-0.35941423956503044,0.35941423956503044,"{'regressor__model__alpha': 0.0001, 'regressor__model__hidden_layer_sizes': (64, 32), 'regressor__model__learning_rate_init': 0.0001}"
2023-07-12 07:00:00,Naive,7,-0.2739771040635371,-0.190482441948829,2021-07-12 07:00:00,2023-07-12 07:00:00,2023-07-12 07:00:00,730,1,,,not_applicable
2023-07-13 07:00:00,Decision Tree,7,-0.22659565061410644,-0.10143421684482024,2021-07-13 07:00:00,2023-07-13 07:00:00,2023-07-13 07:00:00,730,1,-0.42290985504429074,0.42290985504429074,"{'max_depth': None, 'min_samples_leaf': 1, 'min_samples_split': 20}"
2023-07-13 07:00:00,ARX,7,-0.22659565061410644,0.013134953801367422,2021-07-13 07:00:00,2023-07-13 07:00:00,2023-07-13 07:00:00,730,1,-0.3032104293734177,0.3032104293734177,{'model__alpha': 0.01}
2023-07-13 07:00:00,Random Forest,7,-0.22659565061410644,-0.20372177141478306,2021-07-13 07:00:00,2023-07-13 07:00:00,2023-07-13 07:00:00,730,1,-0.28640559026943707,0.28640559026943707,"{'max_depth': 10, 'max_features': 0.5, 'min_samples_leaf': 2, 'n_estimators': 100}"
2023-07-13 07:00:00,Neural Network,7,-0.22659565061410644,-0.17914605302527908,2021-07-13 07:00:00,2023-07-13 07:00:00,2023-07-13 07:00:00,730,1,-0.35941423956503044,0.35941423956503044,"{'regressor__model__alpha': 0.0001, 'regressor__model__hidden_layer_sizes': (64, 32), 'regressor__model__learning_rate_init': 0.0001}"
2023-07-13 07:00:00,Naive,7,-0.22659565061410644,-0.2739771040635371,2021-07-13 07:00:00,2023-07-13 07:00:00,2023-07-13 07:00:00,730,1,,,not_applicable
2023-07-14 07:00:00,Decision Tree,7,-0.3190850832958084,-0.04210023494741517,2021-07-14 07:00:00,2023-07-14 07:00:00,2023-07-14 07:00:00,730,1,-0.42290985504429074,0.42290985504429074,"{'max_depth': None, 'min_samples_leaf': 1, 'min_samples_split': 20}"
2023-07-14 07:00:00,ARX,7,-0.3190850832958084,0.09949406576153974,2021-07-14 07:00:00,2023-07-14 07:00:00,2023-07-14 07:00:00,730,1,-0.3032104293734177,0.3032104293734177,{'model__alpha': 0.01}
2023-07-14 07:00:00,Random Forest,7,-0.3190850832958084,-0.14489648606304312,2021-07-14 07:00:00,2023-07-14 07:00:00,2023-07-14 07:00:00,730,1,-0.28640559026943707,0.28640559026943707,"{'max_depth': 10, 'max_features': 0.5, 'min_samples_leaf': 2, 'n_estimators': 100}"
2023-07-14 07:00:00,Neural Network,7,-0.3190850832958084,-0.21117138531059787,2021-07-14 07:00:00,2023-07-14 07:00:00,2023-07-14 07:00:00,730,1,-0.35941423956503044,0.35941423956503044,"{'regressor__model__alpha': 0.0001, 'regressor__model__hidden_layer_sizes': (64, 32), 'regressor__model__learning_rate_init': 0.0001}"
2023-07-14 07:00:00,Naive,7,-0.3190850832958084,-0.22659565061410644,2021-07-14 07:00:00,2023-07-14 07:00:00,2023-07-14 07:00:00,730,1,,,not_applicable
2023-07-15 07:00:00,Decision Tree,7,-1.128951830723285,-0.6238865901557276,2021-07-15 07:00:00,2023-07-15 07:00:00,2023-07-15 07:00:00,730,1,-0.42290985504429074,0.42290985504429074,"{'max_depth': None, 'min_samples_leaf': 1, 'min_samples_split': 20}"
2023-07-15 07:00:00,ARX,7,-1.128951830723285,-0.9850825117663851,2021-07-15 07:00:00,2023-07-15 07:00:00,2023-07-15 07:00:00,730,1,-0.3032104293734177,0.3032104293734177,{'model__alpha': 0.01}
2023-07-15 07:00:00,Random Forest,7,-1.128951830723285,-0.6663237786953077,2021-07-15 07:00:00,2023-07-15 07:00:00,2023-07-15 07:00:00,730,1,-0.28640559026943707,0.28640559026943707,"{'max_depth': 10, 'max_features': 0.5, 'min_samples_leaf': 2, 'n_estimators': 100}"
2023-07-15 07:00:00,Neural Network,7,-1.128951830723285,-0.6122051041166385,2021-07-15 07:00:00,2023-07-15 07:00:00,2023-07-15 07:00:00,730,1,-0.35941423956503044,0.35941423956503044,"{'regressor__model__alpha': 0.0001, 'regressor__model__hidden_layer_sizes': (64, 32), 'regressor__model__learning_rate_init': 0.0001}"
2023-07-15 07:00:00,Naive,7,-1.128951830723285,-0.3190850832958084,2021-07-15 07:00:00,2023-07-15 07:00:00,2023-07-15 07:00:00,730,1,,,not_applicable
2023-07-16 07:00:00,Decision Tree,7,-1.2783951638167845,-0.904555818425619,2021-07-16 07:00:00,2023-07-16 07:00:00,2023-07-16 07:00:00,730,1,-0.42290985504429074,0.42290985504429074,"{'max_depth': None, 'min_samples_leaf': 1, 'min_samples_split': 20}"
2023-07-16 07:00:00,ARX,7,-1.2783951638167845,-1.3004345954398835,2021-07-16 07:00:00,2023-07-16 07:00:00,2023-07-16 07:00:00,730,1,-0.3032104293734177,0.3032104293734177,{'model__alpha': 0.01}
2023-07-16 07:00:00,Random Forest,7,-1.2783951638167845,-0.9373791561109936,2021-07-16 07:00:00,2023-07-16 07:00:00,2023-07-16 07:00:00,730,1,-0.28640559026943707,0.28640559026943707,"{'max_depth': 10, 'max_features': 0.5, 'min_samples_leaf': 2, 'n_estimators': 100}"
2023-07-16 07:00:00,Neural Network,7,-1.2783951638167845,-1.3073002204128843,2021-07-16 07:00:00,2023-07-16 07:00:00,2023-07-16 07:00:00,730,1,-0.35941423956503044,0.35941423956503044,"{'regressor__model__alpha': 0.0001, 'regressor__model__hidden_layer_sizes': (64, 32), 'regressor__model__learning_rate_init': 0.0001}"
2023-07-16 07:00:00,Naive,7,-1.2783951638167845,-1.128951830723285,2021-07-16 07:00:00,2023-07-16 07:00:00,2023-07-16 07:00:00,730,1,,,not_applicable
2023-07-17 07:00:00,Decision Tree,7,-0.14222081473021814,-0.21118188316074601,2021-07-17 07:00:00,2023-07-17 07:00:00,2023-07-17 07:00:00,730,1,-0.42290985504429074,0.42290985504429074,"{'max_depth': None, 'min_samples_leaf': 1, 'min_samples_split': 20}"
2023-07-17 07:00:00,ARX,7,-0.14222081473021814,-0.15899644372503152,2021-07-17 07:00:00,2023-07-17 07:00:00,2023-07-17 07:00:00,730,1,-0.3032104293734177,0.3032104293734177,{'model__alpha': 0.01}
2023-07-17 07:00:00,Random Forest,7,-0.14222081473021814,-0.36360995929286327,2021-07-17 07:00:00,2023-07-17 07:00:00,2023-07-17 07:00:00,730,1,-0.28640559026943707,0.28640559026943707,"{'max_depth': 10, 'max_features': 0.5, 'min_samples_leaf': 2, 'n_estimators': 100}"
2023-07-17 07:00:00,Neural Network,7,-0.14222081473021814,-0.29503382231616837,2021-07-17 07:00:00,2023-07-17 07:00:00,2023-07-17 07:00:00,730,1,-0.35941423956503044,0.35941423956503044,"{'regressor__model__alpha': 0.0001, 'regressor__model__hidden_layer_sizes': (64, 32), 'regressor__model__learning_rate_init': 0.0001}"
2023-07-17 07:00:00,Naive,7,-0.14222081473021814,-1.2783951638167845,2021-07-17 07:00:00,2023-07-17 07:00:00,2023-07-17 07:00:00,730,1,,,not_applicable
2023-07-18 07:00:00,Decision Tree,7,-0.3162231656090838,-0.20668007858117213,2021-07-18 07:00:00,2023-07-18 07:00:00,2023-07-18 07:00:00,730,1,-0.42290985504429074,0.42290985504429074,"{'max_depth': None, 'min_samples_leaf': 1, 'min_samples_split': 20}"
2023-07-18 07:00:00,ARX,7,-0.3162231656090838,-0.1072015578268124,2021-07-18 07:00:00,2023-07-18 07:00:00,2023-07-18 07:00:00,730,1,-0.3032104293734177,0.3032104293734177,{'model__alpha': 0.01}
2023-07-18 07:00:00,Random Forest,7,-0.3162231656090838,-0.20042808267041706,2021-07-18 07:00:00,2023-07-18 07:00:00,2023-07-18 07:00:00,730,1,-0.28640559026943707,0.28640559026943707,"{'max_depth': 10, 'max_features': 0.5, 'min_samples_leaf': 2, 'n_estimators': 100}"
2023-07-18 07:00:00,Neural Network,7,-0.3162231656090838,-0.2327604001432504,2021-07-18 07:00:00,2023-07-18 07:00:00,2023-07-18 07:00:00,730,1,-0.35941423956503044,0.35941423956503044,"{'regressor__model__alpha': 0.0001, 'regressor__model__hidden_layer_sizes': (64, 32), 'regressor__model__learning_rate_init': 0.0001}"
2023-07-18 07:00:00,Naive,7,-0.3162231656090838,-0.14222081473021814,2021-07-18 07:00:00,2023-07-18 07:00:00,2023-07-18 07:00:00,730,1,,,not_applicable
2023-07-19 07:00:00,Decision Tree,7,-0.19703735738004594,-0.07433266274299623,2021-07-19 07:00:00,2023-07-19 07:00:00,2023-07-19 07:00:00,730,1,-0.42290985504429074,0.42290985504429074,"{'max_depth': None, 'min_samples_leaf': 1, 'min_samples_split': 20}"
2023-07-19 07:00:00,ARX,7,-0.19703735738004594,0.007554701432532118,2021-07-19 07:00:00,2023-07-19 07:00:00,2023-07-19 07:00:00,730,1,-0.3032104293734177,0.3032104293734177,{'model__alpha': 0.01}
2023-07-19 07:00:00,Random Forest,7,-0.19703735738004594,-0.025117402556829812,2021-07-19 07:00:00,2023-07-19 07:00:00,2023-07-19 07:00:00,730,1,-0.28640559026943707,0.28640559026943707,"{'max_depth': 10, 'max_features': 0.5, 'min_samples_leaf': 2, 'n_estimators': 100}"
2023-07-19 07:00:00,Neural Network,7,-0.19703735738004594,0.032248276769982986,2021-07-19 07:00:00,2023-07-19 07:00:00,2023-07-19 07:00:00,730,1,-0.35941423956503044,0.35941423956503044,"{'regressor__model__alpha': 0.0001, 'regressor__model__hidden_layer_sizes': (64, 32), 'regressor__model__learning_rate_init': 0.0001}"
2023-07-19 07:00:00,Naive,7,-0.19703735738004594,-0.3162231656090838,2021-07-19 07:00:00,2023-07-19 07:00:00,2023-07-19 07:00:00,730,1,,,not_applicable
2023-07-20 07:00:00,Decision Tree,7,-0.3209692123184465,-0.1322779530828233,2021-07-20 07:00:00,2023-07-20 07:00:00,2023-07-20 07:00:00,730,1,-0.42290985504429074,0.42290985504429074,"{'max_depth': None, 'min_samples_leaf': 1, 'min_samples_split': 20}"
2023-07-20 07:00:00,ARX,7,-0.3209692123184465,-0.19802767330181203,2021-07-20 07:00:00,2023-07-20 07:00:00,2023-07-20 07:00:00,730,1,-0.3032104293734177,0.3032104293734177,{'model__alpha': 0.01}
2023-07-20 07:00:00,Random Forest,7,-0.3209692123184465,-0.2200110428949783,2021-07-20 07:00:00,2023-07-20 07:00:00,2023-07-20 07:00:00,730,1,-0.28640559026943707,0.28640559026943707,"{'max_depth': 10, 'max_features': 0.5, 'min_samples_leaf': 2, 'n_estimators': 100}"
2023-07-20 07:00:00,Neural Network,7,-0.3209692123184465,-0.17583589758601215,2021-07-20 07:00:00,2023-07-20 07:00:00,2023-07-20 07:00:00,730,1,-0.35941423956503044,0.35941423956503044,"{'regressor__model__alpha': 0.0001, 'regressor__model__hidden_layer_sizes': (64, 32), 'regressor__model__learning_rate_init': 0.0001}"
2023-07-20 07:00:00,Naive,7,-0.3209692123184465,-0.19703735738004594,2021-07-20 07:00:00,2023-07-20 07:00:00,2023-07-20 07:00:00,730,1,,,not_applicable
2023-07-21 07:00:00,Decision Tree,7,0.13514791408111468,0.04136262842140479,2021-07-21 07:00:00,2023-07-21 07:00:00,2023-07-21 07:00:00,730,1,-0.42290985504429074,0.42290985504429074,"{'max_depth': None, 'min_samples_leaf': 1, 'min_samples_split': 20}"
2023-07-21 07:00:00,ARX,7,0.13514791408111468,0.0013832872416073005,2021-07-21 07:00:00,2023-07-21 07:00:00,2023-07-21 07:00:00,730,1,-0.3032104293734177,0.3032104293734177,{'model__alpha': 0.01}
2023-07-21 07:00:00,Random Forest,7,0.13514791408111468,-0.0563012168122824,2021-07-21 07:00:00,2023-07-21 07:00:00,2023-07-21 07:00:00,730,1,-0.28640559026943707,0.28640559026943707,"{'max_depth': 10, 'max_features': 0.5, 'min_samples_leaf': 2, 'n_estimators': 100}"
2023-07-21 07:00:00,Neural Network,7,0.13514791408111468,-0.22200867238611477,2021-07-21 07:00:00,2023-07-21 07:00:00,2023-07-21 07:00:00,730,1,-0.35941423956503044,0.35941423956503044,"{'regressor__model__alpha': 0.0001, 'regressor__model__hidden_layer_sizes': (64, 32), 'regressor__model__learning_rate_init': 0.0001}"
2023-07-21 07:00:00,Naive,7,0.13514791408111468,-0.3209692123184465,2021-07-21 07:00:00,2023-07-21 07:00:00,2023-07-21 07:00:00,730,1,,,not_applicable
2023-07-22 07:00:00,Decision Tree,7,-0.6106309605942051,-0.4932350094258936,2021-07-22 07:00:00,2023-07-22 07:00:00,2023-07-22 07:00:00,730,1,-0.42290985504429074,0.42290985504429074,"{'max_depth': None, 'min_samples_leaf': 1, 'min_samples_split': 20}"
2023-07-22 07:00:00,ARX,7,-0.6106309605942051,-0.8315003932668639,2021-07-22 07:00:00,2023-07-22 07:00:00,2023-07-22 07:00:00,730,1,-0.3032104293734177,0.3032104293734177,{'model__alpha': 0.01}
2023-07-22 07:00:00,Random Forest,7,-0.6106309605942051,-0.61987409038492,2021-07-22 07:00:00,2023-07-22 07:00:00,2023-07-22 07:00:00,730,1,-0.28640559026943707,0.28640559026943707,"{'max_depth': 10, 'max_features': 0.5, 'min_samples_leaf': 2, 'n_estimators': 100}"
2023-07-22 07:00:00,Neural Network,7,-0.6106309605942051,-0.7109659803820703,2021-07-22 07:00:00,2023-07-22 07:00:00,2023-07-22 07:00:00,730,1,-0.35941423956503044,0.35941423956503044,"{'regressor__model__alpha': 0.0001, 'regressor__model__hidden_layer_sizes': (64, 32), 'regressor__model__learning_rate_init': 0.0001}"
2023-07-22 07:00:00,Naive,7,-0.6106309605942051,0.13514791408111468,2021-07-22 07:00:00,2023-07-22 07:00:00,2023-07-22 07:00:00,730,1,,,not_applicable
2023-07-23 07:00:00,Decision Tree,7,-1.2580326371408073,-0.9419397529647358,2021-07-23 07:00:00,2023-07-23 07:00:00,2023-07-23 07:00:00,730,1,-0.42290985504429074,0.42290985504429074,"{'max_depth': None, 'min_samples_leaf': 1, 'min_samples_split': 20}"
2023-07-23 07:00:00,ARX,7,-1.2580326371408073,-1.1561830210659643,2021-07-23 07:00:00,2023-07-23 07:00:00,2023-07-23 07:00:00,730,1,-0.3032104293734177,0.3032104293734177,{'model__alpha': 0.01}
2023-07-23 07:00:00,Random Forest,7,-1.2580326371408073,-0.7228140571845578,2021-07-23 07:00:00,2023-07-23 07:00:00,2023-07-23 07:00:00,730,1,-0.28640559026943707,0.28640559026943707,"{'max_depth': 10, 'max_features': 0.5, 'min_samples_leaf': 2, 'n_estimators': 100}"
2023-07-23 07:00:00,Neural Network,7,-1.2580326371408073,-1.0194985727575498,2021-07-23 07:00:00,2023-07-23 07:00:00,2023-07-23 07:00:00,730,1,-0.35941423956503044,0.35941423956503044,"{'regressor__model__alpha': 0.0001, 'regressor__model__hidden_layer_sizes': (64, 32), 'regressor__model__learning_rate_init': 0.0001}"
2023-07-23 07:00:00,Naive,7,-1.2580326371408073,-0.6106309605942051,2021-07-23 07:00:00,2023-07-23 07:00:00,2023-07-23 07:00:00,730,1,,,not_applicable
2023-07-24 07:00:00,Decision Tree,7,-0.3209407468539235,-0.6132322670490796,2021-07-24 07:00:00,2023-07-24 07:00:00,2023-07-24 07:00:00,730,1,-0.42290985504429074,0.42290985504429074,"{'max_depth': None, 'min_samples_leaf': 1, 'min_samples_split': 20}"
2023-07-24 07:00:00,ARX,7,-0.3209407468539235,-0.35699460097672664,2021-07-24 07:00:00,2023-07-24 07:00:00,2023-07-24 07:00:00,730,1,-0.3032104293734177,0.3032104293734177,{'model__alpha': 0.01}
2023-07-24 07:00:00,Random Forest,7,-0.3209407468539235,-0.47774000587289156,2021-07-24 07:00:00,2023-07-24 07:00:00,2023-07-24 07:00:00,730,1,-0.28640559026943707,0.28640559026943707,"{'max_depth': 10, 'max_features': 0.5, 'min_samples_leaf': 2, 'n_estimators': 100}"
2023-07-24 07:00:00,Neural Network,7,-0.3209407468539235,-0.5091344435885177,2021-07-24 07:00:00,2023-07-24 07:00:00,2023-07-24 07:00:00,730,1,-0.35941423956503044,0.35941423956503044,"{'regressor__model__alpha': 0.0001, 'regressor__model__hidden_layer_sizes': (64, 32), 'regressor__model__learning_rate_init': 0.0001}"
2023-07-24 07:00:00,Naive,7,-0.3209407468539235,-1.2580326371408073,2021-07-24 07:00:00,2023-07-24 07:00:00,2023-07-24 07:00:00,730,1,,,not_applicable
2023-07-25 07:00:00,Decision Tree,7,0.09688443882083635,-0.22078616749623264,2021-07-25 07:00:00,2023-07-25 07:00:00,2023-07-25 07:00:00,730,1,-0.42290985504429074,0.42290985504429074,"{'max_depth': None, 'min_samples_leaf': 1, 'min_samples_split': 20}"
2023-07-25 07:00:00,ARX,7,0.09688443882083635,-0.21720131198606563,2021-07-25 07:00:00,2023-07-25 07:00:00,2023-07-25 07:00:00,730,1,-0.3032104293734177,0.3032104293734177,{'model__alpha': 0.01}
2023-07-25 07:00:00,Random Forest,7,0.09688443882083635,-0.24973759879130258,2021-07-25 07:00:00,2023-07-25 07:00:00,2023-07-25 07:00:00,730,1,-0.28640559026943707,0.28640559026943707,"{'max_depth': 10, 'max_features': 0.5, 'min_samples_leaf': 2, 'n_estimators': 100}"
2023-07-25 07:00:00,Neural Network,7,0.09688443882083635,-0.1618486034019735,2021-07-25 07:00:00,2023-07-25 07:00:00,2023-07-25 07:00:00,730,1,-0.35941423956503044,0.35941423956503044,"{'regressor__model__alpha': 0.0001, 'regressor__model__hidden_layer_sizes': (64, 32), 'regressor__model__learning_rate_init': 0.0001}"
2023-07-25 07:00:00,Naive,7,0.09688443882083635,-0.3209407468539235,2021-07-25 07:00:00,2023-07-25 07:00:00,2023-07-25 07:00:00,730,1,,,not_applicable
2023-07-26 07:00:00,Decision Tree,7,-0.31156224437741525,-0.3025280700923927,2021-07-26 07:00:00,2023-07-26 07:00:00,2023-07-26 07:00:00,730,1,-0.42290985504429074,0.42290985504429074,"{'max_depth': None, 'min_samples_leaf': 1, 'min_samples_split': 20}"
2023-07-26 07:00:00,ARX,7,-0.31156224437741525,-0.352473129289002,2021-07-26 07:00:00,2023-07-26 07:00:00,2023-07-26 07:00:00,730,1,-0.3032104293734177,0.3032104293734177,{'model__alpha': 0.01}
2023-07-26 07:00:00,Random Forest,7,-0.31156224437741525,-0.3330892532532419,2021-07-26 07:00:00,2023-07-26 07:00:00,2023-07-26 07:00:00,730,1,-0.28640559026943707,0.28640559026943707,"{'max_depth': 10, 'max_features': 0.5, 'min_samples_leaf': 2, 'n_estimators': 100}"
2023-07-26 07:00:00,Neural Network,7,-0.31156224437741525,-0.3027908636805865,2021-07-26 07:00:00,2023-07-26 07:00:00,2023-07-26 07:00:00,730,1,-0.35941423956503044,0.35941423956503044,"{'regressor__model__alpha': 0.0001, 'regressor__model__hidden_layer_sizes': (64, 32), 'regressor__model__learning_rate_init': 0.0001}"
2023-07-26 07:00:00,Naive,7,-0.31156224437741525,0.09688443882083635,2021-07-26 07:00:00,2023-07-26 07:00:00,2023-07-26 07:00:00,730,1,,,not_applicable
2023-07-27 07:00:00,Decision Tree,7,-0.4346078793946187,-0.6050537602798501,2021-07-27 07:00:00,2023-07-27 07:00:00,2023-07-27 07:00:00,730,1,-0.42290985504429074,0.42290985504429074,"{'max_depth': None, 'min_samples_leaf': 1, 'min_samples_split': 20}"
2023-07-27 07:00:00,ARX,7,-0.4346078793946187,-0.4427241746793573,2021-07-27 07:00:00,2023-07-27 07:00:00,2023-07-27 07:00:00,730,1,-0.3032104293734177,0.3032104293734177,{'model__alpha': 0.01}
2023-07-27 07:00:00,Random Forest,7,-0.4346078793946187,-0.42096313443223243,2021-07-27 07:00:00,2023-07-27 07:00:00,2023-07-27 07:00:00,730,1,-0.28640559026943707,0.28640559026943707,"{'max_depth': 10, 'max_features': 0.5, 'min_samples_leaf': 2, 'n_estimators': 100}"
2023-07-27 07:00:00,Neural Network,7,-0.4346078793946187,-0.41142759450771793,2021-07-27 07:00:00,2023-07-27 07:00:00,2023-07-27 07:00:00,730,1,-0.35941423956503044,0.35941423956503044,"{'regressor__model__alpha': 0.0001, 'regressor__model__hidden_layer_sizes': (64, 32), 'regressor__model__learning_rate_init': 0.0001}"
2023-07-27 07:00:00,Naive,7,-0.4346078793946187,-0.31156224437741525,2021-07-27 07:00:00,2023-07-27 07:00:00,2023-07-27 07:00:00,730,1,,,not_applicable
2023-07-28 07:00:00,Decision Tree,7,-0.3534410849734018,-0.5022888890083195,2021-07-28 07:00:00,2023-07-28 07:00:00,2023-07-28 07:00:00,730,1,-0.42290985504429074,0.42290985504429074,"{'max_depth': None, 'min_samples_leaf': 1, 'min_samples_split': 20}"
2023-07-28 07:00:00,ARX,7,-0.3534410849734018,-0.4460813344073806,2021-07-28 07:00:00,2023-07-28 07:00:00,2023-07-28 07:00:00,730,1,-0.3032104293734177,0.3032104293734177,{'model__alpha': 0.01}
2023-07-28 07:00:00,Random Forest,7,-0.3534410849734018,-0.3957687959160962,2021-07-28 07:00:00,2023-07-28 07:00:00,2023-07-28 07:00:00,730,1,-0.28640559026943707,0.28640559026943707,"{'max_depth': 10, 'max_features': 0.5, 'min_samples_leaf': 2, 'n_estimators': 100}"
2023-07-28 07:00:00,Neural Network,7,-0.3534410849734018,-0.39556954635715624,2021-07-28 07:00:00,2023-07-28 07:00:00,2023-07-28 07:00:00,730,1,-0.35941423956503044,0.35941423956503044,"{'regressor__model__alpha': 0.0001, 'regressor__model__hidden_layer_sizes': (64, 32), 'regressor__model__learning_rate_init': 0.0001}"
2023-07-28 07:00:00,Naive,7,-0.3534410849734018,-0.4346078793946187,2021-07-28 07:00:00,2023-07-28 07:00:00,2023-07-28 07:00:00,730,1,,,not_applicable
2023-07-29 07:00:00,Decision Tree,7,-0.5954675300859668,-0.476697460930757,2021-07-29 07:00:00,2023-07-29 07:00:00,2023-07-29 07:00:00,730,1,-0.42290985504429074,0.42290985504429074,"{'max_depth': None, 'min_samples_leaf': 1, 'min_samples_split': 20}"
2023-07-29 07:00:00,ARX,7,-0.5954675300859668,-0.8613529416760413,2021-07-29 07:00:00,2023-07-29 07:00:00,2023-07-29 07:00:00,730,1,-0.3032104293734177,0.3032104293734177,{'model__alpha': 0.01}
2023-07-29 07:00:00,Random Forest,7,-0.5954675300859668,-0.6220837183360088,2021-07-29 07:00:00,2023-07-29 07:00:00,2023-07-29 07:00:00,730,1,-0.28640559026943707,0.28640559026943707,"{'max_depth': 10, 'max_features': 0.5, 'min_samples_leaf': 2, 'n_estimators': 100}"
2023-07-29 07:00:00,Neural Network,7,-0.5954675300859668,-0.5531225827552904,2021-07-29 07:00:00,2023-07-29 07:00:00,2023-07-29 07:00:00,730,1,-0.35941423956503044,0.35941423956503044,"{'regressor__model__alpha': 0.0001, 'regressor__model__hidden_layer_sizes': (64, 32), 'regressor__model__learning_rate_init': 0.0001}"
2023-07-29 07:00:00,Naive,7,-0.5954675300859668,-0.3534410849734018,2021-07-29 07:00:00,2023-07-29 07:00:00,2023-07-29 07:00:00,730,1,,,not_applicable
2023-07-30 07:00:00,Decision Tree,7,-1.0317402537573326,-0.9706754697080148,2021-07-30 07:00:00,2023-07-30 07:00:00,2023-07-30 07:00:00,730,1,-0.42290985504429074,0.42290985504429074,"{'max_depth': None, 'min_samples_leaf': 1, 'min_samples_split': 20}"
2023-07-30 07:00:00,ARX,7,-1.0317402537573326,-1.1377470183053882,2021-07-30 07:00:00,2023-07-30 07:00:00,2023-07-30 07:00:00,730,1,-0.3032104293734177,0.3032104293734177,{'model__alpha': 0.01}
2023-07-30 07:00:00,Random Forest,7,-1.0317402537573326,-0.8109177455482461,2021-07-30 07:00:00,2023-07-30 07:00:00,2023-07-30 07:00:00,730,1,-0.28640559026943707,0.28640559026943707,"{'max_depth': 10, 'max_features': 0.5, 'min_samples_leaf': 2, 'n_estimators': 100}"
2023-07-30 07:00:00,Neural Network,7,-1.0317402537573326,-1.1378375947918216,2021-07-30 07:00:00,2023-07-30 07:00:00,2023-07-30 07:00:00,730,1,-0.35941423956503044,0.35941423956503044,"{'regressor__model__alpha': 0.0001, 'regressor__model__hidden_layer_sizes': (64, 32), 'regressor__model__learning_rate_init': 0.0001}"
2023-07-30 07:00:00,Naive,7,-1.0317402537573326,-0.5954675300859668,2021-07-30 07:00:00,2023-07-30 07:00:00,2023-07-30 07:00:00,730,1,,,not_applicable
2023-07-31 07:00:00,Decision Tree,7,-0.608799885871613,-0.36797752915343995,2021-07-31 07:00:00,2023-07-31 07:00:00,2023-07-31 07:00:00,730,1,-0.42290985504429074,0.42290985504429074,"{'max_depth': None, 'min_samples_leaf': 1, 'min_samples_split': 20}"
2023-07-31 07:00:00,ARX,7,-0.608799885871613,-0.6893686536406927,2021-07-31 07:00:00,2023-07-31 07:00:00,2023-07-31 07:00:00,730,1,-0.3032104293734177,0.3032104293734177,{'model__alpha': 0.01}
2023-07-31 07:00:00,Random Forest,7,-0.608799885871613,-0.6353005373793045,2021-07-31 07:00:00,2023-07-31 07:00:00,2023-07-31 07:00:00,730,1,-0.28640559026943707,0.28640559026943707,"{'max_depth': 10, 'max_features': 0.5, 'min_samples_leaf': 2, 'n_estimators': 100}"
2023-07-31 07:00:00,Neural Network,7,-0.608799885871613,-0.5644532143192122,2021-07-31 07:00:00,2023-07-31 07:00:00,2023-07-31 07:00:00,730,1,-0.35941423956503044,0.35941423956503044,"{'regressor__model__alpha': 0.0001, 'regressor__model__hidden_layer_sizes': (64, 32), 'regressor__model__learning_rate_init': 0.0001}"
2023-07-31 07:00:00,Naive,7,-0.608799885871613,-1.0317402537573326,2021-07-31 07:00:00,2023-07-31 07:00:00,2023-07-31 07:00:00,730,1,,,not_applicable
2023-08-01 07:00:00,Decision Tree,7,-0.530405484014477,-0.7240953620951148,2021-08-01 07:00:00,2023-08-01 07:00:00,2023-08-01 07:00:00,730,1,-0.42290985504429074,0.42290985504429074,"{'max_depth': None, 'min_samples_leaf': 1, 'min_samples_split': 20}"
2023-08-01 07:00:00,ARX,7,-0.530405484014477,-0.6339087874360614,2021-08-01 07:00:00,2023-08-01 07:00:00,2023-08-01 07:00:00,730,1,-0.3032104293734177,0.3032104293734177,{'model__alpha': 0.01}
2023-08-01 07:00:00,Random Forest,7,-0.530405484014477,-0.5516894926316226,2021-08-01 07:00:00,2023-08-01 07:00:00,2023-08-01 07:00:00,730,1,-0.28640559026943707,0.28640559026943707,"{'max_depth': 10, 'max_features': 0.5, 'min_samples_leaf': 2, 'n_estimators': 100}"
2023-08-01 07:00:00,Neural Network,7,-0.530405484014477,-0.3877930041476052,2021-08-01 07:00:00,2023-08-01 07:00:00,2023-08-01 07:00:00,730,1,-0.35941423956503044,0.35941423956503044,"{'regressor__model__alpha': 0.0001, 'regressor__model__hidden_layer_sizes': (64, 32), 'regressor__model__learning_rate_init': 0.0001}"
2023-08-01 07:00:00,Naive,7,-0.530405484014477,-0.608799885871613,2021-08-01 07:00:00,2023-08-01 07:00:00,2023-08-01 07:00:00,730,1,,,not_applicable
2023-08-02 07:00:00,Decision Tree,7,-0.3446014993359699,-0.6649703013704218,2021-08-02 07:00:00,2023-08-02 07:00:00,2023-08-02 07:00:00,730,1,-0.42290985504429074,0.42290985504429074,"{'max_depth': None, 'min_samples_leaf': 1, 'min_samples_split': 20}"
2023-08-02 07:00:00,ARX,7,-0.3446014993359699,-0.5459654846195829,2021-08-02 07:00:00,2023-08-02 07:00:00,2023-08-02 07:00:00,730,1,-0.3032104293734177,0.3032104293734177,{'model__alpha': 0.01}
2023-08-02 07:00:00,Random Forest,7,-0.3446014993359699,-0.4938577684381687,2021-08-02 07:00:00,2023-08-02 07:00:00,2023-08-02 07:00:00,730,1,-0.28640559026943707,0.28640559026943707,"{'max_depth': 10, 'max_features': 0.5, 'min_samples_leaf': 2, 'n_estimators': 100}"
2023-08-02 07:00:00,Neural Network,7,-0.3446014993359699,-0.5208544981266845,2021-08-02 07:00:00,2023-08-02 07:00:00,2023-08-02 07:00:00,730,1,-0.35941423956503044,0.35941423956503044,"{'regressor__model__alpha': 0.0001, 'regressor__model__hidden_layer_sizes': (64, 32), 'regressor__model__learning_rate_init': 0.0001}"
2023-08-02 07:00:00,Naive,7,-0.3446014993359699,-0.530405484014477,2021-08-02 07:00:00,2023-08-02 07:00:00,2023-08-02 07:00:00,730,1,,,not_applicable
2023-08-03 07:00:00,Decision Tree,7,-0.8251346509041269,-1.0037809015406163,2021-08-03 07:00:00,2023-08-03 07:00:00,2023-08-03 07:00:00,730,1,-0.42290985504429074,0.42290985504429074,"{'max_depth': None, 'min_samples_leaf': 1, 'min_samples_split': 20}"
2023-08-03 07:00:00,ARX,7,-0.8251346509041269,-1.099599168649016,2021-08-03 07:00:00,2023-08-03 07:00:00,2023-08-03 07:00:00,730,1,-0.3032104293734177,0.3032104293734177,{'model__alpha': 0.01}
2023-08-03 07:00:00,Random Forest,7,-0.8251346509041269,-0.7099563301955143,2021-08-03 07:00:00,2023-08-03 07:00:00,2023-08-03 07:00:00,730,1,-0.28640559026943707,0.28640559026943707,"{'max_depth': 10, 'max_features': 0.5, 'min_samples_leaf': 2, 'n_estimators': 100}"
2023-08-03 07:00:00,Neural Network,7,-0.8251346509041269,-0.8865447392903487,2021-08-03 07:00:00,2023-08-03 07:00:00,2023-08-03 07:00:00,730,1,-0.35941423956503044,0.35941423956503044,"{'regressor__model__alpha': 0.0001, 'regressor__model__hidden_layer_sizes': (64, 32), 'regressor__model__learning_rate_init': 0.0001}"
2023-08-03 07:00:00,Naive,7,-0.8251346509041269,-0.3446014993359699,2021-08-03 07:00:00,2023-08-03 07:00:00,2023-08-03 07:00:00,730,1,,,not_applicable
2023-08-04 07:00:00,Decision Tree,7,-0.21233620568875405,-0.23075329575557302,2021-08-04 07:00:00,2023-08-04 07:00:00,2023-08-04 07:00:00,730,1,-0.42290985504429074,0.42290985504429074,"{'max_depth': None, 'min_samples_leaf': 1, 'min_samples_split': 20}"
2023-08-04 07:00:00,ARX,7,-0.21233620568875405,-0.4851518760013611,2021-08-04 07:00:00,2023-08-04 07:00:00,2023-08-04 07:00:00,730,1,-0.3032104293734177,0.3032104293734177,{'model__alpha': 0.01}
2023-08-04 07:00:00,Random Forest,7,-0.21233620568875405,-0.36253838280446493,2021-08-04 07:00:00,2023-08-04 07:00:00,2023-08-04 07:00:00,730,1,-0.28640559026943707,0.28640559026943707,"{'max_depth': 10, 'max_features': 0.5, 'min_samples_leaf': 2, 'n_estimators': 100}"
2023-08-04 07:00:00,Neural Network,7,-0.21233620568875405,-0.4443720459016165,2021-08-04 07:00:00,2023-08-04 07:00:00,2023-08-04 07:00:00,730,1,-0.35941423956503044,0.35941423956503044,"{'regressor__model__alpha': 0.0001, 'regressor__model__hidden_layer_sizes': (64, 32), 'regressor__model__learning_rate_init': 0.0001}"
2023-08-04 07:00:00,Naive,7,-0.21233620568875405,-0.8251346509041269,2021-08-04 07:00:00,2023-08-04 07:00:00,2023-08-04 07:00:00,730,1,,,not_applicable
2023-08-05 07:00:00,Decision Tree,7,-0.5446323955696124,-0.7325181042421138,2021-08-05 07:00:00,2023-08-05 07:00:00,2023-08-05 07:00:00,730,1,-0.42290985504429074,0.42290985504429074,"{'max_depth': None, 'min_samples_leaf': 1, 'min_samples_split': 20}"
2023-08-05 07:00:00,ARX,7,-0.5446323955696124,-0.7989645244070465,2021-08-05 07:00:00,2023-08-05 07:00:00,2023-08-05 07:00:00,730,1,-0.3032104293734177,0.3032104293734177,{'model__alpha': 0.01}
2023-08-05 07:00:00,Random Forest,7,-0.5446323955696124,-0.623223286209169,2021-08-05 07:00:00,2023-08-05 07:00:00,2023-08-05 07:00:00,730,1,-0.28640559026943707,0.28640559026943707,"{'max_depth': 10, 'max_features': 0.5, 'min_samples_leaf': 2, 'n_estimators': 100}"
2023-08-05 07:00:00,Neural Network,7,-0.5446323955696124,-0.35880209061648594,2021-08-05 07:00:00,2023-08-05 07:00:00,2023-08-05 07:00:00,730,1,-0.35941423956503044,0.35941423956503044,"{'regressor__model__alpha': 0.0001, 'regressor__model__hidden_layer_sizes': (64, 32), 'regressor__model__learning_rate_init': 0.0001}"
2023-08-05 07:00:00,Naive,7,-0.5446323955696124,-0.21233620568875405,2021-08-05 07:00:00,2023-08-05 07:00:00,2023-08-05 07:00:00,730,1,,,not_applicable
2023-08-06 07:00:00,Decision Tree,7,-0.7761693847731673,-0.673252170398114,2021-08-06 07:00:00,2023-08-06 07:00:00,2023-08-06 07:00:00,730,1,-0.42290985504429074,0.42290985504429074,"{'max_depth': None, 'min_samples_leaf': 1, 'min_samples_split': 20}"
2023-08-06 07:00:00,ARX,7,-0.7761693847731673,-1.1449268748026429,2021-08-06 07:00:00,2023-08-06 07:00:00,2023-08-06 07:00:00,730,1,-0.3032104293734177,0.3032104293734177,{'model__alpha': 0.01}
2023-08-06 07:00:00,Random Forest,7,-0.7761693847731673,-0.7085619600563358,2021-08-06 07:00:00,2023-08-06 07:00:00,2023-08-06 07:00:00,730,1,-0.28640559026943707,0.28640559026943707,"{'max_depth': 10, 'max_features': 0.5, 'min_samples_leaf': 2, 'n_estimators': 100}"
2023-08-06 07:00:00,Neural Network,7,-0.7761693847731673,-0.6587536220667187,2021-08-06 07:00:00,2023-08-06 07:00:00,2023-08-06 07:00:00,730,1,-0.35941423956503044,0.35941423956503044,"{'regressor__model__alpha': 0.0001, 'regressor__model__hidden_layer_sizes': (64, 32), 'regressor__model__learning_rate_init': 0.0001}"
2023-08-06 07:00:00,Naive,7,-0.7761693847731673,-0.5446323955696124,2021-08-06 07:00:00,2023-08-06 07:00:00,2023-08-06 07:00:00,730,1,,,not_applicable
2023-08-07 07:00:00,Decision Tree,7,-0.7333222044992033,-0.9875403333009355,2021-08-07 07:00:00,2023-08-07 07:00:00,2023-08-07 07:00:00,730,1,-0.42290985504429074,0.42290985504429074,"{'max_depth': None, 'min_samples_leaf': 1, 'min_samples_split': 20}"
2023-08-07 07:00:00,ARX,7,-0.7333222044992033,-0.9446127359905272,2021-08-07 07:00:00,2023-08-07 07:00:00,2023-08-07 07:00:00,730,1,-0.3032104293734177,0.3032104293734177,{'model__alpha': 0.01}
2023-08-07 07:00:00,Random Forest,7,-0.7333222044992033,-0.6266905571072082,2021-08-07 07:00:00,2023-08-07 07:00:00,2023-08-07 07:00:00,730,1,-0.28640559026943707,0.28640559026943707,"{'max_depth': 10, 'max_features': 0.5, 'min_samples_leaf': 2, 'n_estimators': 100}"
2023-08-07 07:00:00,Neural Network,7,-0.7333222044992033,-0.6812713195348468,2021-08-07 07:00:00,2023-08-07 07:00:00,2023-08-07 07:00:00,730,1,-0.35941423956503044,0.35941423956503044,"{'regressor__model__alpha': 0.0001, 'regressor__model__hidden_layer_sizes': (64, 32), 'regressor__model__learning_rate_init': 0.0001}"
2023-08-07 07:00:00,Naive,7,-0.7333222044992033,-0.7761693847731673,2021-08-07 07:00:00,2023-08-07 07:00:00,2023-08-07 07:00:00,730,1,,,not_applicable
2023-08-08 07:00:00,Decision Tree,7,-1.1885907471264354,-0.9663554892341244,2021-08-08 07:00:00,2023-08-08 07:00:00,2023-08-08 07:00:00,730,1,-0.42290985504429074,0.42290985504429074,"{'max_depth': None, 'min_samples_leaf': 1, 'min_samples_split': 20}"
2023-08-08 07:00:00,ARX,7,-1.1885907471264354,-1.2473552805973078,2021-08-08 07:00:00,2023-08-08 07:00:00,2023-08-08 07:00:00,730,1,-0.3032104293734177,0.3032104293734177,{'model__alpha': 0.01}
2023-08-08 07:00:00,Random Forest,7,-1.1885907471264354,-0.6669446949108189,2021-08-08 07:00:00,2023-08-08 07:00:00,2023-08-08 07:00:00,730,1,-0.28640559026943707,0.28640559026943707,"{'max_depth': 10, 'max_features': 0.5, 'min_samples_leaf': 2, 'n_estimators': 100}"
2023-08-08 07:00:00,Neural Network,7,-1.1885907471264354,-0.9683329691515963,2021-08-08 07:00:00,2023-08-08 07:00:00,2023-08-08 07:00:00,730,1,-0.35941423956503044,0.35941423956503044,"{'regressor__model__alpha': 0.0001, 'regressor__model__hidden_layer_sizes': (64, 32), 'regressor__model__learning_rate_init': 0.0001}"
2023-08-08 07:00:00,Naive,7,-1.1885907471264354,-0.7333222044992033,2021-08-08 07:00:00,2023-08-08 07:00:00,2023-08-08 07:00:00,730,1,,,not_applicable
2023-08-09 07:00:00,Decision Tree,7,-0.412537086813344,-0.6439464079744229,2021-08-09 07:00:00,2023-08-09 07:00:00,2023-08-09 07:00:00,730,1,-0.42290985504429074,0.42290985504429074,"{'max_depth': None, 'min_samples_leaf': 1, 'min_samples_split': 20}"
2023-08-09 07:00:00,ARX,7,-0.412537086813344,-0.7444971297470093,2021-08-09 07:00:00,2023-08-09 07:00:00,2023-08-09 07:00:00,730,1,-0.3032104293734177,0.3032104293734177,{'model__alpha': 0.01}
2023-08-09 07:00:00,Random Forest,7,-0.412537086813344,-0.5171256783952766,2021-08-09 07:00:00,2023-08-09 07:00:00,2023-08-09 07:00:00,730,1,-0.28640559026943707,0.28640559026943707,"{'max_depth': 10, 'max_features': 0.5, 'min_samples_leaf': 2, 'n_estimators': 100}"
2023-08-09 07:00:00,Neural Network,7,-0.412537086813344,-0.7810246898302153,2021-08-09 07:00:00,2023-08-09 07:00:00,2023-08-09 07:00:00,730,1,-0.35941423956503044,0.35941423956503044,"{'regressor__model__alpha': 0.0001, 'regressor__model__hidden_layer_sizes': (64, 32), 'regressor__model__learning_rate_init': 0.0001}"
2023-08-09 07:00:00,Naive,7,-0.412537086813344,-1.1885907471264354,2021-08-09 07:00:00,2023-08-09 07:00:00,2023-08-09 07:00:00,730,1,,,not_applicable
2023-08-10 07:00:00,Decision Tree,7,0.5588294296168249,-0.20778879566593086,2021-08-10 07:00:00,2023-08-10 07:00:00,2023-08-10 07:00:00,730,1,-0.42290985504429074,0.42290985504429074,"{'max_depth': None, 'min_samples_leaf': 1, 'min_samples_split': 20}"
2023-08-10 07:00:00,ARX,7,0.5588294296168249,-0.3542366939002972,2021-08-10 07:00:00,2023-08-10 07:00:00,2023-08-10 07:00:00,730,1,-0.3032104293734177,0.3032104293734177,{'model__alpha': 0.01}
2023-08-10 07:00:00,Random Forest,7,0.5588294296168249,-0.33861632512626755,2021-08-10 07:00:00,2023-08-10 07:00:00,2023-08-10 07:00:00,730,1,-0.28640559026943707,0.28640559026943707,"{'max_depth': 10, 'max_features': 0.5, 'min_samples_leaf': 2, 'n_estimators': 100}"
2023-08-10 07:00:00,Neural Network,7,0.5588294296168249,-0.5870501769953473,2021-08-10 07:00:00,2023-08-10 07:00:00,2023-08-10 07:00:00,730,1,-0.35941423956503044,0.35941423956503044,"{'regressor__model__alpha': 0.0001, 'regressor__model__hidden_layer_sizes': (64, 32), 'regressor__model__learning_rate_init': 0.0001}"
2023-08-10 07:00:00,Naive,7,0.5588294296168249,-0.412537086813344,2021-08-10 07:00:00,2023-08-10 07:00:00,2023-08-10 07:00:00,730,1,,,not_applicable
2023-08-11 07:00:00,Decision Tree,7,0.012657665531872496,-0.22966993751634843,2021-08-11 07:00:00,2023-08-11 07:00:00,2023-08-11 07:00:00,730,1,-0.42290985504429074,0.42290985504429074,"{'max_depth': None, 'min_samples_leaf': 1, 'min_samples_split': 20}"
2023-08-11 07:00:00,ARX,7,0.012657665531872496,-0.37100554258895246,2021-08-11 07:00:00,2023-08-11 07:00:00,2023-08-11 07:00:00,730,1,-0.3032104293734177,0.3032104293734177,{'model__alpha': 0.01}
2023-08-11 07:00:00,Random Forest,7,0.012657665531872496,-0.18101298722055068,2021-08-11 07:00:00,2023-08-11 07:00:00,2023-08-11 07:00:00,730,1,-0.28640559026943707,0.28640559026943707,"{'max_depth': 10, 'max_features': 0.5, 'min_samples_leaf': 2, 'n_estimators': 100}"
2023-08-11 07:00:00,Neural Network,7,0.012657665531872496,-0.26222409533969193,2021-08-11 07:00:00,2023-08-11 07:00:00,2023-08-11 07:00:00,730,1,-0.35941423956503044,0.35941423956503044,"{'regressor__model__alpha': 0.0001, 'regressor__model__hidden_layer_sizes': (64, 32), 'regressor__model__learning_rate_init': 0.0001}"
2023-08-11 07:00:00,Naive,7,0.012657665531872496,0.5588294296168249,2021-08-11 07:00:00,2023-08-11 07:00:00,2023-08-11 07:00:00,730,1,,,not_applicable
2023-08-12 07:00:00,Decision Tree,7,-0.4748517976514202,-0.6620473713807224,2021-08-12 07:00:00,2023-08-12 07:00:00,2023-08-12 07:00:00,730,1,-0.42290985504429074,0.42290985504429074,"{'max_depth': None, 'min_samples_leaf': 1, 'min_samples_split': 20}"
2023-08-12 07:00:00,ARX,7,-0.4748517976514202,-0.7262244799761175,2021-08-12 07:00:00,2023-08-12 07:00:00,2023-08-12 07:00:00,730,1,-0.3032104293734177,0.3032104293734177,{'model__alpha': 0.01}
2023-08-12 07:00:00,Random Forest,7,-0.4748517976514202,-0.5435470822234975,2021-08-12 07:00:00,2023-08-12 07:00:00,2023-08-12 07:00:00,730,1,-0.28640559026943707,0.28640559026943707,"{'max_depth': 10, 'max_features': 0.5, 'min_samples_leaf': 2, 'n_estimators': 100}"
2023-08-12 07:00:00,Neural Network,7,-0.4748517976514202,-0.505081939440899,2021-08-12 07:00:00,2023-08-12 07:00:00,2023-08-12 07:00:00,730,1,-0.35941423956503044,0.35941423956503044,"{'regressor__model__alpha': 0.0001, 'regressor__model__hidden_layer_sizes': (64, 32), 'regressor__model__learning_rate_init': 0.0001}"
2023-08-12 07:00:00,Naive,7,-0.4748517976514202,0.012657665531872496,2021-08-12 07:00:00,2023-08-12 07:00:00,2023-08-12 07:00:00,730,1,,,not_applicable
2023-08-13 07:00:00,Decision Tree,7,-0.7040894419404853,-0.6521949727633907,2021-08-13 07:00:00,2023-08-13 07:00:00,2023-08-13 07:00:00,730,1,-0.42290985504429074,0.42290985504429074,"{'max_depth': None, 'min_samples_leaf': 1, 'min_samples_split': 20}"
2023-08-13 07:00:00,ARX,7,-0.7040894419404853,-0.8221482134651228,2021-08-13 07:00:00,2023-08-13 07:00:00,2023-08-13 07:00:00,730,1,-0.3032104293734177,0.3032104293734177,{'model__alpha': 0.01}
2023-08-13 07:00:00,Random Forest,7,-0.7040894419404853,-0.6780359256654844,2021-08-13 07:00:00,2023-08-13 07:00:00,2023-08-13 07:00:00,730,1,-0.28640559026943707,0.28640559026943707,"{'max_depth': 10, 'max_features': 0.5, 'min_samples_leaf': 2, 'n_estimators': 100}"
2023-08-13 07:00:00,Neural Network,7,-0.7040894419404853,-0.7405006764654438,2021-08-13 07:00:00,2023-08-13 07:00:00,2023-08-13 07:00:00,730,1,-0.35941423956503044,0.35941423956503044,"{'regressor__model__alpha': 0.0001, 'regressor__model__hidden_layer_sizes': (64, 32), 'regressor__model__learning_rate_init': 0.0001}"
2023-08-13 07:00:00,Naive,7,-0.7040894419404853,-0.4748517976514202,2021-08-13 07:00:00,2023-08-13 07:00:00,2023-08-13 07:00:00,730,1,,,not_applicable
2023-08-14 07:00:00,Decision Tree,7,0.007636110171924304,0.5588294296168249,2021-08-14 07:00:00,2023-08-14 07:00:00,2023-08-14 07:00:00,730,1,-0.42290985504429074,0.42290985504429074,"{'max_depth': None, 'min_samples_leaf': 1, 'min_samples_split': 20}"
2023-08-14 07:00:00,ARX,7,0.007636110171924304,-0.0524503587230023,2021-08-14 07:00:00,2023-08-14 07:00:00,2023-08-14 07:00:00,730,1,-0.3032104293734177,0.3032104293734177,{'model__alpha': 0.01}
2023-08-14 07:00:00,Random Forest,7,0.007636110171924304,-0.2997225241770021,2021-08-14 07:00:00,2023-08-14 07:00:00,2023-08-14 07:00:00,730,1,-0.28640559026943707,0.28640559026943707,"{'max_depth': 10, 'max_features': 0.5, 'min_samples_leaf': 2, 'n_estimators': 100}"
2023-08-14 07:00:00,Neural Network,7,0.007636110171924304,-0.16476455587733763,2021-08-14 07:00:00,2023-08-14 07:00:00,2023-08-14 07:00:00,730,1,-0.35941423956503044,0.35941423956503044,"{'regressor__model__alpha': 0.0001, 'regressor__model__hidden_layer_sizes': (64, 32), 'regressor__model__learning_rate_init': 0.0001}"
2023-08-14 07:00:00,Naive,7,0.007636110171924304,-0.7040894419404853,2021-08-14 07:00:00,2023-08-14 07:00:00,2023-08-14 07:00:00,730,1,,,not_applicable
2023-08-15 07:00:00,Decision Tree,7,-0.0845024764179045,0.04679198273635596,2021-08-15 07:00:00,2023-08-15 07:00:00,2023-08-15 07:00:00,730,1,-0.42290985504429074,0.42290985504429074,"{'max_depth': None, 'min_samples_leaf': 1, 'min_samples_split': 20}"
2023-08-15 07:00:00,ARX,7,-0.0845024764179045,-0.2583581840786402,2021-08-15 07:00:00,2023-08-15 07:00:00,2023-08-15 07:00:00,730,1,-0.3032104293734177,0.3032104293734177,{'model__alpha': 0.01}
2023-08-15 07:00:00,Random Forest,7,-0.0845024764179045,-0.1614108479816627,2021-08-15 07:00:00,2023-08-15 07:00:00,2023-08-15 07:00:00,730,1,-0.28640559026943707,0.28640559026943707,"{'max_depth': 10, 'max_features': 0.5, 'min_samples_leaf': 2, 'n_estimators': 100}"
2023-08-15 07:00:00,Neural Network,7,-0.0845024764179045,-0.2215138327569457,2021-08-15 07:00:00,2023-08-15 07:00:00,2023-08-15 07:00:00,730,1,-0.35941423956503044,0.35941423956503044,"{'regressor__model__alpha': 0.0001, 'regressor__model__hidden_layer_sizes': (64, 32), 'regressor__model__learning_rate_init': 0.0001}"
2023-08-15 07:00:00,Naive,7,-0.0845024764179045,0.007636110171924304,2021-08-15 07:00:00,2023-08-15 07:00:00,2023-08-15 07:00:00,730,1,,,not_applicable
2023-08-16 07:00:00,Decision Tree,7,0.04365987182509501,0.06287928904334276,2021-08-16 07:00:00,2023-08-16 07:00:00,2023-08-16 07:00:00,730,1,-0.42290985504429074,0.42290985504429074,"{'max_depth': None, 'min_samples_leaf': 1, 'min_samples_split': 20}"
2023-08-16 07:00:00,ARX,7,0.04365987182509501,-0.04760252809680199,2021-08-16 07:00:00,2023-08-16 07:00:00,2023-08-16 07:00:00,730,1,-0.3032104293734177,0.3032104293734177,{'model__alpha': 0.01}
2023-08-16 07:00:00,Random Forest,7,0.04365987182509501,-0.05259891926488694,2021-08-16 07:00:00,2023-08-16 07:00:00,2023-08-16 07:00:00,730,1,-0.28640559026943707,0.28640559026943707,"{'max_depth': 10, 'max_features': 0.5, 'min_samples_leaf': 2, 'n_estimators': 100}"
2023-08-16 07:00:00,Neural Network,7,0.04365987182509501,0.09609037322258063,2021-08-16 07:00:00,2023-08-16 07:00:00,2023-08-16 07:00:00,730,1,-0.35941423956503044,0.35941423956503044,"{'regressor__model__alpha': 0.0001, 'regressor__model__hidden_layer_sizes': (64, 32), 'regressor__model__learning_rate_init': 0.0001}"
2023-08-16 07:00:00,Naive,7,0.04365987182509501,-0.0845024764179045,2021-08-16 07:00:00,2023-08-16 07:00:00,2023-08-16 07:00:00,730,1,,,not_applicable
2023-08-17 07:00:00,Decision Tree,7,-0.06941666845474119,0.024909572877312547,2021-08-17 07:00:00,2023-08-17 07:00:00,2023-08-17 07:00:00,730,1,-0.42290985504429074,0.42290985504429074,"{'max_depth': None, 'min_samples_leaf': 1, 'min_samples_split': 20}"
2023-08-17 07:00:00,ARX,7,-0.06941666845474119,-0.16001372054470897,2021-08-17 07:00:00,2023-08-17 07:00:00,2023-08-17 07:00:00,730,1,-0.3032104293734177,0.3032104293734177,{'model__alpha': 0.01}
2023-08-17 07:00:00,Random Forest,7,-0.06941666845474119,-0.15481159313485757,2021-08-17 07:00:00,2023-08-17 07:00:00,2023-08-17 07:00:00,730,1,-0.28640559026943707,0.28640559026943707,"{'max_depth': 10, 'max_features': 0.5, 'min_samples_leaf': 2, 'n_estimators': 100}"
2023-08-17 07:00:00,Neural Network,7,-0.06941666845474119,0.07070148927718667,2021-08-17 07:00:00,2023-08-17 07:00:00,2023-08-17 07:00:00,730,1,-0.35941423956503044,0.35941423956503044,"{'regressor__model__alpha': 0.0001, 'regressor__model__hidden_layer_sizes': (64, 32), 'regressor__model__learning_rate_init': 0.0001}"
2023-08-17 07:00:00,Naive,7,-0.06941666845474119,0.04365987182509501,2021-08-17 07:00:00,2023-08-17 07:00:00,2023-08-17 07:00:00,730,1,,,not_applicable
2023-08-18 07:00:00,Decision Tree,7,-0.020302959555589473,-0.2680011447015753,2021-08-18 07:00:00,2023-08-18 07:00:00,2023-08-18 07:00:00,730,1,-0.42290985504429074,0.42290985504429074,"{'max_depth': None, 'min_samples_leaf': 1, 'min_samples_split': 20}"
2023-08-18 07:00:00,ARX,7,-0.020302959555589473,-0.1918676134429922,2021-08-18 07:00:00,2023-08-18 07:00:00,2023-08-18 07:00:00,730,1,-0.3032104293734177,0.3032104293734177,{'model__alpha': 0.01}
2023-08-18 07:00:00,Random Forest,7,-0.020302959555589473,-0.14222259964136608,2021-08-18 07:00:00,2023-08-18 07:00:00,2023-08-18 07:00:00,730,1,-0.28640559026943707,0.28640559026943707,"{'max_depth': 10, 'max_features': 0.5, 'min_samples_leaf': 2, 'n_estimators': 100}"
2023-08-18 07:00:00,Neural Network,7,-0.020302959555589473,-0.09684626744830305,2021-08-18 07:00:00,2023-08-18 07:00:00,2023-08-18 07:00:00,730,1,-0.35941423956503044,0.35941423956503044,"{'regressor__model__alpha': 0.0001, 'regressor__model__hidden_layer_sizes': (64, 32), 'regressor__model__learning_rate_init': 0.0001}"
2023-08-18 07:00:00,Naive,7,-0.020302959555589473,-0.06941666845474119,2021-08-18 07:00:00,2023-08-18 07:00:00,2023-08-18 07:00:00,730,1,,,not_applicable
2023-08-19 07:00:00,Decision Tree,7,-0.5783992662624086,-0.3077085688001394,2021-08-19 07:00:00,2023-08-19 07:00:00,2023-08-19 07:00:00,730,1,-0.42290985504429074,0.42290985504429074,"{'max_depth': None, 'min_samples_leaf': 1, 'min_samples_split': 20}"
2023-08-19 07:00:00,ARX,7,-0.5783992662624086,-0.7258502116986423,2021-08-19 07:00:00,2023-08-19 07:00:00,2023-08-19 07:00:00,730,1,-0.3032104293734177,0.3032104293734177,{'model__alpha': 0.01}
2023-08-19 07:00:00,Random Forest,7,-0.5783992662624086,-0.5158864703344611,2021-08-19 07:00:00,2023-08-19 07:00:00,2023-08-19 07:00:00,730,1,-0.28640559026943707,0.28640559026943707,"{'max_depth': 10, 'max_features': 0.5, 'min_samples_leaf': 2, 'n_estimators': 100}"
2023-08-19 07:00:00,Neural Network,7,-0.5783992662624086,-0.5110854578076207,2021-08-19 07:00:00,2023-08-19 07:00:00,2023-08-19 07:00:00,730,1,-0.35941423956503044,0.35941423956503044,"{'regressor__model__alpha': 0.0001, 'regressor__model__hidden_layer_sizes': (64, 32), 'regressor__model__learning_rate_init': 0.0001}"
2023-08-19 07:00:00,Naive,7,-0.5783992662624086,-0.020302959555589473,2021-08-19 07:00:00,2023-08-19 07:00:00,2023-08-19 07:00:00,730,1,,,not_applicable
2023-08-20 07:00:00,Decision Tree,7,-0.48132828913702286,-0.5975615679150206,2021-08-20 07:00:00,2023-08-20 07:00:00,2023-08-20 07:00:00,730,1,-0.42290985504429074,0.42290985504429074,"{'max_depth': None, 'min_samples_leaf': 1, 'min_samples_split': 20}"
2023-08-20 07:00:00,ARX,7,-0.48132828913702286,-0.7517391148685184,2021-08-20 07:00:00,2023-08-20 07:00:00,2023-08-20 07:00:00,730,1,-0.3032104293734177,0.3032104293734177,{'model__alpha': 0.01}
2023-08-20 07:00:00,Random Forest,7,-0.48132828913702286,-0.6327386432115063,2021-08-20 07:00:00,2023-08-20 07:00:00,2023-08-20 07:00:00,730,1,-0.28640559026943707,0.28640559026943707,"{'max_depth': 10, 'max_features': 0.5, 'min_samples_leaf': 2, 'n_estimators': 100}"
2023-08-20 07:00:00,Neural Network,7,-0.48132828913702286,-0.5729906758834482,2021-08-20 07:00:00,2023-08-20 07:00:00,2023-08-20 07:00:00,730,1,-0.35941423956503044,0.35941423956503044,"{'regressor__model__alpha': 0.0001, 'regressor__model__hidden_layer_sizes': (64, 32), 'regressor__model__learning_rate_init': 0.0001}"
2023-08-20 07:00:00,Naive,7,-0.48132828913702286,-0.5783992662624086,2021-08-20 07:00:00,2023-08-20 07:00:00,2023-08-20 07:00:00,730,1,,,not_applicable
2023-08-21 07:00:00,Decision Tree,7,0.21531701944903334,0.05676165258030925,2021-08-21 07:00:00,2023-08-21 07:00:00,2023-08-21 07:00:00,730,1,-0.42290985504429074,0.42290985504429074,"{'max_depth': None, 'min_samples_leaf': 1, 'min_samples_split': 20}"
2023-08-21 07:00:00,ARX,7,0.21531701944903334,0.08450287500905307,2021-08-21 07:00:00,2023-08-21 07:00:00,2023-08-21 07:00:00,730,1,-0.3032104293734177,0.3032104293734177,{'model__alpha': 0.01}
2023-08-21 07:00:00,Random Forest,7,0.21531701944903334,0.008144330306306,2021-08-21 07:00:00,2023-08-21 07:00:00,2023-08-21 07:00:00,730,1,-0.28640559026943707,0.28640559026943707,"{'max_depth': 10, 'max_features': 0.5, 'min_samples_leaf': 2, 'n_estimators': 100}"
2023-08-21 07:00:00,Neural Network,7,0.21531701944903334,0.13379951993844252,2021-08-21 07:00:00,2023-08-21 07:00:00,2023-08-21 07:00:00,730,1,-0.35941423956503044,0.35941423956503044,"{'regressor__model__alpha': 0.0001, 'regressor__model__hidden_layer_sizes': (64, 32), 'regressor__model__learning_rate_init': 0.0001}"
2023-08-21 07:00:00,Naive,7,0.21531701944903334,-0.48132828913702286,2021-08-21 07:00:00,2023-08-21 07:00:00,2023-08-21 07:00:00,730,1,,,not_applicable
2023-08-22 07:00:00,Decision Tree,7,0.09811655855448118,0.06608843886670479,2021-08-22 07:00:00,2023-08-22 07:00:00,2023-08-22 07:00:00,730,1,-0.42290985504429074,0.42290985504429074,"{'max_depth': None, 'min_samples_leaf': 1, 'min_samples_split': 20}"
2023-08-22 07:00:00,ARX,7,0.09811655855448118,0.05276709076766384,2021-08-22 07:00:00,2023-08-22 07:00:00,2023-08-22 07:00:00,730,1,-0.3032104293734177,0.3032104293734177,{'model__alpha': 0.01}
2023-08-22 07:00:00,Random Forest,7,0.09811655855448118,0.10736141684698726,2021-08-22 07:00:00,2023-08-22 07:00:00,2023-08-22 07:00:00,730,1,-0.28640559026943707,0.28640559026943707,"{'max_depth': 10, 'max_features': 0.5, 'min_samples_leaf': 2, 'n_estimators': 100}"
2023-08-22 07:00:00,Neural Network,7,0.09811655855448118,0.5403613744762417,2021-08-22 07:00:00,2023-08-22 07:00:00,2023-08-22 07:00:00,730,1,-0.35941423956503044,0.35941423956503044,"{'regressor__model__alpha': 0.0001, 'regressor__model__hidden_layer_sizes': (64, 32), 'regressor__model__learning_rate_init': 0.0001}"
2023-08-22 07:00:00,Naive,7,0.09811655855448118,0.21531701944903334,2021-08-22 07:00:00,2023-08-22 07:00:00,2023-08-22 07:00:00,730,1,,,not_applicable
2023-08-23 07:00:00,Decision Tree,7,0.22570546032413294,0.04982305026970272,2021-08-23 07:00:00,2023-08-23 07:00:00,2023-08-23 07:00:00,730,1,-0.42290985504429074,0.42290985504429074,"{'max_depth': None, 'min_samples_leaf': 1, 'min_samples_split': 20}"
2023-08-23 07:00:00,ARX,7,0.22570546032413294,0.198335739981649,2021-08-23 07:00:00,2023-08-23 07:00:00,2023-08-23 07:00:00,730,1,-0.3032104293734177,0.3032104293734177,{'model__alpha': 0.01}
2023-08-23 07:00:00,Random Forest,7,0.22570546032413294,0.1958671173751246,2021-08-23 07:00:00,2023-08-23 07:00:00,2023-08-23 07:00:00,730,1,-0.28640559026943707,0.28640559026943707,"{'max_depth': 10, 'max_features': 0.5, 'min_samples_leaf': 2, 'n_estimators': 100}"
2023-08-23 07:00:00,Neural Network,7,0.22570546032413294,0.31672816424531536,2021-08-23 07:00:00,2023-08-23 07:00:00,2023-08-23 07:00:00,730,1,-0.35941423956503044,0.35941423956503044,"{'regressor__model__alpha': 0.0001, 'regressor__model__hidden_layer_sizes': (64, 32), 'regressor__model__learning_rate_init': 0.0001}"
2023-08-23 07:00:00,Naive,7,0.22570546032413294,0.09811655855448118,2021-08-23 07:00:00,2023-08-23 07:00:00,2023-08-23 07:00:00,730,1,,,not_applicable
2023-08-24 07:00:00,Decision Tree,7,0.26477857203504207,1.1076526547566263,2021-08-24 07:00:00,2023-08-24 07:00:00,2023-08-24 07:00:00,730,1,-0.42290985504429074,0.42290985504429074,"{'max_depth': None, 'min_samples_leaf': 1, 'min_samples_split': 20}"
2023-08-24 07:00:00,ARX,7,0.26477857203504207,0.41973862597624445,2021-08-24 07:00:00,2023-08-24 07:00:00,2023-08-24 07:00:00,730,1,-0.3032104293734177,0.3032104293734177,{'model__alpha': 0.01}
2023-08-24 07:00:00,Random Forest,7,0.26477857203504207,0.7312890408585109,2021-08-24 07:00:00,2023-08-24 07:00:00,2023-08-24 07:00:00,730,1,-0.28640559026943707,0.28640559026943707,"{'max_depth': 10, 'max_features': 0.5, 'min_samples_leaf': 2, 'n_estimators': 100}"
2023-08-24 07:00:00,Neural Network,7,0.26477857203504207,0.6511114273990434,2021-08-24 07:00:00,2023-08-24 07:00:00,2023-08-24 07:00:00,730,1,-0.35941423956503044,0.35941423956503044,"{'regressor__model__alpha': 0.0001, 'regressor__model__hidden_layer_sizes': (64, 32), 'regressor__model__learning_rate_init': 0.0001}"
2023-08-24 07:00:00,Naive,7,0.26477857203504207,0.22570546032413294,2021-08-24 07:00:00,2023-08-24 07:00:00,2023-08-24 07:00:00,730,1,,,not_applicable
2023-08-25 07:00:00,Decision Tree,7,-0.0917378169192835,0.06786777884935903,2021-08-25 07:00:00,2023-08-25 07:00:00,2023-08-25 07:00:00,730,1,-0.42290985504429074,0.42290985504429074,"{'max_depth': None, 'min_samples_leaf': 1, 'min_samples_split': 20}"
2023-08-25 07:00:00,ARX,7,-0.0917378169192835,0.21919262293083785,2021-08-25 07:00:00,2023-08-25 07:00:00,2023-08-25 07:00:00,730,1,-0.3032104293734177,0.3032104293734177,{'model__alpha': 0.01}
2023-08-25 07:00:00,Random Forest,7,-0.0917378169192835,0.1395208376957463,2021-08-25 07:00:00,2023-08-25 07:00:00,2023-08-25 07:00:00,730,1,-0.28640559026943707,0.28640559026943707,"{'max_depth': 10, 'max_features': 0.5, 'min_samples_leaf': 2, 'n_estimators': 100}"
2023-08-25 07:00:00,Neural Network,7,-0.0917378169192835,0.3928151423273748,2021-08-25 07:00:00,2023-08-25 07:00:00,2023-08-25 07:00:00,730,1,-0.35941423956503044,0.35941423956503044,"{'regressor__model__alpha': 0.0001, 'regressor__model__hidden_layer_sizes': (64, 32), 'regressor__model__learning_rate_init': 0.0001}"
2023-08-25 07:00:00,Naive,7,-0.0917378169192835,0.26477857203504207,2021-08-25 07:00:00,2023-08-25 07:00:00,2023-08-25 07:00:00,730,1,,,not_applicable
2023-08-26 07:00:00,Decision Tree,7,-0.5287541555153605,-0.42883157716472586,2021-08-26 07:00:00,2023-08-26 07:00:00,2023-08-26 07:00:00,730,1,-0.42290985504429074,0.42290985504429074,"{'max_depth': None, 'min_samples_leaf': 1, 'min_samples_split': 20}"
2023-08-26 07:00:00,ARX,7,-0.5287541555153605,-0.3774842097704936,2021-08-26 07:00:00,2023-08-26 07:00:00,2023-08-26 07:00:00,730,1,-0.3032104293734177,0.3032104293734177,{'model__alpha': 0.01}
2023-08-26 07:00:00,Random Forest,7,-0.5287541555153605,-0.47838374770525866,2021-08-26 07:00:00,2023-08-26 07:00:00,2023-08-26 07:00:00,730,1,-0.28640559026943707,0.28640559026943707,"{'max_depth': 10, 'max_features': 0.5, 'min_samples_leaf': 2, 'n_estimators': 100}"
2023-08-26 07:00:00,Neural Network,7,-0.5287541555153605,-0.21470914502128746,2021-08-26 07:00:00,2023-08-26 07:00:00,2023-08-26 07:00:00,730,1,-0.35941423956503044,0.35941423956503044,"{'regressor__model__alpha': 0.0001, 'regressor__model__hidden_layer_sizes': (64, 32), 'regressor__model__learning_rate_init': 0.0001}"
2023-08-26 07:00:00,Naive,7,-0.5287541555153605,-0.0917378169192835,2021-08-26 07:00:00,2023-08-26 07:00:00,2023-08-26 07:00:00,730,1,,,not_applicable
2023-08-27 07:00:00,Decision Tree,7,-0.5245932464271583,-0.7512011784342253,2021-08-27 07:00:00,2023-08-27 07:00:00,2023-08-27 07:00:00,730,1,-0.42290985504429074,0.42290985504429074,"{'max_depth': None, 'min_samples_leaf': 1, 'min_samples_split': 20}"
2023-08-27 07:00:00,ARX,7,-0.5245932464271583,-0.5260628310861519,2021-08-27 07:00:00,2023-08-27 07:00:00,2023-08-27 07:00:00,730,1,-0.3032104293734177,0.3032104293734177,{'model__alpha': 0.01}
2023-08-27 07:00:00,Random Forest,7,-0.5245932464271583,-0.5409253682203449,2021-08-27 07:00:00,2023-08-27 07:00:00,2023-08-27 07:00:00,730,1,-0.28640559026943707,0.28640559026943707,"{'max_depth': 10, 'max_features': 0.5, 'min_samples_leaf': 2, 'n_estimators': 100}"
2023-08-27 07:00:00,Neural Network,7,-0.5245932464271583,-0.6450822331036561,2021-08-27 07:00:00,2023-08-27 07:00:00,2023-08-27 07:00:00,730,1,-0.35941423956503044,0.35941423956503044,"{'regressor__model__alpha': 0.0001, 'regressor__model__hidden_layer_sizes': (64, 32), 'regressor__model__learning_rate_init': 0.0001}"
2023-08-27 07:00:00,Naive,7,-0.5245932464271583,-0.5287541555153605,2021-08-27 07:00:00,2023-08-27 07:00:00,2023-08-27 07:00:00,730,1,,,not_applicable
2023-08-28 07:00:00,Decision Tree,7,-0.02877052943284534,0.05946748433521995,2021-08-28 07:00:00,2023-08-28 07:00:00,2023-08-28 07:00:00,730,1,-0.42290985504429074,0.42290985504429074,"{'max_depth': None, 'min_samples_leaf': 1, 'min_samples_split': 20}"
2023-08-28 07:00:00,ARX,7,-0.02877052943284534,-0.00025824911055361,2021-08-28 07:00:00,2023-08-28 07:00:00,2023-08-28 07:00:00,730,1,-0.3032104293734177,0.3032104293734177,{'model__alpha': 0.01}
2023-08-28 07:00:00,Random Forest,7,-0.02877052943284534,-0.0033444983855156606,2021-08-28 07:00:00,2023-08-28 07:00:00,2023-08-28 07:00:00,730,1,-0.28640559026943707,0.28640559026943707,"{'max_depth': 10, 'max_features': 0.5, 'min_samples_leaf': 2, 'n_estimators': 100}"
2023-08-28 07:00:00,Neural Network,7,-0.02877052943284534,0.12439797283162357,2021-08-28 07:00:00,2023-08-28 07:00:00,2023-08-28 07:00:00,730,1,-0.35941423956503044,0.35941423956503044,"{'regressor__model__alpha': 0.0001, 'regressor__model__hidden_layer_sizes': (64, 32), 'regressor__model__learning_rate_init': 0.0001}"
2023-08-28 07:00:00,Naive,7,-0.02877052943284534,-0.5245932464271583,2021-08-28 07:00:00,2023-08-28 07:00:00,2023-08-28 07:00:00,730,1,,,not_applicable
2023-08-29 07:00:00,Decision Tree,7,0.04912002713093646,0.29333664768085044,2021-08-29 07:00:00,2023-08-29 07:00:00,2023-08-29 07:00:00,730,1,-0.42290985504429074,0.42290985504429074,"{'max_depth': None, 'min_samples_leaf': 1, 'min_samples_split': 20}"
2023-08-29 07:00:00,ARX,7,0.04912002713093646,0.06464448747149865,2021-08-29 07:00:00,2023-08-29 07:00:00,2023-08-29 07:00:00,730,1,-0.3032104293734177,0.3032104293734177,{'model__alpha': 0.01}
2023-08-29 07:00:00,Random Forest,7,0.04912002713093646,0.18933283431380685,2021-08-29 07:00:00,2023-08-29 07:00:00,2023-08-29 07:00:00,730,1,-0.28640559026943707,0.28640559026943707,"{'max_depth': 10, 'max_features': 0.5, 'min_samples_leaf': 2, 'n_estimators': 100}"
2023-08-29 07:00:00,Neural Network,7,0.04912002713093646,0.3768453276358762,2021-08-29 07:00:00,2023-08-29 07:00:00,2023-08-29 07:00:00,730,1,-0.35941423956503044,0.35941423956503044,"{'regressor__model__alpha': 0.0001, 'regressor__model__hidden_layer_sizes': (64, 32), 'regressor__model__learning_rate_init': 0.0001}"
2023-08-29 07:00:00,Naive,7,0.04912002713093646,-0.02877052943284534,2021-08-29 07:00:00,2023-08-29 07:00:00,2023-08-29 07:00:00,730,1,,,not_applicable
2023-08-30 07:00:00,Decision Tree,7,0.011460834090889221,0.06335246642773582,2021-08-30 07:00:00,2023-08-30 07:00:00,2023-08-30 07:00:00,730,1,-0.42290985504429074,0.42290985504429074,"{'max_depth': None, 'min_samples_leaf': 1, 'min_samples_split': 20}"
2023-08-30 07:00:00,ARX,7,0.011460834090889221,-0.049190958868010615,2021-08-30 07:00:00,2023-08-30 07:00:00,2023-08-30 07:00:00,730,1,-0.3032104293734177,0.3032104293734177,{'model__alpha': 0.01}
2023-08-30 07:00:00,Random Forest,7,0.011460834090889221,0.11162098645340654,2021-08-30 07:00:00,2023-08-30 07:00:00,2023-08-30 07:00:00,730,1,-0.28640559026943707,0.28640559026943707,"{'max_depth': 10, 'max_features': 0.5, 'min_samples_leaf': 2, 'n_estimators': 100}"
2023-08-30 07:00:00,Neural Network,7,0.011460834090889221,0.22412019205213973,2021-08-30 07:00:00,2023-08-30 07:00:00,2023-08-30 07:00:00,730,1,-0.35941423956503044,0.35941423956503044,"{'regressor__model__alpha': 0.0001, 'regressor__model__hidden_layer_sizes': (64, 32), 'regressor__model__learning_rate_init': 0.0001}"
2023-08-30 07:00:00,Naive,7,0.011460834090889221,0.04912002713093646,2021-08-30 07:00:00,2023-08-30 07:00:00,2023-08-30 07:00:00,730,1,,,not_applicable
2023-08-31 07:00:00,Decision Tree,7,-0.020144152970326037,-0.01543272352520232,2021-08-31 07:00:00,2023-08-31 07:00:00,2023-08-31 07:00:00,730,1,-0.42290985504429074,0.42290985504429074,"{'max_depth': None, 'min_samples_leaf': 1, 'min_samples_split': 20}"
2023-08-31 07:00:00,ARX,7,-0.020144152970326037,-0.10683994601659919,2021-08-31 07:00:00,2023-08-31 07:00:00,2023-08-31 07:00:00,730,1,-0.3032104293734177,0.3032104293734177,{'model__alpha': 0.01}
2023-08-31 07:00:00,Random Forest,7,-0.020144152970326037,-0.0026356278780421626,2021-08-31 07:00:00,2023-08-31 07:00:00,2023-08-31 07:00:00,730,1,-0.28640559026943707,0.28640559026943707,"{'max_depth': 10, 'max_features': 0.5, 'min_samples_leaf': 2, 'n_estimators': 100}"
2023-08-31 07:00:00,Neural Network,7,-0.020144152970326037,-0.0744457893054784,2021-08-31 07:00:00,2023-08-31 07:00:00,2023-08-31 07:00:00,730,1,-0.35941423956503044,0.35941423956503044,"{'regressor__model__alpha': 0.0001, 'regressor__model__hidden_layer_sizes': (64, 32), 'regressor__model__learning_rate_init': 0.0001}"
2023-08-31 07:00:00,Naive,7,-0.020144152970326037,0.011460834090889221,2021-08-31 07:00:00,2023-08-31 07:00:00,2023-08-31 07:00:00,730,1,,,not_applicable
2023-09-01 07:00:00,Decision Tree,7,-0.17425171220045516,-0.14061556740409986,2021-09-01 07:00:00,2023-09-01 07:00:00,2023-09-01 07:00:00,730,1,-0.42290985504429074,0.42290985504429074,"{'max_depth': None, 'min_samples_leaf': 1, 'min_samples_split': 20}"
2023-09-01 07:00:00,ARX,7,-0.17425171220045516,-0.17781272136380744,2021-09-01 07:00:00,2023-09-01 07:00:00,2023-09-01 07:00:00,730,1,-0.3032104293734177,0.3032104293734177,{'model__alpha': 0.01}
2023-09-01 07:00:00,Random Forest,7,-0.17425171220045516,-0.1356350062830242,2021-09-01 07:00:00,2023-09-01 07:00:00,2023-09-01 07:00:00,730,1,-0.28640559026943707,0.28640559026943707,"{'max_depth': 10, 'max_features': 0.5, 'min_samples_leaf': 2, 'n_estimators': 100}"
2023-09-01 07:00:00,Neural Network,7,-0.17425171220045516,-0.07020752671570096,2021-09-01 07:00:00,2023-09-01 07:00:00,2023-09-01 07:00:00,730,1,-0.35941423956503044,0.35941423956503044,"{'regressor__model__alpha': 0.0001, 'regressor__model__hidden_layer_sizes': (64, 32), 'regressor__model__learning_rate_init': 0.0001}"
2023-09-01 07:00:00,Naive,7,-0.17425171220045516,-0.020144152970326037,2021-09-01 07:00:00,2023-09-01 07:00:00,2023-09-01 07:00:00,730,1,,,not_applicable
2023-09-02 07:00:00,Decision Tree,7,-0.4795256169844503,-0.7629560199589918,2021-09-02 07:00:00,2023-09-02 07:00:00,2023-09-02 07:00:00,730,1,-0.42290985504429074,0.42290985504429074,"{'max_depth': None, 'min_samples_leaf': 1, 'min_samples_split': 20}"
2023-09-02 07:00:00,ARX,7,-0.4795256169844503,-0.4502901856586652,2021-09-02 07:00:00,2023-09-02 07:00:00,2023-09-02 07:00:00,730,1,-0.3032104293734177,0.3032104293734177,{'model__alpha': 0.01}
2023-09-02 07:00:00,Random Forest,7,-0.4795256169844503,-0.45351336782326696,2021-09-02 07:00:00,2023-09-02 07:00:00,2023-09-02 07:00:00,730,1,-0.28640559026943707,0.28640559026943707,"{'max_depth': 10, 'max_features': 0.5, 'min_samples_leaf': 2, 'n_estimators': 100}"
2023-09-02 07:00:00,Neural Network,7,-0.4795256169844503,-0.1758803586164075,2021-09-02 07:00:00,2023-09-02 07:00:00,2023-09-02 07:00:00,730,1,-0.35941423956503044,0.35941423956503044,"{'regressor__model__alpha': 0.0001, 'regressor__model__hidden_layer_sizes': (64, 32), 'regressor__model__learning_rate_init': 0.0001}"
2023-09-02 07:00:00,Naive,7,-0.4795256169844503,-0.17425171220045516,2021-09-02 07:00:00,2023-09-02 07:00:00,2023-09-02 07:00:00,730,1,,,not_applicable
2023-09-03 07:00:00,Decision Tree,7,-0.5479387057224452,-0.5812722645536728,2021-09-03 07:00:00,2023-09-03 07:00:00,2023-09-03 07:00:00,730,1,-0.42290985504429074,0.42290985504429074,"{'max_depth': None, 'min_samples_leaf': 1, 'min_samples_split': 20}"
2023-09-03 07:00:00,ARX,7,-0.5479387057224452,-0.8531910706353152,2021-09-03 07:00:00,2023-09-03 07:00:00,2023-09-03 07:00:00,730,1,-0.3032104293734177,0.3032104293734177,{'model__alpha': 0.01}
2023-09-03 07:00:00,Random Forest,7,-0.5479387057224452,-0.6144077710630355,2021-09-03 07:00:00,2023-09-03 07:00:00,2023-09-03 07:00:00,730,1,-0.28640559026943707,0.28640559026943707,"{'max_depth': 10, 'max_features': 0.5, 'min_samples_leaf': 2, 'n_estimators': 100}"
2023-09-03 07:00:00,Neural Network,7,-0.5479387057224452,-0.6019755658075541,2021-09-03 07:00:00,2023-09-03 07:00:00,2023-09-03 07:00:00,730,1,-0.35941423956503044,0.35941423956503044,"{'regressor__model__alpha': 0.0001, 'regressor__model__hidden_layer_sizes': (64, 32), 'regressor__model__learning_rate_init': 0.0001}"
2023-09-03 07:00:00,Naive,7,-0.5479387057224452,-0.4795256169844503,2021-09-03 07:00:00,2023-09-03 07:00:00,2023-09-03 07:00:00,730,1,,,not_applicable
2023-09-04 07:00:00,Decision Tree,7,0.014824078825295448,-0.13432305462378438,2021-09-04 07:00:00,2023-09-04 07:00:00,2023-09-04 07:00:00,730,1,-0.42290985504429074,0.42290985504429074,"{'max_depth': None, 'min_samples_leaf': 1, 'min_samples_split': 20}"
2023-09-04 07:00:00,ARX,7,0.014824078825295448,-0.09943962538357054,2021-09-04 07:00:00,2023-09-04 07:00:00,2023-09-04 07:00:00,730,1,-0.3032104293734177,0.3032104293734177,{'model__alpha': 0.01}
2023-09-04 07:00:00,Random Forest,7,0.014824078825295448,-0.14156937090896124,2021-09-04 07:00:00,2023-09-04 07:00:00,2023-09-04 07:00:00,730,1,-0.28640559026943707,0.28640559026943707,"{'max_depth': 10, 'max_features': 0.5, 'min_samples_leaf': 2, 'n_estimators': 100}"
2023-09-04 07:00:00,Neural Network,7,0.014824078825295448,0.00603348016554528,2021-09-04 07:00:00,2023-09-04 07:00:00,2023-09-04 07:00:00,730,1,-0.35941423956503044,0.35941423956503044,"{'regressor__model__alpha': 0.0001, 'regressor__model__hidden_layer_sizes': (64, 32), 'regressor__model__learning_rate_init': 0.0001}"
2023-09-04 07:00:00,Naive,7,0.014824078825295448,-0.5479387057224452,2021-09-04 07:00:00,2023-09-04 07:00:00,2023-09-04 07:00:00,730,1,,,not_applicable
2023-09-05 07:00:00,Decision Tree,7,-0.20121093945755614,-0.13432305462378438,2021-09-05 07:00:00,2023-09-05 07:00:00,2023-09-05 07:00:00,730,1,-0.42290985504429074,0.42290985504429074,"{'max_depth': None, 'min_samples_leaf': 1, 'min_samples_split': 20}"
2023-09-05 07:00:00,ARX,7,-0.20121093945755614,-0.2208613725099744,2021-09-05 07:00:00,2023-09-05 07:00:00,2023-09-05 07:00:00,730,1,-0.3032104293734177,0.3032104293734177,{'model__alpha': 0.01}
2023-09-05 07:00:00,Random Forest,7,-0.20121093945755614,-0.10600228746628285,2021-09-05 07:00:00,2023-09-05 07:00:00,2023-09-05 07:00:00,730,1,-0.28640559026943707,0.28640559026943707,"{'max_depth': 10, 'max_features': 0.5, 'min_samples_leaf': 2, 'n_estimators': 100}"
2023-09-05 07:00:00,Neural Network,7,-0.20121093945755614,0.047623117321409225,2021-09-05 07:00:00,2023-09-05 07:00:00,2023-09-05 07:00:00,730,1,-0.35941423956503044,0.35941423956503044,"{'regressor__model__alpha': 0.0001, 'regressor__model__hidden_layer_sizes': (64, 32), 'regressor__model__learning_rate_init': 0.0001}"
2023-09-05 07:00:00,Naive,7,-0.20121093945755614,0.014824078825295448,2021-09-05 07:00:00,2023-09-05 07:00:00,2023-09-05 07:00:00,730,1,,,not_applicable
2023-09-06 07:00:00,Decision Tree,7,-0.014440661790161426,0.18596243982342336,2021-09-06 07:00:00,2023-09-06 07:00:00,2023-09-06 07:00:00,730,1,-0.42290985504429074,0.42290985504429074,"{'max_depth': None, 'min_samples_leaf': 1, 'min_samples_split': 20}"
2023-09-06 07:00:00,ARX,7,-0.014440661790161426,-0.07123505208980019,2021-09-06 07:00:00,2023-09-06 07:00:00,2023-09-06 07:00:00,730,1,-0.3032104293734177,0.3032104293734177,{'model__alpha': 0.01}
2023-09-06 07:00:00,Random Forest,7,-0.014440661790161426,0.03587784909064441,2021-09-06 07:00:00,2023-09-06 07:00:00,2023-09-06 07:00:00,730,1,-0.28640559026943707,0.28640559026943707,"{'max_depth': 10, 'max_features': 0.5, 'min_samples_leaf': 2, 'n_estimators': 100}"
2023-09-06 07:00:00,Neural Network,7,-0.014440661790161426,0.1841780650668131,2021-09-06 07:00:00,2023-09-06 07:00:00,2023-09-06 07:00:00,730,1,-0.35941423956503044,0.35941423956503044,"{'regressor__model__alpha': 0.0001, 'regressor__model__hidden_layer_sizes': (64, 32), 'regressor__model__learning_rate_init': 0.0001}"
2023-09-06 07:00:00,Naive,7,-0.014440661790161426,-0.20121093945755614,2021-09-06 07:00:00,2023-09-06 07:00:00,2023-09-06 07:00:00,730,1,,,not_applicable
2023-09-07 07:00:00,Decision Tree,7,-0.15457729001687873,-0.07186873334166063,2021-09-07 07:00:00,2023-09-07 07:00:00,2023-09-07 07:00:00,730,1,-0.42290985504429074,0.42290985504429074,"{'max_depth': None, 'min_samples_leaf': 1, 'min_samples_split': 20}"
2023-09-07 07:00:00,ARX,7,-0.15457729001687873,-0.15306347033767453,2021-09-07 07:00:00,2023-09-07 07:00:00,2023-09-07 07:00:00,730,1,-0.3032104293734177,0.3032104293734177,{'model__alpha': 0.01}
2023-09-07 07:00:00,Random Forest,7,-0.15457729001687873,-0.1327677137183481,2021-09-07 07:00:00,2023-09-07 07:00:00,2023-09-07 07:00:00,730,1,-0.28640559026943707,0.28640559026943707,"{'max_depth': 10, 'max_features': 0.5, 'min_samples_leaf': 2, 'n_estimators': 100}"
2023-09-07 07:00:00,Neural Network,7,-0.15457729001687873,-0.143312315621841,2021-09-07 07:00:00,2023-09-07 07:00:00,2023-09-07 07:00:00,730,1,-0.35941423956503044,0.35941423956503044,"{'regressor__model__alpha': 0.0001, 'regressor__model__hidden_layer_sizes': (64, 32), 'regressor__model__learning_rate_init': 0.0001}"
2023-09-07 07:00:00,Naive,7,-0.15457729001687873,-0.014440661790161426,2021-09-07 07:00:00,2023-09-07 07:00:00,2023-09-07 07:00:00,730,1,,,not_applicable
2023-09-08 07:00:00,Decision Tree,7,-0.10954183989870932,-0.026098477539368226,2021-09-08 07:00:00,2023-09-08 07:00:00,2023-09-08 07:00:00,730,1,-0.42290985504429074,0.42290985504429074,"{'max_depth': None, 'min_samples_leaf': 1, 'min_samples_split': 20}"
2023-09-08 07:00:00,ARX,7,-0.10954183989870932,-0.20912190242437778,2021-09-08 07:00:00,2023-09-08 07:00:00,2023-09-08 07:00:00,730,1,-0.3032104293734177,0.3032104293734177,{'model__alpha': 0.01}
2023-09-08 07:00:00,Random Forest,7,-0.10954183989870932,-0.18528927424523609,2021-09-08 07:00:00,2023-09-08 07:00:00,2023-09-08 07:00:00,730,1,-0.28640559026943707,0.28640559026943707,"{'max_depth': 10, 'max_features': 0.5, 'min_samples_leaf': 2, 'n_estimators': 100}"
2023-09-08 07:00:00,Neural Network,7,-0.10954183989870932,-0.22003400800226758,2021-09-08 07:00:00,2023-09-08 07:00:00,2023-09-08 07:00:00,730,1,-0.35941423956503044,0.35941423956503044,"{'regressor__model__alpha': 0.0001, 'regressor__model__hidden_layer_sizes': (64, 32), 'regressor__model__learning_rate_init': 0.0001}"
2023-09-08 07:00:00,Naive,7,-0.10954183989870932,-0.15457729001687873,2021-09-08 07:00:00,2023-09-08 07:00:00,2023-09-08 07:00:00,730,1,,,not_applicable
2023-09-09 07:00:00,Decision Tree,7,-0.4439583246001183,-0.34918065207275206,2021-09-09 07:00:00,2023-09-09 07:00:00,2023-09-09 07:00:00,730,1,-0.42290985504429074,0.42290985504429074,"{'max_depth': None, 'min_samples_leaf': 1, 'min_samples_split': 20}"
2023-09-09 07:00:00,ARX,7,-0.4439583246001183,-0.4715561621417317,2021-09-09 07:00:00,2023-09-09 07:00:00,2023-09-09 07:00:00,730,1,-0.3032104293734177,0.3032104293734177,{'model__alpha': 0.01}
2023-09-09 07:00:00,Random Forest,7,-0.4439583246001183,-0.4182084249947562,2021-09-09 07:00:00,2023-09-09 07:00:00,2023-09-09 07:00:00,730,1,-0.28640559026943707,0.28640559026943707,"{'max_depth': 10, 'max_features': 0.5, 'min_samples_leaf': 2, 'n_estimators': 100}"
2023-09-09 07:00:00,Neural Network,7,-0.4439583246001183,-0.1658181091385611,2021-09-09 07:00:00,2023-09-09 07:00:00,2023-09-09 07:00:00,730,1,-0.35941423956503044,0.35941423956503044,"{'regressor__model__alpha': 0.0001, 'regressor__model__hidden_layer_sizes': (64, 32), 'regressor__model__learning_rate_init': 0.0001}"
2023-09-09 07:00:00,Naive,7,-0.4439583246001183,-0.10954183989870932,2021-09-09 07:00:00,2023-09-09 07:00:00,2023-09-09 07:00:00,730,1,,,not_applicable
2023-09-10 07:00:00,Decision Tree,7,-0.514704203609232,-0.5657225146957846,2021-09-10 07:00:00,2023-09-10 07:00:00,2023-09-10 07:00:00,730,1,-0.42290985504429074,0.42290985504429074,"{'max_depth': None, 'min_samples_leaf': 1, 'min_samples_split': 20}"
2023-09-10 07:00:00,ARX,7,-0.514704203609232,-0.7099177636383363,2021-09-10 07:00:00,2023-09-10 07:00:00,2023-09-10 07:00:00,730,1,-0.3032104293734177,0.3032104293734177,{'model__alpha': 0.01}
2023-09-10 07:00:00,Random Forest,7,-0.514704203609232,-0.532339702123119,2021-09-10 07:00:00,2023-09-10 07:00:00,2023-09-10 07:00:00,730,1,-0.28640559026943707,0.28640559026943707,"{'max_depth': 10, 'max_features': 0.5, 'min_samples_leaf': 2, 'n_estimators': 100}"
2023-09-10 07:00:00,Neural Network,7,-0.514704203609232,-0.5739007327656405,2021-09-10 07:00:00,2023-09-10 07:00:00,2023-09-10 07:00:00,730,1,-0.35941423956503044,0.35941423956503044,"{'regressor__model__alpha': 0.0001, 'regressor__model__hidden_layer_sizes': (64, 32), 'regressor__model__learning_rate_init': 0.0001}"
2023-09-10 07:00:00,Naive,7,-0.514704203609232,-0.4439583246001183,2021-09-10 07:00:00,2023-09-10 07:00:00,2023-09-10 07:00:00,730,1,,,not_applicable
2023-09-11 07:00:00,Decision Tree,7,0.41616790909747564,0.17065360683468922,2021-09-11 07:00:00,2023-09-11 07:00:00,2023-09-11 07:00:00,730,1,-0.42290985504429074,0.42290985504429074,"{'max_depth': None, 'min_samples_leaf': 1, 'min_samples_split': 20}"
2023-09-11 07:00:00,ARX,7,0.41616790909747564,0.12361085828792673,2021-09-11 07:00:00,2023-09-11 07:00:00,2023-09-11 07:00:00,730,1,-0.3032104293734177,0.3032104293734177,{'model__alpha': 0.01}
2023-09-11 07:00:00,Random Forest,7,0.41616790909747564,0.07515339772744298,2021-09-11 07:00:00,2023-09-11 07:00:00,2023-09-11 07:00:00,730,1,-0.28640559026943707,0.28640559026943707,"{'max_depth': 10, 'max_features': 0.5, 'min_samples_leaf': 2, 'n_estimators': 100}"
2023-09-11 07:00:00,Neural Network,7,0.41616790909747564,0.0039868459985470395,2021-09-11 07:00:00,2023-09-11 07:00:00,2023-09-11 07:00:00,730,1,-0.35941423956503044,0.35941423956503044,"{'regressor__model__alpha': 0.0001, 'regressor__model__hidden_layer_sizes': (64, 32), 'regressor__model__learning_rate_init': 0.0001}"
2023-09-11 07:00:00,Naive,7,0.41616790909747564,-0.514704203609232,2021-09-11 07:00:00,2023-09-11 07:00:00,2023-09-11 07:00:00,730,1,,,not_applicable
2023-09-12 07:00:00,Decision Tree,7,0.8902468972248933,0.059645921260818205,2021-09-12 07:00:00,2023-09-12 07:00:00,2023-09-12 07:00:00,730,1,-0.42290985504429074,0.42290985504429074,"{'max_depth': None, 'min_samples_leaf': 1, 'min_samples_split': 20}"
2023-09-12 07:00:00,ARX,7,0.8902468972248933,0.24135524414594067,2021-09-12 07:00:00,2023-09-12 07:00:00,2023-09-12 07:00:00,730,1,-0.3032104293734177,0.3032104293734177,{'model__alpha': 0.01}
2023-09-12 07:00:00,Random Forest,7,0.8902468972248933,0.42082356808565224,2021-09-12 07:00:00,2023-09-12 07:00:00,2023-09-12 07:00:00,730,1,-0.28640559026943707,0.28640559026943707,"{'max_depth': 10, 'max_features': 0.5, 'min_samples_leaf': 2, 'n_estimators': 100}"
2023-09-12 07:00:00,Neural Network,7,0.8902468972248933,0.5515034913816861,2021-09-12 07:00:00,2023-09-12 07:00:00,2023-09-12 07:00:00,730,1,-0.35941423956503044,0.35941423956503044,"{'regressor__model__alpha': 0.0001, 'regressor__model__hidden_layer_sizes': (64, 32), 'regressor__model__learning_rate_init': 0.0001}"
2023-09-12 07:00:00,Naive,7,0.8902468972248933,0.41616790909747564,2021-09-12 07:00:00,2023-09-12 07:00:00,2023-09-12 07:00:00,730,1,,,not_applicable
2023-09-13 07:00:00,Decision Tree,7,-0.03743031585224196,0.3781223780403657,2021-09-13 07:00:00,2023-09-13 07:00:00,2023-09-13 07:00:00,730,1,-0.42290985504429074,0.42290985504429074,"{'max_depth': None, 'min_samples_leaf': 1, 'min_samples_split': 20}"
2023-09-13 07:00:00,ARX,7,-0.03743031585224196,-0.0060638922652955785,2021-09-13 07:00:00,2023-09-13 07:00:00,2023-09-13 07:00:00,730,1,-0.3032104293734177,0.3032104293734177,{'model__alpha': 0.01}
2023-09-13 07:00:00,Random Forest,7,-0.03743031585224196,0.10485145400149264,2021-09-13 07:00:00,2023-09-13 07:00:00,2023-09-13 07:00:00,730,1,-0.28640559026943707,0.28640559026943707,"{'max_depth': 10, 'max_features': 0.5, 'min_samples_leaf': 2, 'n_estimators': 100}"
2023-09-13 07:00:00,Neural Network,7,-0.03743031585224196,0.17449725386129078,2021-09-13 07:00:00,2023-09-13 07:00:00,2023-09-13 07:00:00,730,1,-0.35941423956503044,0.35941423956503044,"{'regressor__model__alpha': 0.0001, 'regressor__model__hidden_layer_sizes': (64, 32), 'regressor__model__learning_rate_init': 0.0001}"
2023-09-13 07:00:00,Naive,7,-0.03743031585224196,0.8902468972248933,2021-09-13 07:00:00,2023-09-13 07:00:00,2023-09-13 07:00:00,730,1,,,not_applicable
2023-09-14 07:00:00,Decision Tree,7,0.43886495653550633,1.0295355770282804,2021-09-14 07:00:00,2023-09-14 07:00:00,2023-09-14 07:00:00,730,1,-0.42290985504429074,0.42290985504429074,"{'max_depth': None, 'min_samples_leaf': 1, 'min_samples_split': 20}"
2023-09-14 07:00:00,ARX,7,0.43886495653550633,0.4085157462277178,2021-09-14 07:00:00,2023-09-14 07:00:00,2023-09-14 07:00:00,730,1,-0.3032104293734177,0.3032104293734177,{'model__alpha': 0.01}
2023-09-14 07:00:00,Random Forest,7,0.43886495653550633,0.23950307162366705,2021-09-14 07:00:00,2023-09-14 07:00:00,2023-09-14 07:00:00,730,1,-0.28640559026943707,0.28640559026943707,"{'max_depth': 10, 'max_features': 0.5, 'min_samples_leaf': 2, 'n_estimators': 100}"
2023-09-14 07:00:00,Neural Network,7,0.43886495653550633,0.22264301754320603,2021-09-14 07:00:00,2023-09-14 07:00:00,2023-09-14 07:00:00,730,1,-0.35941423956503044,0.35941423956503044,"{'regressor__model__alpha': 0.0001, 'regressor__model__hidden_layer_sizes': (64, 32), 'regressor__model__learning_rate_init': 0.0001}"
2023-09-14 07:00:00,Naive,7,0.43886495653550633,-0.03743031585224196,2021-09-14 07:00:00,2023-09-14 07:00:00,2023-09-14 07:00:00,730,1,,,not_applicable
2023-09-15 07:00:00,Decision Tree,7,0.09840966924761303,0.6168795559568188,2021-09-15 07:00:00,2023-09-15 07:00:00,2023-09-15 07:00:00,730,1,-0.42290985504429074,0.42290985504429074,"{'max_depth': None, 'min_samples_leaf': 1, 'min_samples_split': 20}"
2023-09-15 07:00:00,ARX,7,0.09840966924761303,0.1470330369825109,2021-09-15 07:00:00,2023-09-15 07:00:00,2023-09-15 07:00:00,730,1,-0.3032104293734177,0.3032104293734177,{'model__alpha': 0.01}
2023-09-15 07:00:00,Random Forest,7,0.09840966924761303,0.3291950442260362,2021-09-15 07:00:00,2023-09-15 07:00:00,2023-09-15 07:00:00,730,1,-0.28640559026943707,0.28640559026943707,"{'max_depth': 10, 'max_features': 0.5, 'min_samples_leaf': 2, 'n_estimators': 100}"
2023-09-15 07:00:00,Neural Network,7,0.09840966924761303,-0.008547995301508848,2021-09-15 07:00:00,2023-09-15 07:00:00,2023-09-15 07:00:00,730,1,-0.35941423956503044,0.35941423956503044,"{'regressor__model__alpha': 0.0001, 'regressor__model__hidden_layer_sizes': (64, 32), 'regressor__model__learning_rate_init': 0.0001}"
2023-09-15 07:00:00,Naive,7,0.09840966924761303,0.43886495653550633,2021-09-15 07:00:00,2023-09-15 07:00:00,2023-09-15 07:00:00,730,1,,,not_applicable
2023-09-16 07:00:00,Decision Tree,7,-0.3600777477562322,-0.35475580928024414,2021-09-16 07:00:00,2023-09-16 07:00:00,2023-09-16 07:00:00,730,1,-0.42290985504429074,0.42290985504429074,"{'max_depth': None, 'min_samples_leaf': 1, 'min_samples_split': 20}"
2023-09-16 07:00:00,ARX,7,-0.3600777477562322,-0.5281795234836986,2021-09-16 07:00:00,2023-09-16 07:00:00,2023-09-16 07:00:00,730,1,-0.3032104293734177,0.3032104293734177,{'model__alpha': 0.01}
2023-09-16 07:00:00,Random Forest,7,-0.3600777477562322,-0.556844552828204,2021-09-16 07:00:00,2023-09-16 07:00:00,2023-09-16 07:00:00,730,1,-0.28640559026943707,0.28640559026943707,"{'max_depth': 10, 'max_features': 0.5, 'min_samples_leaf': 2, 'n_estimators': 100}"
2023-09-16 07:00:00,Neural Network,7,-0.3600777477562322,-0.532918263435072,2021-09-16 07:00:00,2023-09-16 07:00:00,2023-09-16 07:00:00,730,1,-0.35941423956503044,0.35941423956503044,"{'regressor__model__alpha': 0.0001, 'regressor__model__hidden_layer_sizes': (64, 32), 'regressor__model__learning_rate_init': 0.0001}"
2023-09-16 07:00:00,Naive,7,-0.3600777477562322,0.09840966924761303,2021-09-16 07:00:00,2023-09-16 07:00:00,2023-09-16 07:00:00,730,1,,,not_applicable
2023-09-17 07:00:00,Decision Tree,7,-0.4403400388615164,-0.3550514725289102,2021-09-17 07:00:00,2023-09-17 07:00:00,2023-09-17 07:00:00,730,1,-0.42290985504429074,0.42290985504429074,"{'max_depth': None, 'min_samples_leaf': 1, 'min_samples_split': 20}"
2023-09-17 07:00:00,ARX,7,-0.4403400388615164,-0.5409734720131041,2021-09-17 07:00:00,2023-09-17 07:00:00,2023-09-17 07:00:00,730,1,-0.3032104293734177,0.3032104293734177,{'model__alpha': 0.01}
2023-09-17 07:00:00,Random Forest,7,-0.4403400388615164,-0.5248355523253881,2021-09-17 07:00:00,2023-09-17 07:00:00,2023-09-17 07:00:00,730,1,-0.28640559026943707,0.28640559026943707,"{'max_depth': 10, 'max_features': 0.5, 'min_samples_leaf': 2, 'n_estimators': 100}"
2023-09-17 07:00:00,Neural Network,7,-0.4403400388615164,-0.623123680165973,2021-09-17 07:00:00,2023-09-17 07:00:00,2023-09-17 07:00:00,730,1,-0.35941423956503044,0.35941423956503044,"{'regressor__model__alpha': 0.0001, 'regressor__model__hidden_layer_sizes': (64, 32), 'regressor__model__learning_rate_init': 0.0001}"
2023-09-17 07:00:00,Naive,7,-0.4403400388615164,-0.3600777477562322,2021-09-17 07:00:00,2023-09-17 07:00:00,2023-09-17 07:00:00,730,1,,,not_applicable
2023-09-18 07:00:00,Decision Tree,7,-0.0965747795400292,-0.2879081552290356,2021-09-18 07:00:00,2023-09-18 07:00:00,2023-09-18 07:00:00,730,1,-0.42290985504429074,0.42290985504429074,"{'max_depth': None, 'min_samples_leaf': 1, 'min_samples_split': 20}"
2023-09-18 07:00:00,ARX,7,-0.0965747795400292,-0.1637026658104206,2021-09-18 07:00:00,2023-09-18 07:00:00,2023-09-18 07:00:00,730,1,-0.3032104293734177,0.3032104293734177,{'model__alpha': 0.01}
2023-09-18 07:00:00,Random Forest,7,-0.0965747795400292,-0.259645377116855,2021-09-18 07:00:00,2023-09-18 07:00:00,2023-09-18 07:00:00,730,1,-0.28640559026943707,0.28640559026943707,"{'max_depth': 10, 'max_features': 0.5, 'min_samples_leaf': 2, 'n_estimators': 100}"
2023-09-18 07:00:00,Neural Network,7,-0.0965747795400292,-0.3812722614667641,2021-09-18 07:00:00,2023-09-18 07:00:00,2023-09-18 07:00:00,730,1,-0.35941423956503044,0.35941423956503044,"{'regressor__model__alpha': 0.0001, 'regressor__model__hidden_layer_sizes': (64, 32), 'regressor__model__learning_rate_init': 0.0001}"
2023-09-18 07:00:00,Naive,7,-0.0965747795400292,-0.4403400388615164,2021-09-18 07:00:00,2023-09-18 07:00:00,2023-09-18 07:00:00,730,1,,,not_applicable
2023-09-19 07:00:00,Decision Tree,7,-0.42549547529378684,-0.2759498192484727,2021-09-19 07:00:00,2023-09-19 07:00:00,2023-09-19 07:00:00,730,1,-0.42290985504429074,0.42290985504429074,"{'max_depth': None, 'min_samples_leaf': 1, 'min_samples_split': 20}"
2023-09-19 07:00:00,ARX,7,-0.42549547529378684,-0.40038932511065406,2021-09-19 07:00:00,2023-09-19 07:00:00,2023-09-19 07:00:00,730,1,-0.3032104293734177,0.3032104293734177,{'model__alpha': 0.01}
2023-09-19 07:00:00,Random Forest,7,-0.42549547529378684,-0.30922848368676176,2021-09-19 07:00:00,2023-09-19 07:00:00,2023-09-19 07:00:00,730,1,-0.28640559026943707,0.28640559026943707,"{'max_depth': 10, 'max_features': 0.5, 'min_samples_leaf': 2, 'n_estimators': 100}"
2023-09-19 07:00:00,Neural Network,7,-0.42549547529378684,-0.3008377804738822,2021-09-19 07:00:00,2023-09-19 07:00:00,2023-09-19 07:00:00,730,1,-0.35941423956503044,0.35941423956503044,"{'regressor__model__alpha': 0.0001, 'regressor__model__hidden_layer_sizes': (64, 32), 'regressor__model__learning_rate_init': 0.0001}"
2023-09-19 07:00:00,Naive,7,-0.42549547529378684,-0.0965747795400292,2021-09-19 07:00:00,2023-09-19 07:00:00,2023-09-19 07:00:00,730,1,,,not_applicable
2023-09-20 07:00:00,Decision Tree,7,-0.4487083455225533,-0.2847466225452559,2021-09-20 07:00:00,2023-09-20 07:00:00,2023-09-20 07:00:00,730,1,-0.42290985504429074,0.42290985504429074,"{'max_depth': None, 'min_samples_leaf': 1, 'min_samples_split': 20}"
2023-09-20 07:00:00,ARX,7,-0.4487083455225533,-0.7293097006212563,2021-09-20 07:00:00,2023-09-20 07:00:00,2023-09-20 07:00:00,730,1,-0.3032104293734177,0.3032104293734177,{'model__alpha': 0.01}
2023-09-20 07:00:00,Random Forest,7,-0.4487083455225533,-0.4080218087801742,2021-09-20 07:00:00,2023-09-20 07:00:00,2023-09-20 07:00:00,730,1,-0.28640559026943707,0.28640559026943707,"{'max_depth': 10, 'max_features': 0.5, 'min_samples_leaf': 2, 'n_estimators': 100}"
2023-09-20 07:00:00,Neural Network,7,-0.4487083455225533,-0.6519475255615028,2021-09-20 07:00:00,2023-09-20 07:00:00,2023-09-20 07:00:00,730,1,-0.35941423956503044,0.35941423956503044,"{'regressor__model__alpha': 0.0001, 'regressor__model__hidden_layer_sizes': (64, 32), 'regressor__model__learning_rate_init': 0.0001}"
2023-09-20 07:00:00,Naive,7,-0.4487083455225533,-0.42549547529378684,2021-09-20 07:00:00,2023-09-20 07:00:00,2023-09-20 07:00:00,730,1,,,not_applicable
2023-09-21 07:00:00,Decision Tree,7,-0.2744625596522685,-0.4061476142623462,2021-09-21 07:00:00,2023-09-21 07:00:00,2023-09-21 07:00:00,730,1,-0.42290985504429074,0.42290985504429074,"{'max_depth': None, 'min_samples_leaf': 1, 'min_samples_split': 20}"
2023-09-21 07:00:00,ARX,7,-0.2744625596522685,-0.5068725986950511,2021-09-21 07:00:00,2023-09-21 07:00:00,2023-09-21 07:00:00,730,1,-0.3032104293734177,0.3032104293734177,{'model__alpha': 0.01}
2023-09-21 07:00:00,Random Forest,7,-0.2744625596522685,-0.3582408669829836,2021-09-21 07:00:00,2023-09-21 07:00:00,2023-09-21 07:00:00,730,1,-0.28640559026943707,0.28640559026943707,"{'max_depth': 10, 'max_features': 0.5, 'min_samples_leaf': 2, 'n_estimators': 100}"
2023-09-21 07:00:00,Neural Network,7,-0.2744625596522685,-0.40928681877812845,2021-09-21 07:00:00,2023-09-21 07:00:00,2023-09-21 07:00:00,730,1,-0.35941423956503044,0.35941423956503044,"{'regressor__model__alpha': 0.0001, 'regressor__model__hidden_layer_sizes': (64, 32), 'regressor__model__learning_rate_init': 0.0001}"
2023-09-21 07:00:00,Naive,7,-0.2744625596522685,-0.4487083455225533,2021-09-21 07:00:00,2023-09-21 07:00:00,2023-09-21 07:00:00,730,1,,,not_applicable
2023-09-22 07:00:00,Decision Tree,7,-0.036964450138313065,-0.17309752645521803,2021-09-22 07:00:00,2023-09-22 07:00:00,2023-09-22 07:00:00,730,1,-0.42290985504429074,0.42290985504429074,"{'max_depth': None, 'min_samples_leaf': 1, 'min_samples_split': 20}"
2023-09-22 07:00:00,ARX,7,-0.036964450138313065,-0.3434421596105359,2021-09-22 07:00:00,2023-09-22 07:00:00,2023-09-22 07:00:00,730,1,-0.3032104293734177,0.3032104293734177,{'model__alpha': 0.01}
2023-09-22 07:00:00,Random Forest,7,-0.036964450138313065,-0.1305367138262624,2021-09-22 07:00:00,2023-09-22 07:00:00,2023-09-22 07:00:00,730,1,-0.28640559026943707,0.28640559026943707,"{'max_depth': 10, 'max_features': 0.5, 'min_samples_leaf': 2, 'n_estimators': 100}"
2023-09-22 07:00:00,Neural Network,7,-0.036964450138313065,-0.2636287128874215,2021-09-22 07:00:00,2023-09-22 07:00:00,2023-09-22 07:00:00,730,1,-0.35941423956503044,0.35941423956503044,"{'regressor__model__alpha': 0.0001, 'regressor__model__hidden_layer_sizes': (64, 32), 'regressor__model__learning_rate_init': 0.0001}"
2023-09-22 07:00:00,Naive,7,-0.036964450138313065,-0.2744625596522685,2021-09-22 07:00:00,2023-09-22 07:00:00,2023-09-22 07:00:00,730,1,,,not_applicable
2023-09-23 07:00:00,Decision Tree,7,-0.38746477289073694,-0.32254889067152753,2021-09-23 07:00:00,2023-09-23 07:00:00,2023-09-23 07:00:00,730,1,-0.42290985504429074,0.42290985504429074,"{'max_depth': None, 'min_samples_leaf': 1, 'min_samples_split': 20}"
2023-09-23 07:00:00,ARX,7,-0.38746477289073694,-0.600298268479255,2021-09-23 07:00:00,2023-09-23 07:00:00,2023-09-23 07:00:00,730,1,-0.3032104293734177,0.3032104293734177,{'model__alpha': 0.01}
2023-09-23 07:00:00,Random Forest,7,-0.38746477289073694,-0.5189168170852628,2021-09-23 07:00:00,2023-09-23 07:00:00,2023-09-23 07:00:00,730,1,-0.28640559026943707,0.28640559026943707,"{'max_depth': 10, 'max_features': 0.5, 'min_samples_leaf': 2, 'n_estimators': 100}"
2023-09-23 07:00:00,Neural Network,7,-0.38746477289073694,-0.6615806215231486,2021-09-23 07:00:00,2023-09-23 07:00:00,2023-09-23 07:00:00,730,1,-0.35941423956503044,0.35941423956503044,"{'regressor__model__alpha': 0.0001, 'regressor__model__hidden_layer_sizes': (64, 32), 'regressor__model__learning_rate_init': 0.0001}"
2023-09-23 07:00:00,Naive,7,-0.38746477289073694,-0.036964450138313065,2021-09-23 07:00:00,2023-09-23 07:00:00,2023-09-23 07:00:00,730,1,,,not_applicable
2023-09-24 07:00:00,Decision Tree,7,-0.5275227270887288,-0.3266061333102281,2021-09-24 07:00:00,2023-09-24 07:00:00,2023-09-24 07:00:00,730,1,-0.42290985504429074,0.42290985504429074,"{'max_depth': None, 'min_samples_leaf': 1, 'min_samples_split': 20}"
2023-09-24 07:00:00,ARX,7,-0.5275227270887288,-0.5807788610920057,2021-09-24 07:00:00,2023-09-24 07:00:00,2023-09-24 07:00:00,730,1,-0.3032104293734177,0.3032104293734177,{'model__alpha': 0.01}
2023-09-24 07:00:00,Random Forest,7,-0.5275227270887288,-0.48882100596553163,2021-09-24 07:00:00,2023-09-24 07:00:00,2023-09-24 07:00:00,730,1,-0.28640559026943707,0.28640559026943707,"{'max_depth': 10, 'max_features': 0.5, 'min_samples_leaf': 2, 'n_estimators': 100}"
2023-09-24 07:00:00,Neural Network,7,-0.5275227270887288,-0.6715461953003943,2021-09-24 07:00:00,2023-09-24 07:00:00,2023-09-24 07:00:00,730,1,-0.35941423956503044,0.35941423956503044,"{'regressor__model__alpha': 0.0001, 'regressor__model__hidden_layer_sizes': (64, 32), 'regressor__model__learning_rate_init': 0.0001}"
2023-09-24 07:00:00,Naive,7,-0.5275227270887288,-0.38746477289073694,2021-09-24 07:00:00,2023-09-24 07:00:00,2023-09-24 07:00:00,730,1,,,not_applicable
2023-09-25 07:00:00,Decision Tree,7,-0.021454614031283722,-0.2825920155712096,2021-09-25 07:00:00,2023-09-25 07:00:00,2023-09-25 07:00:00,730,1,-0.42290985504429074,0.42290985504429074,"{'max_depth': None, 'min_samples_leaf': 1, 'min_samples_split': 20}"
2023-09-25 07:00:00,ARX,7,-0.021454614031283722,-0.3601685832186434,2021-09-25 07:00:00,2023-09-25 07:00:00,2023-09-25 07:00:00,730,1,-0.3032104293734177,0.3032104293734177,{'model__alpha': 0.01}
2023-09-25 07:00:00,Random Forest,7,-0.021454614031283722,-0.2998940766336791,2021-09-25 07:00:00,2023-09-25 07:00:00,2023-09-25 07:00:00,730,1,-0.28640559026943707,0.28640559026943707,"{'max_depth': 10, 'max_features': 0.5, 'min_samples_leaf': 2, 'n_estimators': 100}"
2023-09-25 07:00:00,Neural Network,7,-0.021454614031283722,-0.3581168770092864,2021-09-25 07:00:00,2023-09-25 07:00:00,2023-09-25 07:00:00,730,1,-0.35941423956503044,0.35941423956503044,"{'regressor__model__alpha': 0.0001, 'regressor__model__hidden_layer_sizes': (64, 32), 'regressor__model__learning_rate_init': 0.0001}"
2023-09-25 07:00:00,Naive,7,-0.021454614031283722,-0.5275227270887288,2021-09-25 07:00:00,2023-09-25 07:00:00,2023-09-25 07:00:00,730,1,,,not_applicable
2023-09-26 07:00:00,Decision Tree,7,1.3176314942977465,0.47557976304571226,2021-09-26 07:00:00,2023-09-26 07:00:00,2023-09-26 07:00:00,730,1,-0.42290985504429074,0.42290985504429074,"{'max_depth': None, 'min_samples_leaf': 1, 'min_samples_split': 20}"
2023-09-26 07:00:00,ARX,7,1.3176314942977465,0.2164520542222218,2021-09-26 07:00:00,2023-09-26 07:00:00,2023-09-26 07:00:00,730,1,-0.3032104293734177,0.3032104293734177,{'model__alpha': 0.01}
2023-09-26 07:00:00,Random Forest,7,1.3176314942977465,0.37400938460165056,2021-09-26 07:00:00,2023-09-26 07:00:00,2023-09-26 07:00:00,730,1,-0.28640559026943707,0.28640559026943707,"{'max_depth': 10, 'max_features': 0.5, 'min_samples_leaf': 2, 'n_estimators': 100}"
2023-09-26 07:00:00,Neural Network,7,1.3176314942977465,0.2917276256703971,2021-09-26 07:00:00,2023-09-26 07:00:00,2023-09-26 07:00:00,730,1,-0.35941423956503044,0.35941423956503044,"{'regressor__model__alpha': 0.0001, 'regressor__model__hidden_layer_sizes': (64, 32), 'regressor__model__learning_rate_init': 0.0001}"
2023-09-26 07:00:00,Naive,7,1.3176314942977465,-0.021454614031283722,2021-09-26 07:00:00,2023-09-26 07:00:00,2023-09-26 07:00:00,730,1,,,not_applicable
2023-09-27 07:00:00,Decision Tree,7,1.1351020620540497,0.4984140472175889,2021-09-27 07:00:00,2023-09-27 07:00:00,2023-09-27 07:00:00,730,1,-0.42290985504429074,0.42290985504429074,"{'max_depth': None, 'min_samples_leaf': 1, 'min_samples_split': 20}"
2023-09-27 07:00:00,ARX,7,1.1351020620540497,0.2082928788115488,2021-09-27 07:00:00,2023-09-27 07:00:00,2023-09-27 07:00:00,730,1,-0.3032104293734177,0.3032104293734177,{'model__alpha': 0.01}
2023-09-27 07:00:00,Random Forest,7,1.1351020620540497,0.3911073944868114,2021-09-27 07:00:00,2023-09-27 07:00:00,2023-09-27 07:00:00,730,1,-0.28640559026943707,0.28640559026943707,"{'max_depth': 10, 'max_features': 0.5, 'min_samples_leaf': 2, 'n_estimators': 100}"
2023-09-27 07:00:00,Neural Network,7,1.1351020620540497,0.26025226165918114,2021-09-27 07:00:00,2023-09-27 07:00:00,2023-09-27 07:00:00,730,1,-0.35941423956503044,0.35941423956503044,"{'regressor__model__alpha': 0.0001, 'regressor__model__hidden_layer_sizes': (64, 32), 'regressor__model__learning_rate_init': 0.0001}"
2023-09-27 07:00:00,Naive,7,1.1351020620540497,1.3176314942977465,2021-09-27 07:00:00,2023-09-27 07:00:00,2023-09-27 07:00:00,730,1,,,not_applicable
2023-09-28 07:00:00,Decision Tree,7,-0.17046593536358387,0.33656710865110495,2021-09-28 07:00:00,2023-09-28 07:00:00,2023-09-28 07:00:00,730,1,-0.42290985504429074,0.42290985504429074,"{'max_depth': None, 'min_samples_leaf': 1, 'min_samples_split': 20}"
2023-09-28 07:00:00,ARX,7,-0.17046593536358387,0.15511426571195508,2021-09-28 07:00:00,2023-09-28 07:00:00,2023-09-28 07:00:00,730,1,-0.3032104293734177,0.3032104293734177,{'model__alpha': 0.01}
2023-09-28 07:00:00,Random Forest,7,-0.17046593536358387,0.058118405066562184,2021-09-28 07:00:00,2023-09-28 07:00:00,2023-09-28 07:00:00,730,1,-0.28640559026943707,0.28640559026943707,"{'max_depth': 10, 'max_features': 0.5, 'min_samples_leaf': 2, 'n_estimators': 100}"
2023-09-28 07:00:00,Neural Network,7,-0.17046593536358387,0.38090225996363536,2021-09-28 07:00:00,2023-09-28 07:00:00,2023-09-28 07:00:00,730,1,-0.35941423956503044,0.35941423956503044,"{'regressor__model__alpha': 0.0001, 'regressor__model__hidden_layer_sizes': (64, 32), 'regressor__model__learning_rate_init': 0.0001}"
2023-09-28 07:00:00,Naive,7,-0.17046593536358387,1.1351020620540497,2021-09-28 07:00:00,2023-09-28 07:00:00,2023-09-28 07:00:00,730,1,,,not_applicable
2023-09-29 07:00:00,Decision Tree,7,-0.031864471951669554,-0.2662709279749642,2021-09-29 07:00:00,2023-09-29 07:00:00,2023-09-29 07:00:00,730,1,-0.42290985504429074,0.42290985504429074,"{'max_depth': None, 'min_samples_leaf': 1, 'min_samples_split': 20}"
2023-09-29 07:00:00,ARX,7,-0.031864471951669554,0.13393551106390045,2021-09-29 07:00:00,2023-09-29 07:00:00,2023-09-29 07:00:00,730,1,-0.3032104293734177,0.3032104293734177,{'model__alpha': 0.01}
2023-09-29 07:00:00,Random Forest,7,-0.031864471951669554,-0.04516982978990335,2021-09-29 07:00:00,2023-09-29 07:00:00,2023-09-29 07:00:00,730,1,-0.28640559026943707,0.28640559026943707,"{'max_depth': 10, 'max_features': 0.5, 'min_samples_leaf': 2, 'n_estimators': 100}"
2023-09-29 07:00:00,Neural Network,7,-0.031864471951669554,-0.041715629671564614,2021-09-29 07:00:00,2023-09-29 07:00:00,2023-09-29 07:00:00,730,1,-0.35941423956503044,0.35941423956503044,"{'regressor__model__alpha': 0.0001, 'regressor__model__hidden_layer_sizes': (64, 32), 'regressor__model__learning_rate_init': 0.0001}"
2023-09-29 07:00:00,Naive,7,-0.031864471951669554,-0.17046593536358387,2021-09-29 07:00:00,2023-09-29 07:00:00,2023-09-29 07:00:00,730,1,,,not_applicable
2023-09-30 07:00:00,Decision Tree,7,-0.35665208266672566,-0.43891737512042533,2021-09-30 07:00:00,2023-09-30 07:00:00,2023-09-30 07:00:00,730,1,-0.42290985504429074,0.42290985504429074,"{'max_depth': None, 'min_samples_leaf': 1, 'min_samples_split': 20}"
2023-09-30 07:00:00,ARX,7,-0.35665208266672566,-0.41241859634992806,2021-09-30 07:00:00,2023-09-30 07:00:00,2023-09-30 07:00:00,730,1,-0.3032104293734177,0.3032104293734177,{'model__alpha': 0.01}
2023-09-30 07:00:00,Random Forest,7,-0.35665208266672566,-0.4545472764458971,2021-09-30 07:00:00,2023-09-30 07:00:00,2023-09-30 07:00:00,730,1,-0.28640559026943707,0.28640559026943707,"{'max_depth': 10, 'max_features': 0.5, 'min_samples_leaf': 2, 'n_estimators': 100}"
2023-09-30 07:00:00,Neural Network,7,-0.35665208266672566,-0.5194970064642142,2021-09-30 07:00:00,2023-09-30 07:00:00,2023-09-30 07:00:00,730,1,-0.35941423956503044,0.35941423956503044,"{'regressor__model__alpha': 0.0001, 'regressor__model__hidden_layer_sizes': (64, 32), 'regressor__model__learning_rate_init': 0.0001}"
2023-09-30 07:00:00,Naive,7,-0.35665208266672566,-0.031864471951669554,2021-09-30 07:00:00,2023-09-30 07:00:00,2023-09-30 07:00:00,730,1,,,not_applicable
2023-10-01 07:00:00,Decision Tree,7,-0.5816396744278919,-0.9757642017121246,2021-10-01 07:00:00,2023-10-01 07:00:00,2023-10-01 07:00:00,730,1,-0.42290985504429074,0.42290985504429074,"{'max_depth': None, 'min_samples_leaf': 1, 'min_samples_split': 20}"
2023-10-01 07:00:00,ARX,7,-0.5816396744278919,-0.6067276639930621,2021-10-01 07:00:00,2023-10-01 07:00:00,2023-10-01 07:00:00,730,1,-0.3032104293734177,0.3032104293734177,{'model__alpha': 0.01}
2023-10-01 07:00:00,Random Forest,7,-0.5816396744278919,-0.5455080299023378,2021-10-01 07:00:00,2023-10-01 07:00:00,2023-10-01 07:00:00,730,1,-0.28640559026943707,0.28640559026943707,"{'max_depth': 10, 'max_features': 0.5, 'min_samples_leaf': 2, 'n_estimators': 100}"
2023-10-01 07:00:00,Neural Network,7,-0.5816396744278919,-0.6661969192022192,2021-10-01 07:00:00,2023-10-01 07:00:00,2023-10-01 07:00:00,730,1,-0.35941423956503044,0.35941423956503044,"{'regressor__model__alpha': 0.0001, 'regressor__model__hidden_layer_sizes': (64, 32), 'regressor__model__learning_rate_init': 0.0001}"
2023-10-01 07:00:00,Naive,7,-0.5816396744278919,-0.35665208266672566,2021-10-01 07:00:00,2023-10-01 07:00:00,2023-10-01 07:00:00,730,1,,,not_applicable
2023-10-02 07:00:00,Decision Tree,7,0.036728711085761,-0.08326381997474476,2021-10-02 07:00:00,2023-10-02 07:00:00,2023-10-02 07:00:00,730,1,-0.42290985504429074,0.42290985504429074,"{'max_depth': None, 'min_samples_leaf': 1, 'min_samples_split': 20}"
2023-10-02 07:00:00,ARX,7,0.036728711085761,0.036984874485045616,2021-10-02 07:00:00,2023-10-02 07:00:00,2023-10-02 07:00:00,730,1,-0.3032104293734177,0.3032104293734177,{'model__alpha': 0.01}
2023-10-02 07:00:00,Random Forest,7,0.036728711085761,-0.13337420782495887,2021-10-02 07:00:00,2023-10-02 07:00:00,2023-10-02 07:00:00,730,1,-0.28640559026943707,0.28640559026943707,"{'max_depth': 10, 'max_features': 0.5, 'min_samples_leaf': 2, 'n_estimators': 100}"
2023-10-02 07:00:00,Neural Network,7,0.036728711085761,0.047439935327169946,2021-10-02 07:00:00,2023-10-02 07:00:00,2023-10-02 07:00:00,730,1,-0.35941423956503044,0.35941423956503044,"{'regressor__model__alpha': 0.0001, 'regressor__model__hidden_layer_sizes': (64, 32), 'regressor__model__learning_rate_init': 0.0001}"
2023-10-02 07:00:00,Naive,7,0.036728711085761,-0.5816396744278919,2021-10-02 07:00:00,2023-10-02 07:00:00,2023-10-02 07:00:00,730,1,,,not_applicable
2023-10-03 07:00:00,Decision Tree,7,-1.0354906686394405,-0.33092827278925796,2021-10-03 07:00:00,2023-10-03 07:00:00,2023-10-03 07:00:00,730,1,-0.42290985504429074,0.42290985504429074,"{'max_depth': None, 'min_samples_leaf': 1, 'min_samples_split': 20}"
2023-10-03 07:00:00,ARX,7,-1.0354906686394405,-0.7672778583546211,2021-10-03 07:00:00,2023-10-03 07:00:00,2023-10-03 07:00:00,730,1,-0.3032104293734177,0.3032104293734177,{'model__alpha': 0.01}
2023-10-03 07:00:00,Random Forest,7,-1.0354906686394405,-0.4816427781003752,2021-10-03 07:00:00,2023-10-03 07:00:00,2023-10-03 07:00:00,730,1,-0.28640559026943707,0.28640559026943707,"{'max_depth': 10, 'max_features': 0.5, 'min_samples_leaf': 2, 'n_estimators': 100}"
2023-10-03 07:00:00,Neural Network,7,-1.0354906686394405,-0.2368742706443523,2021-10-03 07:00:00,2023-10-03 07:00:00,2023-10-03 07:00:00,730,1,-0.35941423956503044,0.35941423956503044,"{'regressor__model__alpha': 0.0001, 'regressor__model__hidden_layer_sizes': (64, 32), 'regressor__model__learning_rate_init': 0.0001}"
2023-10-03 07:00:00,Naive,7,-1.0354906686394405,0.036728711085761,2021-10-03 07:00:00,2023-10-03 07:00:00,2023-10-03 07:00:00,730,1,,,not_applicable
2023-10-04 07:00:00,Decision Tree,7,-0.2712074601925861,-0.2790432555615862,2021-10-04 07:00:00,2023-10-04 07:00:00,2023-10-04 07:00:00,730,1,-0.42290985504429074,0.42290985504429074,"{'max_depth': None, 'min_samples_leaf': 1, 'min_samples_split': 20}"
2023-10-04 07:00:00,ARX,7,-0.2712074601925861,-0.7187537798386814,2021-10-04 07:00:00,2023-10-04 07:00:00,2023-10-04 07:00:00,730,1,-0.3032104293734177,0.3032104293734177,{'model__alpha': 0.01}
2023-10-04 07:00:00,Random Forest,7,-0.2712074601925861,-0.4500460202888704,2021-10-04 07:00:00,2023-10-04 07:00:00,2023-10-04 07:00:00,730,1,-0.28640559026943707,0.28640559026943707,"{'max_depth': 10, 'max_features': 0.5, 'min_samples_leaf': 2, 'n_estimators': 100}"
2023-10-04 07:00:00,Neural Network,7,-0.2712074601925861,-0.6505766943857618,2021-10-04 07:00:00,2023-10-04 07:00:00,2023-10-04 07:00:00,730,1,-0.35941423956503044,0.35941423956503044,"{'regressor__model__alpha': 0.0001, 'regressor__model__hidden_layer_sizes': (64, 32), 'regressor__model__learning_rate_init': 0.0001}"
2023-10-04 07:00:00,Naive,7,-0.2712074601925861,-1.0354906686394405,2021-10-04 07:00:00,2023-10-04 07:00:00,2023-10-04 07:00:00,730,1,,,not_applicable
2023-10-05 07:00:00,Decision Tree,7,-0.3761694035620545,-0.25248231291477047,2021-10-05 07:00:00,2023-10-05 07:00:00,2023-10-05 07:00:00,730,1,-0.42290985504429074,0.42290985504429074,"{'max_depth': None, 'min_samples_leaf': 1, 'min_samples_split': 20}"
2023-10-05 07:00:00,ARX,7,-0.3761694035620545,-0.3566569102535788,2021-10-05 07:00:00,2023-10-05 07:00:00,2023-10-05 07:00:00,730,1,-0.3032104293734177,0.3032104293734177,{'model__alpha': 0.01}
2023-10-05 07:00:00,Random Forest,7,-0.3761694035620545,-0.28010211183652695,2021-10-05 07:00:00,2023-10-05 07:00:00,2023-10-05 07:00:00,730,1,-0.28640559026943707,0.28640559026943707,"{'max_depth': 10, 'max_features': 0.5, 'min_samples_leaf': 2, 'n_estimators': 100}"
2023-10-05 07:00:00,Neural Network,7,-0.3761694035620545,-0.48898119069842916,2021-10-05 07:00:00,2023-10-05 07:00:00,2023-10-05 07:00:00,730,1,-0.35941423956503044,0.35941423956503044,"{'regressor__model__alpha': 0.0001, 'regressor__model__hidden_layer_sizes': (64, 32), 'regressor__model__learning_rate_init': 0.0001}"
2023-10-05 07:00:00,Naive,7,-0.3761694035620545,-0.2712074601925861,2021-10-05 07:00:00,2023-10-05 07:00:00,2023-10-05 07:00:00,730,1,,,not_applicable
2023-10-06 07:00:00,Decision Tree,7,-0.26283059518387514,-0.2593538179507307,2021-10-06 07:00:00,2023-10-06 07:00:00,2023-10-06 07:00:00,730,1,-0.42290985504429074,0.42290985504429074,"{'max_depth': None, 'min_samples_leaf': 1, 'min_samples_split': 20}"
2023-10-06 07:00:00,ARX,7,-0.26283059518387514,-0.41671161771973675,2021-10-06 07:00:00,2023-10-06 07:00:00,2023-10-06 07:00:00,730,1,-0.3032104293734177,0.3032104293734177,{'model__alpha': 0.01}
2023-10-06 07:00:00,Random Forest,7,-0.26283059518387514,-0.12037730826502921,2021-10-06 07:00:00,2023-10-06 07:00:00,2023-10-06 07:00:00,730,1,-0.28640559026943707,0.28640559026943707,"{'max_depth': 10, 'max_features': 0.5, 'min_samples_leaf': 2, 'n_estimators': 100}"
2023-10-06 07:00:00,Neural Network,7,-0.26283059518387514,-0.2142654117301086,2021-10-06 07:00:00,2023-10-06 07:00:00,2023-10-06 07:00:00,730,1,-0.35941423956503044,0.35941423956503044,"{'regressor__model__alpha': 0.0001, 'regressor__model__hidden_layer_sizes': (64, 32), 'regressor__model__learning_rate_init': 0.0001}"
2023-10-06 07:00:00,Naive,7,-0.26283059518387514,-0.3761694035620545,2021-10-06 07:00:00,2023-10-06 07:00:00,2023-10-06 07:00:00,730,1,,,not_applicable
2023-10-07 07:00:00,Decision Tree,7,-0.7772993462751561,-1.045646567447086,2021-10-07 07:00:00,2023-10-07 07:00:00,2023-10-07 07:00:00,730,1,-0.42290985504429074,0.42290985504429074,"{'max_depth': None, 'min_samples_leaf': 1, 'min_samples_split': 20}"
2023-10-07 07:00:00,ARX,7,-0.7772993462751561,-1.1920083822435288,2021-10-07 07:00:00,2023-10-07 07:00:00,2023-10-07 07:00:00,730,1,-0.3032104293734177,0.3032104293734177,{'model__alpha': 0.01}
2023-10-07 07:00:00,Random Forest,7,-0.7772993462751561,-0.7505270928483848,2021-10-07 07:00:00,2023-10-07 07:00:00,2023-10-07 07:00:00,730,1,-0.28640559026943707,0.28640559026943707,"{'max_depth': 10, 'max_features': 0.5, 'min_samples_leaf': 2, 'n_estimators': 100}"
2023-10-07 07:00:00,Neural Network,7,-0.7772993462751561,-1.0938105879012978,2021-10-07 07:00:00,2023-10-07 07:00:00,2023-10-07 07:00:00,730,1,-0.35941423956503044,0.35941423956503044,"{'regressor__model__alpha': 0.0001, 'regressor__model__hidden_layer_sizes': (64, 32), 'regressor__model__learning_rate_init': 0.0001}"
2023-10-07 07:00:00,Naive,7,-0.7772993462751561,-0.26283059518387514,2021-10-07 07:00:00,2023-10-07 07:00:00,2023-10-07 07:00:00,730,1,,,not_applicable
2023-10-08 07:00:00,Decision Tree,7,-0.4545907879771534,-0.6631221234464876,2021-10-08 07:00:00,2023-10-08 07:00:00,2023-10-08 07:00:00,730,1,-0.42290985504429074,0.42290985504429074,"{'max_depth': None, 'min_samples_leaf': 1, 'min_samples_split': 20}"
2023-10-08 07:00:00,ARX,7,-0.4545907879771534,-0.8660905007062398,2021-10-08 07:00:00,2023-10-08 07:00:00,2023-10-08 07:00:00,730,1,-0.3032104293734177,0.3032104293734177,{'model__alpha': 0.01}
2023-10-08 07:00:00,Random Forest,7,-0.4545907879771534,-0.7331276001822938,2021-10-08 07:00:00,2023-10-08 07:00:00,2023-10-08 07:00:00,730,1,-0.28640559026943707,0.28640559026943707,"{'max_depth': 10, 'max_features': 0.5, 'min_samples_leaf': 2, 'n_estimators': 100}"
2023-10-08 07:00:00,Neural Network,7,-0.4545907879771534,-0.5634220110520456,2021-10-08 07:00:00,2023-10-08 07:00:00,2023-10-08 07:00:00,730,1,-0.35941423956503044,0.35941423956503044,"{'regressor__model__alpha': 0.0001, 'regressor__model__hidden_layer_sizes': (64, 32), 'regressor__model__learning_rate_init': 0.0001}"
2023-10-08 07:00:00,Naive,7,-0.4545907879771534,-0.7772993462751561,2021-10-08 07:00:00,2023-10-08 07:00:00,2023-10-08 07:00:00,730,1,,,not_applicable
2023-10-09 07:00:00,Decision Tree,7,-0.3208756021654672,-0.2595368062261594,2021-10-09 07:00:00,2023-10-09 07:00:00,2023-10-09 07:00:00,730,1,-0.42290985504429074,0.42290985504429074,"{'max_depth': None, 'min_samples_leaf': 1, 'min_samples_split': 20}"
2023-10-09 07:00:00,ARX,7,-0.3208756021654672,-0.17557524801007784,2021-10-09 07:00:00,2023-10-09 07:00:00,2023-10-09 07:00:00,730,1,-0.3032104293734177,0.3032104293734177,{'model__alpha': 0.01}
2023-10-09 07:00:00,Random Forest,7,-0.3208756021654672,0.05430857263966621,2021-10-09 07:00:00,2023-10-09 07:00:00,2023-10-09 07:00:00,730,1,-0.28640559026943707,0.28640559026943707,"{'max_depth': 10, 'max_features': 0.5, 'min_samples_leaf': 2, 'n_estimators': 100}"
2023-10-09 07:00:00,Neural Network,7,-0.3208756021654672,-0.06104826671433439,2021-10-09 07:00:00,2023-10-09 07:00:00,2023-10-09 07:00:00,730,1,-0.35941423956503044,0.35941423956503044,"{'regressor__model__alpha': 0.0001, 'regressor__model__hidden_layer_sizes': (64, 32), 'regressor__model__learning_rate_init': 0.0001}"
2023-10-09 07:00:00,Naive,7,-0.3208756021654672,-0.4545907879771534,2021-10-09 07:00:00,2023-10-09 07:00:00,2023-10-09 07:00:00,730,1,,,not_applicable
2023-10-10 07:00:00,Decision Tree,7,0.6840983663742831,0.07055085984787639,2021-10-10 07:00:00,2023-10-10 07:00:00,2023-10-10 07:00:00,730,1,-0.42290985504429074,0.42290985504429074,"{'max_depth': None, 'min_samples_leaf': 1, 'min_samples_split': 20}"
2023-10-10 07:00:00,ARX,7,0.6840983663742831,0.18086592375048594,2021-10-10 07:00:00,2023-10-10 07:00:00,2023-10-10 07:00:00,730,1,-0.3032104293734177,0.3032104293734177,{'model__alpha': 0.01}
2023-10-10 07:00:00,Random Forest,7,0.6840983663742831,0.36887671746998,2021-10-10 07:00:00,2023-10-10 07:00:00,2023-10-10 07:00:00,730,1,-0.28640559026943707,0.28640559026943707,"{'max_depth': 10, 'max_features': 0.5, 'min_samples_leaf': 2, 'n_estimators': 100}"
2023-10-10 07:00:00,Neural Network,7,0.6840983663742831,-0.04612723859654633,2021-10-10 07:00:00,2023-10-10 07:00:00,2023-10-10 07:00:00,730,1,-0.35941423956503044,0.35941423956503044,"{'regressor__model__alpha': 0.0001, 'regressor__model__hidden_layer_sizes': (64, 32), 'regressor__model__learning_rate_init': 0.0001}"
2023-10-10 07:00:00,Naive,7,0.6840983663742831,-0.3208756021654672,2021-10-10 07:00:00,2023-10-10 07:00:00,2023-10-10 07:00:00,730,1,,,not_applicable
2023-10-11 07:00:00,Decision Tree,7,-0.14290597451114015,-0.9056887801770085,2021-10-11 07:00:00,2023-10-11 07:00:00,2023-10-11 07:00:00,730,1,-0.42290985504429074,0.42290985504429074,"{'max_depth': None, 'min_samples_leaf': 1, 'min_samples_split': 20}"
2023-10-11 07:00:00,ARX,7,-0.14290597451114015,-0.39086777003053497,2021-10-11 07:00:00,2023-10-11 07:00:00,2023-10-11 07:00:00,730,1,-0.3032104293734177,0.3032104293734177,{'model__alpha': 0.01}
2023-10-11 07:00:00,Random Forest,7,-0.14290597451114015,-0.4137431397247859,2021-10-11 07:00:00,2023-10-11 07:00:00,2023-10-11 07:00:00,730,1,-0.28640559026943707,0.28640559026943707,"{'max_depth': 10, 'max_features': 0.5, 'min_samples_leaf': 2, 'n_estimators': 100}"
2023-10-11 07:00:00,Neural Network,7,-0.14290597451114015,-0.4144918126466588,2021-10-11 07:00:00,2023-10-11 07:00:00,2023-10-11 07:00:00,730,1,-0.35941423956503044,0.35941423956503044,"{'regressor__model__alpha': 0.0001, 'regressor__model__hidden_layer_sizes': (64, 32), 'regressor__model__learning_rate_init': 0.0001}"
2023-10-11 07:00:00,Naive,7,-0.14290597451114015,0.6840983663742831,2021-10-11 07:00:00,2023-10-11 07:00:00,2023-10-11 07:00:00,730,1,,,not_applicable
2023-10-12 07:00:00,Decision Tree,7,-0.0727672665226748,0.3310898593546979,2021-10-12 07:00:00,2023-10-12 07:00:00,2023-10-12 07:00:00,730,1,-0.42290985504429074,0.42290985504429074,"{'max_depth': None, 'min_samples_leaf': 1, 'min_samples_split': 20}"
2023-10-12 07:00:00,ARX,7,-0.0727672665226748,0.01758698796037428,2021-10-12 07:00:00,2023-10-12 07:00:00,2023-10-12 07:00:00,730,1,-0.3032104293734177,0.3032104293734177,{'model__alpha': 0.01}
2023-10-12 07:00:00,Random Forest,7,-0.0727672665226748,0.18425288310968477,2021-10-12 07:00:00,2023-10-12 07:00:00,2023-10-12 07:00:00,730,1,-0.28640559026943707,0.28640559026943707,"{'max_depth': 10, 'max_features': 0.5, 'min_samples_leaf': 2, 'n_estimators': 100}"
2023-10-12 07:00:00,Neural Network,7,-0.0727672665226748,0.05004496179396822,2021-10-12 07:00:00,2023-10-12 07:00:00,2023-10-12 07:00:00,730,1,-0.35941423956503044,0.35941423956503044,"{'regressor__model__alpha': 0.0001, 'regressor__model__hidden_layer_sizes': (64, 32), 'regressor__model__learning_rate_init': 0.0001}"
2023-10-12 07:00:00,Naive,7,-0.0727672665226748,-0.14290597451114015,2021-10-12 07:00:00,2023-10-12 07:00:00,2023-10-12 07:00:00,730,1,,,not_applicable
2023-10-13 07:00:00,Decision Tree,7,0.05627179571530515,-0.16864147595414672,2021-10-13 07:00:00,2023-10-13 07:00:00,2023-10-13 07:00:00,730,1,-0.42290985504429074,0.42290985504429074,"{'max_depth': None, 'min_samples_leaf': 1, 'min_samples_split': 20}"
2023-10-13 07:00:00,ARX,7,0.05627179571530515,-0.03758922541925536,2021-10-13 07:00:00,2023-10-13 07:00:00,2023-10-13 07:00:00,730,1,-0.3032104293734177,0.3032104293734177,{'model__alpha': 0.01}
2023-10-13 07:00:00,Random Forest,7,0.05627179571530515,0.006567841444179117,2021-10-13 07:00:00,2023-10-13 07:00:00,2023-10-13 07:00:00,730,1,-0.28640559026943707,0.28640559026943707,"{'max_depth': 10, 'max_features': 0.5, 'min_samples_leaf': 2, 'n_estimators': 100}"
2023-10-13 07:00:00,Neural Network,7,0.05627179571530515,-0.23488616186201616,2021-10-13 07:00:00,2023-10-13 07:00:00,2023-10-13 07:00:00,730,1,-0.35941423956503044,0.35941423956503044,"{'regressor__model__alpha': 0.0001, 'regressor__model__hidden_layer_sizes': (64, 32), 'regressor__model__learning_rate_init': 0.0001}"
2023-10-13 07:00:00,Naive,7,0.05627179571530515,-0.0727672665226748,2021-10-13 07:00:00,2023-10-13 07:00:00,2023-10-13 07:00:00,730,1,,,not_applicable
2023-10-14 07:00:00,Decision Tree,7,-1.2729868565734073,-1.035286153927973,2021-10-14 07:00:00,2023-10-14 07:00:00,2023-10-14 07:00:00,730,1,-0.42290985504429074,0.42290985504429074,"{'max_depth': None, 'min_samples_leaf': 1, 'min_samples_split': 20}"
2023-10-14 07:00:00,ARX,7,-1.2729868565734073,-1.3696526370163797,2021-10-14 07:00:00,2023-10-14 07:00:00,2023-10-14 07:00:00,730,1,-0.3032104293734177,0.3032104293734177,{'model__alpha': 0.01}
2023-10-14 07:00:00,Random Forest,7,-1.2729868565734073,-0.9219944670081847,2021-10-14 07:00:00,2023-10-14 07:00:00,2023-10-14 07:00:00,730,1,-0.28640559026943707,0.28640559026943707,"{'max_depth': 10, 'max_features': 0.5, 'min_samples_leaf': 2, 'n_estimators': 100}"
2023-10-14 07:00:00,Neural Network,7,-1.2729868565734073,-0.9940783114338871,2021-10-14 07:00:00,2023-10-14 07:00:00,2023-10-14 07:00:00,730,1,-0.35941423956503044,0.35941423956503044,"{'regressor__model__alpha': 0.0001, 'regressor__model__hidden_layer_sizes': (64, 32), 'regressor__model__learning_rate_init': 0.0001}"
2023-10-14 07:00:00,Naive,7,-1.2729868565734073,0.05627179571530515,2021-10-14 07:00:00,2023-10-14 07:00:00,2023-10-14 07:00:00,730,1,,,not_applicable
2023-10-15 07:00:00,Decision Tree,7,-1.1299594260725352,-1.018811845329893,2021-10-15 07:00:00,2023-10-15 07:00:00,2023-10-15 07:00:00,730,1,-0.42290985504429074,0.42290985504429074,"{'max_depth': None, 'min_samples_leaf': 1, 'min_samples_split': 20}"
2023-10-15 07:00:00,ARX,7,-1.1299594260725352,-1.1793679115406444,2021-10-15 07:00:00,2023-10-15 07:00:00,2023-10-15 07:00:00,730,1,-0.3032104293734177,0.3032104293734177,{'model__alpha': 0.01}
2023-10-15 07:00:00,Random Forest,7,-1.1299594260725352,-0.7489303678814372,2021-10-15 07:00:00,2023-10-15 07:00:00,2023-10-15 07:00:00,730,1,-0.28640559026943707,0.28640559026943707,"{'max_depth': 10, 'max_features': 0.5, 'min_samples_leaf': 2, 'n_estimators': 100}"
2023-10-15 07:00:00,Neural Network,7,-1.1299594260725352,-1.0101664923868534,2021-10-15 07:00:00,2023-10-15 07:00:00,2023-10-15 07:00:00,730,1,-0.35941423956503044,0.35941423956503044,"{'regressor__model__alpha': 0.0001, 'regressor__model__hidden_layer_sizes': (64, 32), 'regressor__model__learning_rate_init': 0.0001}"
2023-10-15 07:00:00,Naive,7,-1.1299594260725352,-1.2729868565734073,2021-10-15 07:00:00,2023-10-15 07:00:00,2023-10-15 07:00:00,730,1,,,not_applicable
2023-10-16 07:00:00,Decision Tree,7,0.24935609843111498,0.2758926033558565,2021-10-16 07:00:00,2023-10-16 07:00:00,2023-10-16 07:00:00,730,1,-0.42290985504429074,0.42290985504429074,"{'max_depth': None, 'min_samples_leaf': 1, 'min_samples_split': 20}"
2023-10-16 07:00:00,ARX,7,0.24935609843111498,0.0979244429504349,2021-10-16 07:00:00,2023-10-16 07:00:00,2023-10-16 07:00:00,730,1,-0.3032104293734177,0.3032104293734177,{'model__alpha': 0.01}
2023-10-16 07:00:00,Random Forest,7,0.24935609843111498,0.21497016803672422,2021-10-16 07:00:00,2023-10-16 07:00:00,2023-10-16 07:00:00,730,1,-0.28640559026943707,0.28640559026943707,"{'max_depth': 10, 'max_features': 0.5, 'min_samples_leaf': 2, 'n_estimators': 100}"
2023-10-16 07:00:00,Neural Network,7,0.24935609843111498,-0.11304131645723925,2021-10-16 07:00:00,2023-10-16 07:00:00,2023-10-16 07:00:00,730,1,-0.35941423956503044,0.35941423956503044,"{'regressor__model__alpha': 0.0001, 'regressor__model__hidden_layer_sizes': (64, 32), 'regressor__model__learning_rate_init': 0.0001}"
2023-10-16 07:00:00,Naive,7,0.24935609843111498,-1.1299594260725352,2021-10-16 07:00:00,2023-10-16 07:00:00,2023-10-16 07:00:00,730,1,,,not_applicable
2023-10-17 07:00:00,Decision Tree,7,0.3143431283196055,0.40244016396717824,2021-10-17 07:00:00,2023-10-17 07:00:00,2023-10-17 07:00:00,730,1,-0.42290985504429074,0.42290985504429074,"{'max_depth': None, 'min_samples_leaf': 1, 'min_samples_split': 20}"
2023-10-17 07:00:00,ARX,7,0.3143431283196055,0.47206217720020704,2021-10-17 07:00:00,2023-10-17 07:00:00,2023-10-17 07:00:00,730,1,-0.3032104293734177,0.3032104293734177,{'model__alpha': 0.01}
2023-10-17 07:00:00,Random Forest,7,0.3143431283196055,0.5555037962157121,2021-10-17 07:00:00,2023-10-17 07:00:00,2023-10-17 07:00:00,730,1,-0.28640559026943707,0.28640559026943707,"{'max_depth': 10, 'max_features': 0.5, 'min_samples_leaf': 2, 'n_estimators': 100}"
2023-10-17 07:00:00,Neural Network,7,0.3143431283196055,0.5760312029501307,2021-10-17 07:00:00,2023-10-17 07:00:00,2023-10-17 07:00:00,730,1,-0.35941423956503044,0.35941423956503044,"{'regressor__model__alpha': 0.0001, 'regressor__model__hidden_layer_sizes': (64, 32), 'regressor__model__learning_rate_init': 0.0001}"
2023-10-17 07:00:00,Naive,7,0.3143431283196055,0.24935609843111498,2021-10-17 07:00:00,2023-10-17 07:00:00,2023-10-17 07:00:00,730,1,,,not_applicable
2023-10-18 07:00:00,Decision Tree,7,0.336156307751897,0.33625435784088575,2021-10-18 07:00:00,2023-10-18 07:00:00,2023-10-18 07:00:00,730,1,-0.42290985504429074,0.42290985504429074,"{'max_depth': None, 'min_samples_leaf': 1, 'min_samples_split': 20}"
2023-10-18 07:00:00,ARX,7,0.336156307751897,0.18677423794834036,2021-10-18 07:00:00,2023-10-18 07:00:00,2023-10-18 07:00:00,730,1,-0.3032104293734177,0.3032104293734177,{'model__alpha': 0.01}
2023-10-18 07:00:00,Random Forest,7,0.336156307751897,0.37365214410090564,2021-10-18 07:00:00,2023-10-18 07:00:00,2023-10-18 07:00:00,730,1,-0.28640559026943707,0.28640559026943707,"{'max_depth': 10, 'max_features': 0.5, 'min_samples_leaf': 2, 'n_estimators': 100}"
2023-10-18 07:00:00,Neural Network,7,0.336156307751897,0.27148062231597403,2021-10-18 07:00:00,2023-10-18 07:00:00,2023-10-18 07:00:00,730,1,-0.35941423956503044,0.35941423956503044,"{'regressor__model__alpha': 0.0001, 'regressor__model__hidden_layer_sizes': (64, 32), 'regressor__model__learning_rate_init': 0.0001}"
2023-10-18 07:00:00,Naive,7,0.336156307751897,0.3143431283196055,2021-10-18 07:00:00,2023-10-18 07:00:00,2023-10-18 07:00:00,730,1,,,not_applicable
2023-10-19 07:00:00,Decision Tree,7,-0.3499195448020159,-0.10623939529202628,2021-10-19 07:00:00,2023-10-19 07:00:00,2023-10-19 07:00:00,730,1,-0.42290985504429074,0.42290985504429074,"{'max_depth': None, 'min_samples_leaf': 1, 'min_samples_split': 20}"
2023-10-19 07:00:00,ARX,7,-0.3499195448020159,-0.29267539452185387,2021-10-19 07:00:00,2023-10-19 07:00:00,2023-10-19 07:00:00,730,1,-0.3032104293734177,0.3032104293734177,{'model__alpha': 0.01}
2023-10-19 07:00:00,Random Forest,7,-0.3499195448020159,-0.22720909995773597,2021-10-19 07:00:00,2023-10-19 07:00:00,2023-10-19 07:00:00,730,1,-0.28640559026943707,0.28640559026943707,"{'max_depth': 10, 'max_features': 0.5, 'min_samples_leaf': 2, 'n_estimators': 100}"
2023-10-19 07:00:00,Neural Network,7,-0.3499195448020159,-0.1151343487651384,2021-10-19 07:00:00,2023-10-19 07:00:00,2023-10-19 07:00:00,730,1,-0.35941423956503044,0.35941423956503044,"{'regressor__model__alpha': 0.0001, 'regressor__model__hidden_layer_sizes': (64, 32), 'regressor__model__learning_rate_init': 0.0001}"
2023-10-19 07:00:00,Naive,7,-0.3499195448020159,0.336156307751897,2021-10-19 07:00:00,2023-10-19 07:00:00,2023-10-19 07:00:00,730,1,,,not_applicable
2023-10-20 07:00:00,Decision Tree,7,-0.34471467593401894,-0.9695147999696889,2021-10-20 07:00:00,2023-10-20 07:00:00,2023-10-20 07:00:00,730,1,-0.42290985504429074,0.42290985504429074,"{'max_depth': None, 'min_samples_leaf': 1, 'min_samples_split': 20}"
2023-10-20 07:00:00,ARX,7,-0.34471467593401894,-0.46103224709935486,2021-10-20 07:00:00,2023-10-20 07:00:00,2023-10-20 07:00:00,730,1,-0.3032104293734177,0.3032104293734177,{'model__alpha': 0.01}
2023-10-20 07:00:00,Random Forest,7,-0.34471467593401894,-0.42238453270924237,2021-10-20 07:00:00,2023-10-20 07:00:00,2023-10-20 07:00:00,730,1,-0.28640559026943707,0.28640559026943707,"{'max_depth': 10, 'max_features': 0.5, 'min_samples_leaf': 2, 'n_estimators': 100}"
2023-10-20 07:00:00,Neural Network,7,-0.34471467593401894,-0.5697612276170538,2021-10-20 07:00:00,2023-10-20 07:00:00,2023-10-20 07:00:00,730,1,-0.35941423956503044,0.35941423956503044,"{'regressor__model__alpha': 0.0001, 'regressor__model__hidden_layer_sizes': (64, 32), 'regressor__model__learning_rate_init': 0.0001}"
2023-10-20 07:00:00,Naive,7,-0.34471467593401894,-0.3499195448020159,2021-10-20 07:00:00,2023-10-20 07:00:00,2023-10-20 07:00:00,730,1,,,not_applicable
2023-10-21 07:00:00,Decision Tree,7,-0.7675162958932032,-0.7630201431484006,2021-10-21 07:00:00,2023-10-21 07:00:00,2023-10-21 07:00:00,730,1,-0.42290985504429074,0.42290985504429074,"{'max_depth': None, 'min_samples_leaf': 1, 'min_samples_split': 20}"
2023-10-21 07:00:00,ARX,7,-0.7675162958932032,-0.8864608076861438,2021-10-21 07:00:00,2023-10-21 07:00:00,2023-10-21 07:00:00,730,1,-0.3032104293734177,0.3032104293734177,{'model__alpha': 0.01}
2023-10-21 07:00:00,Random Forest,7,-0.7675162958932032,-0.8008499524823272,2021-10-21 07:00:00,2023-10-21 07:00:00,2023-10-21 07:00:00,730,1,-0.28640559026943707,0.28640559026943707,"{'max_depth': 10, 'max_features': 0.5, 'min_samples_leaf': 2, 'n_estimators': 100}"
2023-10-21 07:00:00,Neural Network,7,-0.7675162958932032,-0.6852394679711789,2021-10-21 07:00:00,2023-10-21 07:00:00,2023-10-21 07:00:00,730,1,-0.35941423956503044,0.35941423956503044,"{'regressor__model__alpha': 0.0001, 'regressor__model__hidden_layer_sizes': (64, 32), 'regressor__model__learning_rate_init': 0.0001}"
2023-10-21 07:00:00,Naive,7,-0.7675162958932032,-0.34471467593401894,2021-10-21 07:00:00,2023-10-21 07:00:00,2023-10-21 07:00:00,730,1,,,not_applicable
2023-10-22 07:00:00,Decision Tree,7,-0.8425667419527526,-0.763519715675601,2021-10-22 07:00:00,2023-10-22 07:00:00,2023-10-22 07:00:00,730,1,-0.42290985504429074,0.42290985504429074,"{'max_depth': None, 'min_samples_leaf': 1, 'min_samples_split': 20}"
2023-10-22 07:00:00,ARX,7,-0.8425667419527526,-1.3034232830796937,2021-10-22 07:00:00,2023-10-22 07:00:00,2023-10-22 07:00:00,730,1,-0.3032104293734177,0.3032104293734177,{'model__alpha': 0.01}
2023-10-22 07:00:00,Random Forest,7,-0.8425667419527526,-0.8094525501533196,2021-10-22 07:00:00,2023-10-22 07:00:00,2023-10-22 07:00:00,730,1,-0.28640559026943707,0.28640559026943707,"{'max_depth': 10, 'max_features': 0.5, 'min_samples_leaf': 2, 'n_estimators': 100}"
2023-10-22 07:00:00,Neural Network,7,-0.8425667419527526,-1.2112905897734385,2021-10-22 07:00:00,2023-10-22 07:00:00,2023-10-22 07:00:00,730,1,-0.35941423956503044,0.35941423956503044,"{'regressor__model__alpha': 0.0001, 'regressor__model__hidden_layer_sizes': (64, 32), 'regressor__model__learning_rate_init': 0.0001}"
2023-10-22 07:00:00,Naive,7,-0.8425667419527526,-0.7675162958932032,2021-10-22 07:00:00,2023-10-22 07:00:00,2023-10-22 07:00:00,730,1,,,not_applicable
2023-10-23 07:00:00,Decision Tree,7,0.45779910642104993,0.811292214341283,2021-10-23 07:00:00,2023-10-23 07:00:00,2023-10-23 07:00:00,730,1,-0.42290985504429074,0.42290985504429074,"{'max_depth': None, 'min_samples_leaf': 1, 'min_samples_split': 20}"
2023-10-23 07:00:00,ARX,7,0.45779910642104993,0.2154738532149134,2021-10-23 07:00:00,2023-10-23 07:00:00,2023-10-23 07:00:00,730,1,-0.3032104293734177,0.3032104293734177,{'model__alpha': 0.01}
2023-10-23 07:00:00,Random Forest,7,0.45779910642104993,0.2516124611483215,2021-10-23 07:00:00,2023-10-23 07:00:00,2023-10-23 07:00:00,730,1,-0.28640559026943707,0.28640559026943707,"{'max_depth': 10, 'max_features': 0.5, 'min_samples_leaf': 2, 'n_estimators': 100}"
2023-10-23 07:00:00,Neural Network,7,0.45779910642104993,0.3466484644657737,2021-10-23 07:00:00,2023-10-23 07:00:00,2023-10-23 07:00:00,730,1,-0.35941423956503044,0.35941423956503044,"{'regressor__model__alpha': 0.0001, 'regressor__model__hidden_layer_sizes': (64, 32), 'regressor__model__learning_rate_init': 0.0001}"
2023-10-23 07:00:00,Naive,7,0.45779910642104993,-0.8425667419527526,2021-10-23 07:00:00,2023-10-23 07:00:00,2023-10-23 07:00:00,730,1,,,not_applicable
2023-10-24 07:00:00,Decision Tree,7,-0.207268104204488,-0.20202714108335185,2021-10-24 07:00:00,2023-10-24 07:00:00,2023-10-24 07:00:00,730,1,-0.42290985504429074,0.42290985504429074,"{'max_depth': None, 'min_samples_leaf': 1, 'min_samples_split': 20}"
2023-10-24 07:00:00,ARX,7,-0.207268104204488,-0.01770660308379801,2021-10-24 07:00:00,2023-10-24 07:00:00,2023-10-24 07:00:00,730,1,-0.3032104293734177,0.3032104293734177,{'model__alpha': 0.01}
2023-10-24 07:00:00,Random Forest,7,-0.207268104204488,0.21810392260742284,2021-10-24 07:00:00,2023-10-24 07:00:00,2023-10-24 07:00:00,730,1,-0.28640559026943707,0.28640559026943707,"{'max_depth': 10, 'max_features': 0.5, 'min_samples_leaf': 2, 'n_estimators': 100}"
2023-10-24 07:00:00,Neural Network,7,-0.207268104204488,0.10373425355222388,2021-10-24 07:00:00,2023-10-24 07:00:00,2023-10-24 07:00:00,730,1,-0.35941423956503044,0.35941423956503044,"{'regressor__model__alpha': 0.0001, 'regressor__model__hidden_layer_sizes': (64, 32), 'regressor__model__learning_rate_init': 0.0001}"
2023-10-24 07:00:00,Naive,7,-0.207268104204488,0.45779910642104993,2021-10-24 07:00:00,2023-10-24 07:00:00,2023-10-24 07:00:00,730,1,,,not_applicable
2023-10-25 07:00:00,Decision Tree,7,0.14864291415396408,0.7523766963545775,2021-10-25 07:00:00,2023-10-25 07:00:00,2023-10-25 07:00:00,730,1,-0.42290985504429074,0.42290985504429074,"{'max_depth': None, 'min_samples_leaf': 1, 'min_samples_split': 20}"
2023-10-25 07:00:00,ARX,7,0.14864291415396408,0.12933086249834735,2021-10-25 07:00:00,2023-10-25 07:00:00,2023-10-25 07:00:00,730,1,-0.3032104293734177,0.3032104293734177,{'model__alpha': 0.01}
2023-10-25 07:00:00,Random Forest,7,0.14864291415396408,0.18489548706070788,2021-10-25 07:00:00,2023-10-25 07:00:00,2023-10-25 07:00:00,730,1,-0.28640559026943707,0.28640559026943707,"{'max_depth': 10, 'max_features': 0.5, 'min_samples_leaf': 2, 'n_estimators': 100}"
2023-10-25 07:00:00,Neural Network,7,0.14864291415396408,0.3590417075667608,2021-10-25 07:00:00,2023-10-25 07:00:00,2023-10-25 07:00:00,730,1,-0.35941423956503044,0.35941423956503044,"{'regressor__model__alpha': 0.0001, 'regressor__model__hidden_layer_sizes': (64, 32), 'regressor__model__learning_rate_init': 0.0001}"
2023-10-25 07:00:00,Naive,7,0.14864291415396408,-0.207268104204488,2021-10-25 07:00:00,2023-10-25 07:00:00,2023-10-25 07:00:00,730,1,,,not_applicable
2023-10-26 07:00:00,Decision Tree,7,-0.04558863992535758,0.04924959210865453,2021-10-26 07:00:00,2023-10-26 07:00:00,2023-10-26 07:00:00,730,1,-0.42290985504429074,0.42290985504429074,"{'max_depth': None, 'min_samples_leaf': 1, 'min_samples_split': 20}"
2023-10-26 07:00:00,ARX,7,-0.04558863992535758,0.16362755442705912,2021-10-26 07:00:00,2023-10-26 07:00:00,2023-10-26 07:00:00,730,1,-0.3032104293734177,0.3032104293734177,{'model__alpha': 0.01}
2023-10-26 07:00:00,Random Forest,7,-0.04558863992535758,0.117234122614943,2021-10-26 07:00:00,2023-10-26 07:00:00,2023-10-26 07:00:00,730,1,-0.28640559026943707,0.28640559026943707,"{'max_depth': 10, 'max_features': 0.5, 'min_samples_leaf': 2, 'n_estimators': 100}"
2023-10-26 07:00:00,Neural Network,7,-0.04558863992535758,0.185751932649577,2021-10-26 07:00:00,2023-10-26 07:00:00,2023-10-26 07:00:00,730,1,-0.35941423956503044,0.35941423956503044,"{'regressor__model__alpha': 0.0001, 'regressor__model__hidden_layer_sizes': (64, 32), 'regressor__model__learning_rate_init': 0.0001}"
2023-10-26 07:00:00,Naive,7,-0.04558863992535758,0.14864291415396408,2021-10-26 07:00:00,2023-10-26 07:00:00,2023-10-26 07:00:00,730,1,,,not_applicable
2023-10-27 07:00:00,Decision Tree,7,0.07102132082493307,0.04247543267765367,2021-10-27 07:00:00,2023-10-27 07:00:00,2023-10-27 07:00:00,730,1,-0.42290985504429074,0.42290985504429074,"{'max_depth': None, 'min_samples_leaf': 1, 'min_samples_split': 20}"
2023-10-27 07:00:00,ARX,7,0.07102132082493307,0.0684980468442643,2021-10-27 07:00:00,2023-10-27 07:00:00,2023-10-27 07:00:00,730,1,-0.3032104293734177,0.3032104293734177,{'model__alpha': 0.01}
2023-10-27 07:00:00,Random Forest,7,0.07102132082493307,0.02089380148595577,2021-10-27 07:00:00,2023-10-27 07:00:00,2023-10-27 07:00:00,730,1,-0.28640559026943707,0.28640559026943707,"{'max_depth': 10, 'max_features': 0.5, 'min_samples_leaf': 2, 'n_estimators': 100}"
2023-10-27 07:00:00,Neural Network,7,0.07102132082493307,0.11610239881958118,2021-10-27 07:00:00,2023-10-27 07:00:00,2023-10-27 07:00:00,730,1,-0.35941423956503044,0.35941423956503044,"{'regressor__model__alpha': 0.0001, 'regressor__model__hidden_layer_sizes': (64, 32), 'regressor__model__learning_rate_init': 0.0001}"
2023-10-27 07:00:00,Naive,7,0.07102132082493307,-0.04558863992535758,2021-10-27 07:00:00,2023-10-27 07:00:00,2023-10-27 07:00:00,730,1,,,not_applicable
2023-10-28 07:00:00,Decision Tree,7,-0.6434445334191583,-0.5697754212582439,2021-10-28 07:00:00,2023-10-28 07:00:00,2023-10-28 07:00:00,730,1,-0.42290985504429074,0.42290985504429074,"{'max_depth': None, 'min_samples_leaf': 1, 'min_samples_split': 20}"
2023-10-28 07:00:00,ARX,7,-0.6434445334191583,-0.6669186503059755,2021-10-28 07:00:00,2023-10-28 07:00:00,2023-10-28 07:00:00,730,1,-0.3032104293734177,0.3032104293734177,{'model__alpha': 0.01}
2023-10-28 07:00:00,Random Forest,7,-0.6434445334191583,-0.5504340760654969,2021-10-28 07:00:00,2023-10-28 07:00:00,2023-10-28 07:00:00,730,1,-0.28640559026943707,0.28640559026943707,"{'max_depth': 10, 'max_features': 0.5, 'min_samples_leaf': 2, 'n_estimators': 100}"
2023-10-28 07:00:00,Neural Network,7,-0.6434445334191583,-0.4924601421776431,2021-10-28 07:00:00,2023-10-28 07:00:00,2023-10-28 07:00:00,730,1,-0.35941423956503044,0.35941423956503044,"{'regressor__model__alpha': 0.0001, 'regressor__model__hidden_layer_sizes': (64, 32), 'regressor__model__learning_rate_init': 0.0001}"
2023-10-28 07:00:00,Naive,7,-0.6434445334191583,0.07102132082493307,2021-10-28 07:00:00,2023-10-28 07:00:00,2023-10-28 07:00:00,730,1,,,not_applicable
2023-10-29 07:00:00,Decision Tree,7,-1.2744155564100734,-1.0492553946620726,2021-10-29 07:00:00,2023-10-29 07:00:00,2023-10-29 07:00:00,730,1,-0.42290985504429074,0.42290985504429074,"{'max_depth': None, 'min_samples_leaf': 1, 'min_samples_split': 20}"
2023-10-29 07:00:00,ARX,7,-1.2744155564100734,-1.3295121707745294,2021-10-29 07:00:00,2023-10-29 07:00:00,2023-10-29 07:00:00,730,1,-0.3032104293734177,0.3032104293734177,{'model__alpha': 0.01}
2023-10-29 07:00:00,Random Forest,7,-1.2744155564100734,-0.9059715529921878,2021-10-29 07:00:00,2023-10-29 07:00:00,2023-10-29 07:00:00,730,1,-0.28640559026943707,0.28640559026943707,"{'max_depth': 10, 'max_features': 0.5, 'min_samples_leaf': 2, 'n_estimators': 100}"
2023-10-29 07:00:00,Neural Network,7,-1.2744155564100734,-1.1415211443429274,2021-10-29 07:00:00,2023-10-29 07:00:00,2023-10-29 07:00:00,730,1,-0.35941423956503044,0.35941423956503044,"{'regressor__model__alpha': 0.0001, 'regressor__model__hidden_layer_sizes': (64, 32), 'regressor__model__learning_rate_init': 0.0001}"
2023-10-29 07:00:00,Naive,7,-1.2744155564100734,-0.6434445334191583,2021-10-29 07:00:00,2023-10-29 07:00:00,2023-10-29 07:00:00,730,1,,,not_applicable
2023-10-30 07:00:00,Decision Tree,7,-0.36491586740886717,-0.1989852229466835,2021-10-30 07:00:00,2023-10-30 07:00:00,2023-10-30 07:00:00,730,1,-0.42290985504429074,0.42290985504429074,"{'max_depth': None, 'min_samples_leaf': 1, 'min_samples_split': 20}"
2023-10-30 07:00:00,ARX,7,-0.36491586740886717,-0.5343401166518984,2021-10-30 07:00:00,2023-10-30 07:00:00,2023-10-30 07:00:00,730,1,-0.3032104293734177,0.3032104293734177,{'model__alpha': 0.01}
2023-10-30 07:00:00,Random Forest,7,-0.36491586740886717,-0.3846518164568568,2021-10-30 07:00:00,2023-10-30 07:00:00,2023-10-30 07:00:00,730,1,-0.28640559026943707,0.28640559026943707,"{'max_depth': 10, 'max_features': 0.5, 'min_samples_leaf': 2, 'n_estimators': 100}"
2023-10-30 07:00:00,Neural Network,7,-0.36491586740886717,-0.18795142378855212,2021-10-30 07:00:00,2023-10-30 07:00:00,2023-10-30 07:00:00,730,1,-0.35941423956503044,0.35941423956503044,"{'regressor__model__alpha': 0.0001, 'regressor__model__hidden_layer_sizes': (64, 32), 'regressor__model__learning_rate_init': 0.0001}"
2023-10-30 07:00:00,Naive,7,-0.36491586740886717,-1.2744155564100734,2021-10-30 07:00:00,2023-10-30 07:00:00,2023-10-30 07:00:00,730,1,,,not_applicable
2023-10-31 07:00:00,Decision Tree,7,-0.34887114245983714,-0.3628713294102336,2021-10-31 07:00:00,2023-10-31 07:00:00,2023-10-31 07:00:00,730,1,-0.42290985504429074,0.42290985504429074,"{'max_depth': None, 'min_samples_leaf': 1, 'min_samples_split': 20}"
2023-10-31 07:00:00,ARX,7,-0.34887114245983714,-0.3879078927674394,2021-10-31 07:00:00,2023-10-31 07:00:00,2023-10-31 07:00:00,730,1,-0.3032104293734177,0.3032104293734177,{'model__alpha': 0.01}
2023-10-31 07:00:00,Random Forest,7,-0.34887114245983714,-0.34216469314669967,2021-10-31 07:00:00,2023-10-31 07:00:00,2023-10-31 07:00:00,730,1,-0.28640559026943707,0.28640559026943707,"{'max_depth': 10, 'max_features': 0.5, 'min_samples_leaf': 2, 'n_estimators': 100}"
2023-10-31 07:00:00,Neural Network,7,-0.34887114245983714,-0.36612304022719033,2021-10-31 07:00:00,2023-10-31 07:00:00,2023-10-31 07:00:00,730,1,-0.35941423956503044,0.35941423956503044,"{'regressor__model__alpha': 0.0001, 'regressor__model__hidden_layer_sizes': (64, 32), 'regressor__model__learning_rate_init': 0.0001}"
2023-10-31 07:00:00,Naive,7,-0.34887114245983714,-0.36491586740886717,2021-10-31 07:00:00,2023-10-31 07:00:00,2023-10-31 07:00:00,730,1,,,not_applicable
2023-11-01 07:00:00,Decision Tree,7,-0.5855554911354182,-0.5391335424983557,2021-11-01 07:00:00,2023-11-01 07:00:00,2023-11-01 07:00:00,730,1,-0.42290985504429074,0.42290985504429074,"{'max_depth': None, 'min_samples_leaf': 1, 'min_samples_split': 20}"
2023-11-01 07:00:00,ARX,7,-0.5855554911354182,-0.5455990760862057,2021-11-01 07:00:00,2023-11-01 07:00:00,2023-11-01 07:00:00,730,1,-0.3032104293734177,0.3032104293734177,{'model__alpha': 0.01}
2023-11-01 07:00:00,Random Forest,7,-0.5855554911354182,-0.49122283508784564,2021-11-01 07:00:00,2023-11-01 07:00:00,2023-11-01 07:00:00,730,1,-0.28640559026943707,0.28640559026943707,"{'max_depth': 10, 'max_features': 0.5, 'min_samples_leaf': 2, 'n_estimators': 100}"
2023-11-01 07:00:00,Neural Network,7,-0.5855554911354182,-0.4616811841290872,2021-11-01 07:00:00,2023-11-01 07:00:00,2023-11-01 07:00:00,730,1,-0.35941423956503044,0.35941423956503044,"{'regressor__model__alpha': 0.0001, 'regressor__model__hidden_layer_sizes': (64, 32), 'regressor__model__learning_rate_init': 0.0001}"
2023-11-01 07:00:00,Naive,7,-0.5855554911354182,-0.34887114245983714,2021-11-01 07:00:00,2023-11-01 07:00:00,2023-11-01 07:00:00,730,1,,,not_applicable
2023-11-02 07:00:00,Decision Tree,7,-0.6894995808688228,-0.9909735404063809,2021-11-02 07:00:00,2023-11-02 07:00:00,2023-11-02 07:00:00,730,1,-0.42290985504429074,0.42290985504429074,"{'max_depth': None, 'min_samples_leaf': 1, 'min_samples_split': 20}"
2023-11-02 07:00:00,ARX,7,-0.6894995808688228,-0.8600634756204658,2021-11-02 07:00:00,2023-11-02 07:00:00,2023-11-02 07:00:00,730,1,-0.3032104293734177,0.3032104293734177,{'model__alpha': 0.01}
2023-11-02 07:00:00,Random Forest,7,-0.6894995808688228,-0.6147182982161303,2021-11-02 07:00:00,2023-11-02 07:00:00,2023-11-02 07:00:00,730,1,-0.28640559026943707,0.28640559026943707,"{'max_depth': 10, 'max_features': 0.5, 'min_samples_leaf': 2, 'n_estimators': 100}"
2023-11-02 07:00:00,Neural Network,7,-0.6894995808688228,-1.064211871690469,2021-11-02 07:00:00,2023-11-02 07:00:00,2023-11-02 07:00:00,730,1,-0.35941423956503044,0.35941423956503044,"{'regressor__model__alpha': 0.0001, 'regressor__model__hidden_layer_sizes': (64, 32), 'regressor__model__learning_rate_init': 0.0001}"
2023-11-02 07:00:00,Naive,7,-0.6894995808688228,-0.5855554911354182,2021-11-02 07:00:00,2023-11-02 07:00:00,2023-11-02 07:00:00,730,1,,,not_applicable
2023-11-03 07:00:00,Decision Tree,7,-0.5383339285314312,-0.3619379836135404,2021-11-03 07:00:00,2023-11-03 07:00:00,2023-11-03 07:00:00,730,1,-0.42290985504429074,0.42290985504429074,"{'max_depth': None, 'min_samples_leaf': 1, 'min_samples_split': 20}"
2023-11-03 07:00:00,ARX,7,-0.5383339285314312,-0.5549439190937334,2021-11-03 07:00:00,2023-11-03 07:00:00,2023-11-03 07:00:00,730,1,-0.3032104293734177,0.3032104293734177,{'model__alpha': 0.01}
2023-11-03 07:00:00,Random Forest,7,-0.5383339285314312,-0.38332036522842006,2021-11-03 07:00:00,2023-11-03 07:00:00,2023-11-03 07:00:00,730,1,-0.28640559026943707,0.28640559026943707,"{'max_depth': 10, 'max_features': 0.5, 'min_samples_leaf': 2, 'n_estimators': 100}"
2023-11-03 07:00:00,Neural Network,7,-0.5383339285314312,-0.5560909840247021,2021-11-03 07:00:00,2023-11-03 07:00:00,2023-11-03 07:00:00,730,1,-0.35941423956503044,0.35941423956503044,"{'regressor__model__alpha': 0.0001, 'regressor__model__hidden_layer_sizes': (64, 32), 'regressor__model__learning_rate_init': 0.0001}"
2023-11-03 07:00:00,Naive,7,-0.5383339285314312,-0.6894995808688228,2021-11-03 07:00:00,2023-11-03 07:00:00,2023-11-03 07:00:00,730,1,,,not_applicable
2023-11-04 07:00:00,Decision Tree,7,-1.1041539500126472,-0.9414584789536802,2021-11-04 07:00:00,2023-11-04 07:00:00,2023-11-04 07:00:00,730,1,-0.42290985504429074,0.42290985504429074,"{'max_depth': None, 'min_samples_leaf': 1, 'min_samples_split': 20}"
2023-11-04 07:00:00,ARX,7,-1.1041539500126472,-1.3025963589970988,2021-11-04 07:00:00,2023-11-04 07:00:00,2023-11-04 07:00:00,730,1,-0.3032104293734177,0.3032104293734177,{'model__alpha': 0.01}
2023-11-04 07:00:00,Random Forest,7,-1.1041539500126472,-0.7875808554938922,2021-11-04 07:00:00,2023-11-04 07:00:00,2023-11-04 07:00:00,730,1,-0.28640559026943707,0.28640559026943707,"{'max_depth': 10, 'max_features': 0.5, 'min_samples_leaf': 2, 'n_estimators': 100}"
2023-11-04 07:00:00,Neural Network,7,-1.1041539500126472,-1.2517566501412596,2021-11-04 07:00:00,2023-11-04 07:00:00,2023-11-04 07:00:00,730,1,-0.35941423956503044,0.35941423956503044,"{'regressor__model__alpha': 0.0001, 'regressor__model__hidden_layer_sizes': (64, 32), 'regressor__model__learning_rate_init': 0.0001}"
2023-11-04 07:00:00,Naive,7,-1.1041539500126472,-0.5383339285314312,2021-11-04 07:00:00,2023-11-04 07:00:00,2023-11-04 07:00:00,730,1,,,not_applicable
2023-11-05 07:00:00,Decision Tree,7,-1.1967710111242702,-0.7082546165959314,2021-11-05 07:00:00,2023-11-05 07:00:00,2023-11-05 07:00:00,730,1,-0.42290985504429074,0.42290985504429074,"{'max_depth': None, 'min_samples_leaf': 1, 'min_samples_split': 20}"
2023-11-05 07:00:00,ARX,7,-1.1967710111242702,-1.4410729331352554,2021-11-05 07:00:00,2023-11-05 07:00:00,2023-11-05 07:00:00,730,1,-0.3032104293734177,0.3032104293734177,{'model__alpha': 0.01}
2023-11-05 07:00:00,Random Forest,7,-1.1967710111242702,-0.9857553976176324,2021-11-05 07:00:00,2023-11-05 07:00:00,2023-11-05 07:00:00,730,1,-0.28640559026943707,0.28640559026943707,"{'max_depth': 10, 'max_features': 0.5, 'min_samples_leaf': 2, 'n_estimators': 100}"
2023-11-05 07:00:00,Neural Network,7,-1.1967710111242702,-1.00589106584364,2021-11-05 07:00:00,2023-11-05 07:00:00,2023-11-05 07:00:00,730,1,-0.35941423956503044,0.35941423956503044,"{'regressor__model__alpha': 0.0001, 'regressor__model__hidden_layer_sizes': (64, 32), 'regressor__model__learning_rate_init': 0.0001}"
2023-11-05 07:00:00,Naive,7,-1.1967710111242702,-1.1041539500126472,2021-11-05 07:00:00,2023-11-05 07:00:00,2023-11-05 07:00:00,730,1,,,not_applicable
2023-11-06 07:00:00,Decision Tree,7,-0.46818161611787756,-1.054772407963514,2021-11-06 07:00:00,2023-11-06 07:00:00,2023-11-06 07:00:00,730,1,-0.42290985504429074,0.42290985504429074,"{'max_depth': None, 'min_samples_leaf': 1, 'min_samples_split': 20}"
2023-11-06 07:00:00,ARX,7,-0.46818161611787756,-1.0282153235437077,2021-11-06 07:00:00,2023-11-06 07:00:00,2023-11-06 07:00:00,730,1,-0.3032104293734177,0.3032104293734177,{'model__alpha': 0.01}
2023-11-06 07:00:00,Random Forest,7,-0.46818161611787756,-0.5962989710276738,2021-11-06 07:00:00,2023-11-06 07:00:00,2023-11-06 07:00:00,730,1,-0.28640559026943707,0.28640559026943707,"{'max_depth': 10, 'max_features': 0.5, 'min_samples_leaf': 2, 'n_estimators': 100}"
2023-11-06 07:00:00,Neural Network,7,-0.46818161611787756,-0.7420612180981535,2021-11-06 07:00:00,2023-11-06 07:00:00,2023-11-06 07:00:00,730,1,-0.35941423956503044,0.35941423956503044,"{'regressor__model__alpha': 0.0001, 'regressor__model__hidden_layer_sizes': (64, 32), 'regressor__model__learning_rate_init': 0.0001}"
2023-11-06 07:00:00,Naive,7,-0.46818161611787756,-1.1967710111242702,2021-11-06 07:00:00,2023-11-06 07:00:00,2023-11-06 07:00:00,730,1,,,not_applicable
2023-11-07 07:00:00,Decision Tree,7,-0.034783589707725715,-0.47394600689521266,2021-11-07 07:00:00,2023-11-07 07:00:00,2023-11-07 07:00:00,730,1,-0.42290985504429074,0.42290985504429074,"{'max_depth': None, 'min_samples_leaf': 1, 'min_samples_split': 20}"
2023-11-07 07:00:00,ARX,7,-0.034783589707725715,-0.4889909155892853,2021-11-07 07:00:00,2023-11-07 07:00:00,2023-11-07 07:00:00,730,1,-0.3032104293734177,0.3032104293734177,{'model__alpha': 0.01}
2023-11-07 07:00:00,Random Forest,7,-0.034783589707725715,-0.24909664463305628,2021-11-07 07:00:00,2023-11-07 07:00:00,2023-11-07 07:00:00,730,1,-0.28640559026943707,0.28640559026943707,"{'max_depth': 10, 'max_features': 0.5, 'min_samples_leaf': 2, 'n_estimators': 100}"
2023-11-07 07:00:00,Neural Network,7,-0.034783589707725715,-0.47691196470937536,2021-11-07 07:00:00,2023-11-07 07:00:00,2023-11-07 07:00:00,730,1,-0.35941423956503044,0.35941423956503044,"{'regressor__model__alpha': 0.0001, 'regressor__model__hidden_layer_sizes': (64, 32), 'regressor__model__learning_rate_init': 0.0001}"
2023-11-07 07:00:00,Naive,7,-0.034783589707725715,-0.46818161611787756,2021-11-07 07:00:00,2023-11-07 07:00:00,2023-11-07 07:00:00,730,1,,,not_applicable
2023-11-08 07:00:00,Decision Tree,7,-0.3346193333532932,-0.24241084537528465,2021-11-08 07:00:00,2023-11-08 07:00:00,2023-11-08 07:00:00,730,1,-0.42290985504429074,0.42290985504429074,"{'max_depth': None, 'min_samples_leaf': 1, 'min_samples_split': 20}"
2023-11-08 07:00:00,ARX,7,-0.3346193333532932,-0.564843686462602,2021-11-08 07:00:00,2023-11-08 07:00:00,2023-11-08 07:00:00,730,1,-0.3032104293734177,0.3032104293734177,{'model__alpha': 0.01}
2023-11-08 07:00:00,Random Forest,7,-0.3346193333532932,-0.22487279513560884,2021-11-08 07:00:00,2023-11-08 07:00:00,2023-11-08 07:00:00,730,1,-0.28640559026943707,0.28640559026943707,"{'max_depth': 10, 'max_features': 0.5, 'min_samples_leaf': 2, 'n_estimators': 100}"
2023-11-08 07:00:00,Neural Network,7,-0.3346193333532932,-0.6416892560686324,2021-11-08 07:00:00,2023-11-08 07:00:00,2023-11-08 07:00:00,730,1,-0.35941423956503044,0.35941423956503044,"{'regressor__model__alpha': 0.0001, 'regressor__model__hidden_layer_sizes': (64, 32), 'regressor__model__learning_rate_init': 0.0001}"
2023-11-08 07:00:00,Naive,7,-0.3346193333532932,-0.034783589707725715,2021-11-08 07:00:00,2023-11-08 07:00:00,2023-11-08 07:00:00,730,1,,,not_applicable
2023-11-09 07:00:00,Decision Tree,7,-0.18671685580006844,-0.37910839397847523,2021-11-09 07:00:00,2023-11-09 07:00:00,2023-11-09 07:00:00,730,1,-0.42290985504429074,0.42290985504429074,"{'max_depth': None, 'min_samples_leaf': 1, 'min_samples_split': 20}"
2023-11-09 07:00:00,ARX,7,-0.18671685580006844,-0.41699641985251623,2021-11-09 07:00:00,2023-11-09 07:00:00,2023-11-09 07:00:00,730,1,-0.3032104293734177,0.3032104293734177,{'model__alpha': 0.01}
2023-11-09 07:00:00,Random Forest,7,-0.18671685580006844,-0.2675032103524021,2021-11-09 07:00:00,2023-11-09 07:00:00,2023-11-09 07:00:00,730,1,-0.28640559026943707,0.28640559026943707,"{'max_depth': 10, 'max_features': 0.5, 'min_samples_leaf': 2, 'n_estimators': 100}"
2023-11-09 07:00:00,Neural Network,7,-0.18671685580006844,-0.22399534689936118,2021-11-09 07:00:00,2023-11-09 07:00:00,2023-11-09 07:00:00,730,1,-0.35941423956503044,0.35941423956503044,"{'regressor__model__alpha': 0.0001, 'regressor__model__hidden_layer_sizes': (64, 32), 'regressor__model__learning_rate_init': 0.0001}"
2023-11-09 07:00:00,Naive,7,-0.18671685580006844,-0.3346193333532932,2021-11-09 07:00:00,2023-11-09 07:00:00,2023-11-09 07:00:00,730,1,,,not_applicable
2023-11-10 07:00:00,Decision Tree,7,-0.341395051588309,-0.177749629789883,2021-11-10 07:00:00,2023-11-10 07:00:00,2023-11-10 07:00:00,730,1,-0.42290985504429074,0.42290985504429074,"{'max_depth': None, 'min_samples_leaf': 1, 'min_samples_split': 20}"
2023-11-10 07:00:00,ARX,7,-0.341395051588309,-0.43295358876861345,2021-11-10 07:00:00,2023-11-10 07:00:00,2023-11-10 07:00:00,730,1,-0.3032104293734177,0.3032104293734177,{'model__alpha': 0.01}
2023-11-10 07:00:00,Random Forest,7,-0.341395051588309,-0.20053567600448896,2021-11-10 07:00:00,2023-11-10 07:00:00,2023-11-10 07:00:00,730,1,-0.28640559026943707,0.28640559026943707,"{'max_depth': 10, 'max_features': 0.5, 'min_samples_leaf': 2, 'n_estimators': 100}"
2023-11-10 07:00:00,Neural Network,7,-0.341395051588309,-0.4613135331176411,2021-11-10 07:00:00,2023-11-10 07:00:00,2023-11-10 07:00:00,730,1,-0.35941423956503044,0.35941423956503044,"{'regressor__model__alpha': 0.0001, 'regressor__model__hidden_layer_sizes': (64, 32), 'regressor__model__learning_rate_init': 0.0001}"
2023-11-10 07:00:00,Naive,7,-0.341395051588309,-0.18671685580006844,2021-11-10 07:00:00,2023-11-10 07:00:00,2023-11-10 07:00:00,730,1,,,not_applicable
2023-11-11 07:00:00,Decision Tree,7,-0.5452851029325635,-0.03348300659851946,2021-11-11 07:00:00,2023-11-11 07:00:00,2023-11-11 07:00:00,730,1,-0.42290985504429074,0.42290985504429074,"{'max_depth': None, 'min_samples_leaf': 1, 'min_samples_split': 20}"
2023-11-11 07:00:00,ARX,7,-0.5452851029325635,-0.5501818497958568,2021-11-11 07:00:00,2023-11-11 07:00:00,2023-11-11 07:00:00,730,1,-0.3032104293734177,0.3032104293734177,{'model__alpha': 0.01}
2023-11-11 07:00:00,Random Forest,7,-0.5452851029325635,-0.29392236225815926,2021-11-11 07:00:00,2023-11-11 07:00:00,2023-11-11 07:00:00,730,1,-0.28640559026943707,0.28640559026943707,"{'max_depth': 10, 'max_features': 0.5, 'min_samples_leaf': 2, 'n_estimators': 100}"
2023-11-11 07:00:00,Neural Network,7,-0.5452851029325635,-0.47938783006493013,2021-11-11 07:00:00,2023-11-11 07:00:00,2023-11-11 07:00:00,730,1,-0.35941423956503044,0.35941423956503044,"{'regressor__model__alpha': 0.0001, 'regressor__model__hidden_layer_sizes': (64, 32), 'regressor__model__learning_rate_init': 0.0001}"
2023-11-11 07:00:00,Naive,7,-0.5452851029325635,-0.341395051588309,2021-11-11 07:00:00,2023-11-11 07:00:00,2023-11-11 07:00:00,730,1,,,not_applicable
2023-11-12 07:00:00,Decision Tree,7,-0.559755480113141,-0.5761669025844492,2021-11-12 07:00:00,2023-11-12 07:00:00,2023-11-12 07:00:00,730,1,-0.42290985504429074,0.42290985504429074,"{'max_depth': None, 'min_samples_leaf': 1, 'min_samples_split': 20}"
2023-11-12 07:00:00,ARX,7,-0.559755480113141,-0.6274124278899622,2021-11-12 07:00:00,2023-11-12 07:00:00,2023-11-12 07:00:00,730,1,-0.3032104293734177,0.3032104293734177,{'model__alpha': 0.01}
2023-11-12 07:00:00,Random Forest,7,-0.559755480113141,-0.6325046550758454,2021-11-12 07:00:00,2023-11-12 07:00:00,2023-11-12 07:00:00,730,1,-0.28640559026943707,0.28640559026943707,"{'max_depth': 10, 'max_features': 0.5, 'min_samples_leaf': 2, 'n_estimators': 100}"
2023-11-12 07:00:00,Neural Network,7,-0.559755480113141,-0.31828052156120457,2021-11-12 07:00:00,2023-11-12 07:00:00,2023-11-12 07:00:00,730,1,-0.35941423956503044,0.35941423956503044,"{'regressor__model__alpha': 0.0001, 'regressor__model__hidden_layer_sizes': (64, 32), 'regressor__model__learning_rate_init': 0.0001}"
2023-11-12 07:00:00,Naive,7,-0.559755480113141,-0.5452851029325635,2021-11-12 07:00:00,2023-11-12 07:00:00,2023-11-12 07:00:00,730,1,,,not_applicable
2023-11-13 07:00:00,Decision Tree,7,0.09098065678527835,0.286820932667843,2021-11-13 07:00:00,2023-11-13 07:00:00,2023-11-13 07:00:00,730,1,-0.42290985504429074,0.42290985504429074,"{'max_depth': None, 'min_samples_leaf': 1, 'min_samples_split': 20}"
2023-11-13 07:00:00,ARX,7,0.09098065678527835,0.07364986318545907,2021-11-13 07:00:00,2023-11-13 07:00:00,2023-11-13 07:00:00,730,1,-0.3032104293734177,0.3032104293734177,{'model__alpha': 0.01}
2023-11-13 07:00:00,Random Forest,7,0.09098065678527835,0.025414336090147073,2021-11-13 07:00:00,2023-11-13 07:00:00,2023-11-13 07:00:00,730,1,-0.28640559026943707,0.28640559026943707,"{'max_depth': 10, 'max_features': 0.5, 'min_samples_leaf': 2, 'n_estimators': 100}"
2023-11-13 07:00:00,Neural Network,7,0.09098065678527835,0.30023251244867266,2021-11-13 07:00:00,2023-11-13 07:00:00,2023-11-13 07:00:00,730,1,-0.35941423956503044,0.35941423956503044,"{'regressor__model__alpha': 0.0001, 'regressor__model__hidden_layer_sizes': (64, 32), 'regressor__model__learning_rate_init': 0.0001}"
2023-11-13 07:00:00,Naive,7,0.09098065678527835,-0.559755480113141,2021-11-13 07:00:00,2023-11-13 07:00:00,2023-11-13 07:00:00,730,1,,,not_applicable
2023-11-14 07:00:00,Decision Tree,7,-0.6531768123818619,-0.37321481771952464,2021-11-14 07:00:00,2023-11-14 07:00:00,2023-11-14 07:00:00,730,1,-0.42290985504429074,0.42290985504429074,"{'max_depth': None, 'min_samples_leaf': 1, 'min_samples_split': 20}"
2023-11-14 07:00:00,ARX,7,-0.6531768123818619,-0.7897732636312594,2021-11-14 07:00:00,2023-11-14 07:00:00,2023-11-14 07:00:00,730,1,-0.3032104293734177,0.3032104293734177,{'model__alpha': 0.01}
2023-11-14 07:00:00,Random Forest,7,-0.6531768123818619,-0.4675463891432992,2021-11-14 07:00:00,2023-11-14 07:00:00,2023-11-14 07:00:00,730,1,-0.28640559026943707,0.28640559026943707,"{'max_depth': 10, 'max_features': 0.5, 'min_samples_leaf': 2, 'n_estimators': 100}"
2023-11-14 07:00:00,Neural Network,7,-0.6531768123818619,-0.5879555096643281,2021-11-14 07:00:00,2023-11-14 07:00:00,2023-11-14 07:00:00,730,1,-0.35941423956503044,0.35941423956503044,"{'regressor__model__alpha': 0.0001, 'regressor__model__hidden_layer_sizes': (64, 32), 'regressor__model__learning_rate_init': 0.0001}"
2023-11-14 07:00:00,Naive,7,-0.6531768123818619,0.09098065678527835,2021-11-14 07:00:00,2023-11-14 07:00:00,2023-11-14 07:00:00,730,1,,,not_applicable
2023-11-15 07:00:00,Decision Tree,7,-0.1316079248162265,0.14182800394894476,2021-11-15 07:00:00,2023-11-15 07:00:00,2023-11-15 07:00:00,730,1,-0.42290985504429074,0.42290985504429074,"{'max_depth': None, 'min_samples_leaf': 1, 'min_samples_split': 20}"
2023-11-15 07:00:00,ARX,7,-0.1316079248162265,-0.04954827961129704,2021-11-15 07:00:00,2023-11-15 07:00:00,2023-11-15 07:00:00,730,1,-0.3032104293734177,0.3032104293734177,{'model__alpha': 0.01}
2023-11-15 07:00:00,Random Forest,7,-0.1316079248162265,0.09591235686936654,2021-11-15 07:00:00,2023-11-15 07:00:00,2023-11-15 07:00:00,730,1,-0.28640559026943707,0.28640559026943707,"{'max_depth': 10, 'max_features': 0.5, 'min_samples_leaf': 2, 'n_estimators': 100}"
2023-11-15 07:00:00,Neural Network,7,-0.1316079248162265,0.14196216284240715,2021-11-15 07:00:00,2023-11-15 07:00:00,2023-11-15 07:00:00,730,1,-0.35941423956503044,0.35941423956503044,"{'regressor__model__alpha': 0.0001, 'regressor__model__hidden_layer_sizes': (64, 32), 'regressor__model__learning_rate_init': 0.0001}"
2023-11-15 07:00:00,Naive,7,-0.1316079248162265,-0.6531768123818619,2021-11-15 07:00:00,2023-11-15 07:00:00,2023-11-15 07:00:00,730,1,,,not_applicable
2023-11-16 07:00:00,Decision Tree,7,-0.08186403880572535,0.11789959803183757,2021-11-16 07:00:00,2023-11-16 07:00:00,2023-11-16 07:00:00,730,1,-0.42290985504429074,0.42290985504429074,"{'max_depth': None, 'min_samples_leaf': 1, 'min_samples_split': 20}"
2023-11-16 07:00:00,ARX,7,-0.08186403880572535,-0.11663255960162633,2021-11-16 07:00:00,2023-11-16 07:00:00,2023-11-16 07:00:00,730,1,-0.3032104293734177,0.3032104293734177,{'model__alpha': 0.01}
2023-11-16 07:00:00,Random Forest,7,-0.08186403880572535,0.06816616901624768,2021-11-16 07:00:00,2023-11-16 07:00:00,2023-11-16 07:00:00,730,1,-0.28640559026943707,0.28640559026943707,"{'max_depth': 10, 'max_features': 0.5, 'min_samples_leaf': 2, 'n_estimators': 100}"
2023-11-16 07:00:00,Neural Network,7,-0.08186403880572535,-0.01455587579550166,2021-11-16 07:00:00,2023-11-16 07:00:00,2023-11-16 07:00:00,730,1,-0.35941423956503044,0.35941423956503044,"{'regressor__model__alpha': 0.0001, 'regressor__model__hidden_layer_sizes': (64, 32), 'regressor__model__learning_rate_init': 0.0001}"
2023-11-16 07:00:00,Naive,7,-0.08186403880572535,-0.1316079248162265,2021-11-16 07:00:00,2023-11-16 07:00:00,2023-11-16 07:00:00,730,1,,,not_applicable
2023-11-17 07:00:00,Decision Tree,7,-0.028423694974204574,0.2541827886109448,2021-11-17 07:00:00,2023-11-17 07:00:00,2023-11-17 07:00:00,730,1,-0.42290985504429074,0.42290985504429074,"{'max_depth': None, 'min_samples_leaf': 1, 'min_samples_split': 20}"
2023-11-17 07:00:00,ARX,7,-0.028423694974204574,0.10473090458506662,2021-11-17 07:00:00,2023-11-17 07:00:00,2023-11-17 07:00:00,730,1,-0.3032104293734177,0.3032104293734177,{'model__alpha': 0.01}
2023-11-17 07:00:00,Random Forest,7,-0.028423694974204574,0.1415476422302879,2021-11-17 07:00:00,2023-11-17 07:00:00,2023-11-17 07:00:00,730,1,-0.28640559026943707,0.28640559026943707,"{'max_depth': 10, 'max_features': 0.5, 'min_samples_leaf': 2, 'n_estimators': 100}"
2023-11-17 07:00:00,Neural Network,7,-0.028423694974204574,0.284332774519395,2021-11-17 07:00:00,2023-11-17 07:00:00,2023-11-17 07:00:00,730,1,-0.35941423956503044,0.35941423956503044,"{'regressor__model__alpha': 0.0001, 'regressor__model__hidden_layer_sizes': (64, 32), 'regressor__model__learning_rate_init': 0.0001}"
2023-11-17 07:00:00,Naive,7,-0.028423694974204574,-0.08186403880572535,2021-11-17 07:00:00,2023-11-17 07:00:00,2023-11-17 07:00:00,730,1,,,not_applicable
2023-11-18 07:00:00,Decision Tree,7,-0.4882749547796849,-0.36181724318104497,2021-11-18 07:00:00,2023-11-18 07:00:00,2023-11-18 07:00:00,730,1,-0.42290985504429074,0.42290985504429074,"{'max_depth': None, 'min_samples_leaf': 1, 'min_samples_split': 20}"
2023-11-18 07:00:00,ARX,7,-0.4882749547796849,-0.275083659170012,2021-11-18 07:00:00,2023-11-18 07:00:00,2023-11-18 07:00:00,730,1,-0.3032104293734177,0.3032104293734177,{'model__alpha': 0.01}
2023-11-18 07:00:00,Random Forest,7,-0.4882749547796849,-0.3508818875008016,2021-11-18 07:00:00,2023-11-18 07:00:00,2023-11-18 07:00:00,730,1,-0.28640559026943707,0.28640559026943707,"{'max_depth': 10, 'max_features': 0.5, 'min_samples_leaf': 2, 'n_estimators': 100}"
2023-11-18 07:00:00,Neural Network,7,-0.4882749547796849,-0.45177676108343123,2021-11-18 07:00:00,2023-11-18 07:00:00,2023-11-18 07:00:00,730,1,-0.35941423956503044,0.35941423956503044,"{'regressor__model__alpha': 0.0001, 'regressor__model__hidden_layer_sizes': (64, 32), 'regressor__model__learning_rate_init': 0.0001}"
2023-11-18 07:00:00,Naive,7,-0.4882749547796849,-0.028423694974204574,2021-11-18 07:00:00,2023-11-18 07:00:00,2023-11-18 07:00:00,730,1,,,not_applicable
2023-11-19 07:00:00,Decision Tree,7,-1.2377322119377212,-1.0758750931056582,2021-11-19 07:00:00,2023-11-19 07:00:00,2023-11-19 07:00:00,730,1,-0.42290985504429074,0.42290985504429074,"{'max_depth': None, 'min_samples_leaf': 1, 'min_samples_split': 20}"
2023-11-19 07:00:00,ARX,7,-1.2377322119377212,-1.1476946404492794,2021-11-19 07:00:00,2023-11-19 07:00:00,2023-11-19 07:00:00,730,1,-0.3032104293734177,0.3032104293734177,{'model__alpha': 0.01}
2023-11-19 07:00:00,Random Forest,7,-1.2377322119377212,-0.985651069564298,2021-11-19 07:00:00,2023-11-19 07:00:00,2023-11-19 07:00:00,730,1,-0.28640559026943707,0.28640559026943707,"{'max_depth': 10, 'max_features': 0.5, 'min_samples_leaf': 2, 'n_estimators': 100}"
2023-11-19 07:00:00,Neural Network,7,-1.2377322119377212,-1.3399195560727462,2021-11-19 07:00:00,2023-11-19 07:00:00,2023-11-19 07:00:00,730,1,-0.35941423956503044,0.35941423956503044,"{'regressor__model__alpha': 0.0001, 'regressor__model__hidden_layer_sizes': (64, 32), 'regressor__model__learning_rate_init': 0.0001}"
2023-11-19 07:00:00,Naive,7,-1.2377322119377212,-0.4882749547796849,2021-11-19 07:00:00,2023-11-19 07:00:00,2023-11-19 07:00:00,730,1,,,not_applicable
2023-11-20 07:00:00,Decision Tree,7,-0.059367878322228916,0.29973698451989106,2021-11-20 07:00:00,2023-11-20 07:00:00,2023-11-20 07:00:00,730,1,-0.42290985504429074,0.42290985504429074,"{'max_depth': None, 'min_samples_leaf': 1, 'min_samples_split': 20}"
2023-11-20 07:00:00,ARX,7,-0.059367878322228916,-0.08255576884236304,2021-11-20 07:00:00,2023-11-20 07:00:00,2023-11-20 07:00:00,730,1,-0.3032104293734177,0.3032104293734177,{'model__alpha': 0.01}
2023-11-20 07:00:00,Random Forest,7,-0.059367878322228916,0.07100182126695234,2021-11-20 07:00:00,2023-11-20 07:00:00,2023-11-20 07:00:00,730,1,-0.28640559026943707,0.28640559026943707,"{'max_depth': 10, 'max_features': 0.5, 'min_samples_leaf': 2, 'n_estimators': 100}"
2023-11-20 07:00:00,Neural Network,7,-0.059367878322228916,-0.011960682419936641,2021-11-20 07:00:00,2023-11-20 07:00:00,2023-11-20 07:00:00,730,1,-0.35941423956503044,0.35941423956503044,"{'regressor__model__alpha': 0.0001, 'regressor__model__hidden_layer_sizes': (64, 32), 'regressor__model__learning_rate_init': 0.0001}"
2023-11-20 07:00:00,Naive,7,-0.059367878322228916,-1.2377322119377212,2021-11-20 07:00:00,2023-11-20 07:00:00,2023-11-20 07:00:00,730,1,,,not_applicable
2023-11-21 07:00:00,Decision Tree,7,0.03953820160003777,0.46866007454723,2021-11-21 07:00:00,2023-11-21 07:00:00,2023-11-21 07:00:00,730,1,-0.42290985504429074,0.42290985504429074,"{'max_depth': None, 'min_samples_leaf': 1, 'min_samples_split': 20}"
2023-11-21 07:00:00,ARX,7,0.03953820160003777,0.22806651582020943,2021-11-21 07:00:00,2023-11-21 07:00:00,2023-11-21 07:00:00,730,1,-0.3032104293734177,0.3032104293734177,{'model__alpha': 0.01}
2023-11-21 07:00:00,Random Forest,7,0.03953820160003777,0.2036819641374275,2021-11-21 07:00:00,2023-11-21 07:00:00,2023-11-21 07:00:00,730,1,-0.28640559026943707,0.28640559026943707,"{'max_depth': 10, 'max_features': 0.5, 'min_samples_leaf': 2, 'n_estimators': 100}"
2023-11-21 07:00:00,Neural Network,7,0.03953820160003777,0.3040846554415051,2021-11-21 07:00:00,2023-11-21 07:00:00,2023-11-21 07:00:00,730,1,-0.35941423956503044,0.35941423956503044,"{'regressor__model__alpha': 0.0001, 'regressor__model__hidden_layer_sizes': (64, 32), 'regressor__model__learning_rate_init': 0.0001}"
2023-11-21 07:00:00,Naive,7,0.03953820160003777,-0.059367878322228916,2021-11-21 07:00:00,2023-11-21 07:00:00,2023-11-21 07:00:00,730,1,,,not_applicable
2023-11-22 07:00:00,Decision Tree,7,0.0971858944359074,0.3488060438932614,2021-11-22 07:00:00,2023-11-22 07:00:00,2023-11-22 07:00:00,730,1,-0.42290985504429074,0.42290985504429074,"{'max_depth': None, 'min_samples_leaf': 1, 'min_samples_split': 20}"
2023-11-22 07:00:00,ARX,7,0.0971858944359074,0.3459519145478981,2021-11-22 07:00:00,2023-11-22 07:00:00,2023-11-22 07:00:00,730,1,-0.3032104293734177,0.3032104293734177,{'model__alpha': 0.01}
2023-11-22 07:00:00,Random Forest,7,0.0971858944359074,0.15592130891783135,2021-11-22 07:00:00,2023-11-22 07:00:00,2023-11-22 07:00:00,730,1,-0.28640559026943707,0.28640559026943707,"{'max_depth': 10, 'max_features': 0.5, 'min_samples_leaf': 2, 'n_estimators': 100}"
2023-11-22 07:00:00,Neural Network,7,0.0971858944359074,0.22336254267509748,2021-11-22 07:00:00,2023-11-22 07:00:00,2023-11-22 07:00:00,730,1,-0.35941423956503044,0.35941423956503044,"{'regressor__model__alpha': 0.0001, 'regressor__model__hidden_layer_sizes': (64, 32), 'regressor__model__learning_rate_init': 0.0001}"
2023-11-22 07:00:00,Naive,7,0.0971858944359074,0.03953820160003777,2021-11-22 07:00:00,2023-11-22 07:00:00,2023-11-22 07:00:00,730,1,,,not_applicable
2023-11-23 07:00:00,Decision Tree,7,-0.22916638521545946,-0.34964846689117496,2021-11-23 07:00:00,2023-11-23 07:00:00,2023-11-23 07:00:00,730,1,-0.42290985504429074,0.42290985504429074,"{'max_depth': None, 'min_samples_leaf': 1, 'min_samples_split': 20}"
2023-11-23 07:00:00,ARX,7,-0.22916638521545946,-0.35282616174064463,2021-11-23 07:00:00,2023-11-23 07:00:00,2023-11-23 07:00:00,730,1,-0.3032104293734177,0.3032104293734177,{'model__alpha': 0.01}
2023-11-23 07:00:00,Random Forest,7,-0.22916638521545946,-0.30871479243081484,2021-11-23 07:00:00,2023-11-23 07:00:00,2023-11-23 07:00:00,730,1,-0.28640559026943707,0.28640559026943707,"{'max_depth': 10, 'max_features': 0.5, 'min_samples_leaf': 2, 'n_estimators': 100}"
2023-11-23 07:00:00,Neural Network,7,-0.22916638521545946,-0.1878619490716198,2021-11-23 07:00:00,2023-11-23 07:00:00,2023-11-23 07:00:00,730,1,-0.35941423956503044,0.35941423956503044,"{'regressor__model__alpha': 0.0001, 'regressor__model__hidden_layer_sizes': (64, 32), 'regressor__model__learning_rate_init': 0.0001}"
2023-11-23 07:00:00,Naive,7,-0.22916638521545946,0.0971858944359074,2021-11-23 07:00:00,2023-11-23 07:00:00,2023-11-23 07:00:00,730,1,,,not_applicable
2023-11-24 07:00:00,Decision Tree,7,-0.4569929440922422,-0.35041415942443915,2021-11-24 07:00:00,2023-11-24 07:00:00,2023-11-24 07:00:00,730,1,-0.42290985504429074,0.42290985504429074,"{'max_depth': None, 'min_samples_leaf': 1, 'min_samples_split': 20}"
2023-11-24 07:00:00,ARX,7,-0.4569929440922422,-0.8713880210989045,2021-11-24 07:00:00,2023-11-24 07:00:00,2023-11-24 07:00:00,730,1,-0.3032104293734177,0.3032104293734177,{'model__alpha': 0.01}
2023-11-24 07:00:00,Random Forest,7,-0.4569929440922422,-0.38750667878866074,2021-11-24 07:00:00,2023-11-24 07:00:00,2023-11-24 07:00:00,730,1,-0.28640559026943707,0.28640559026943707,"{'max_depth': 10, 'max_features': 0.5, 'min_samples_leaf': 2, 'n_estimators': 100}"
2023-11-24 07:00:00,Neural Network,7,-0.4569929440922422,-0.6334877351827345,2021-11-24 07:00:00,2023-11-24 07:00:00,2023-11-24 07:00:00,730,1,-0.35941423956503044,0.35941423956503044,"{'regressor__model__alpha': 0.0001, 'regressor__model__hidden_layer_sizes': (64, 32), 'regressor__model__learning_rate_init': 0.0001}"
2023-11-24 07:00:00,Naive,7,-0.4569929440922422,-0.22916638521545946,2021-11-24 07:00:00,2023-11-24 07:00:00,2023-11-24 07:00:00,730,1,,,not_applicable
2023-11-25 07:00:00,Decision Tree,7,-0.5351360295052463,-0.49654429180206755,2021-11-25 07:00:00,2023-11-25 07:00:00,2023-11-25 07:00:00,730,1,-0.42290985504429074,0.42290985504429074,"{'max_depth': None, 'min_samples_leaf': 1, 'min_samples_split': 20}"
2023-11-25 07:00:00,ARX,7,-0.5351360295052463,-0.7615655355585309,2021-11-25 07:00:00,2023-11-25 07:00:00,2023-11-25 07:00:00,730,1,-0.3032104293734177,0.3032104293734177,{'model__alpha': 0.01}
2023-11-25 07:00:00,Random Forest,7,-0.5351360295052463,-0.6733116403922986,2021-11-25 07:00:00,2023-11-25 07:00:00,2023-11-25 07:00:00,730,1,-0.28640559026943707,0.28640559026943707,"{'max_depth': 10, 'max_features': 0.5, 'min_samples_leaf': 2, 'n_estimators': 100}"
2023-11-25 07:00:00,Neural Network,7,-0.5351360295052463,-0.6560747251746138,2021-11-25 07:00:00,2023-11-25 07:00:00,2023-11-25 07:00:00,730,1,-0.35941423956503044,0.35941423956503044,"{'regressor__model__alpha': 0.0001, 'regressor__model__hidden_layer_sizes': (64, 32), 'regressor__model__learning_rate_init': 0.0001}"
2023-11-25 07:00:00,Naive,7,-0.5351360295052463,-0.4569929440922422,2021-11-25 07:00:00,2023-11-25 07:00:00,2023-11-25 07:00:00,730,1,,,not_applicable
2023-11-26 07:00:00,Decision Tree,7,-0.3287257045788942,-0.2031233538291903,2021-11-26 07:00:00,2023-11-26 07:00:00,2023-11-26 07:00:00,730,1,-0.42290985504429074,0.42290985504429074,"{'max_depth': None, 'min_samples_leaf': 1, 'min_samples_split': 20}"
2023-11-26 07:00:00,ARX,7,-0.3287257045788942,-0.4699074911365978,2021-11-26 07:00:00,2023-11-26 07:00:00,2023-11-26 07:00:00,730,1,-0.3032104293734177,0.3032104293734177,{'model__alpha': 0.01}
2023-11-26 07:00:00,Random Forest,7,-0.3287257045788942,-0.2886947717897328,2021-11-26 07:00:00,2023-11-26 07:00:00,2023-11-26 07:00:00,730,1,-0.28640559026943707,0.28640559026943707,"{'max_depth': 10, 'max_features': 0.5, 'min_samples_leaf': 2, 'n_estimators': 100}"
2023-11-26 07:00:00,Neural Network,7,-0.3287257045788942,0.004706857746524906,2021-11-26 07:00:00,2023-11-26 07:00:00,2023-11-26 07:00:00,730,1,-0.35941423956503044,0.35941423956503044,"{'regressor__model__alpha': 0.0001, 'regressor__model__hidden_layer_sizes': (64, 32), 'regressor__model__learning_rate_init': 0.0001}"
2023-11-26 07:00:00,Naive,7,-0.3287257045788942,-0.5351360295052463,2021-11-26 07:00:00,2023-11-26 07:00:00,2023-11-26 07:00:00,730,1,,,not_applicable
2023-11-27 07:00:00,Decision Tree,7,0.09294696723310532,0.4322294336936096,2021-11-27 07:00:00,2023-11-27 07:00:00,2023-11-27 07:00:00,730,1,-0.42290985504429074,0.42290985504429074,"{'max_depth': None, 'min_samples_leaf': 1, 'min_samples_split': 20}"
2023-11-27 07:00:00,ARX,7,0.09294696723310532,0.3881215469720904,2021-11-27 07:00:00,2023-11-27 07:00:00,2023-11-27 07:00:00,730,1,-0.3032104293734177,0.3032104293734177,{'model__alpha': 0.01}
2023-11-27 07:00:00,Random Forest,7,0.09294696723310532,0.19838363643880552,2021-11-27 07:00:00,2023-11-27 07:00:00,2023-11-27 07:00:00,730,1,-0.28640559026943707,0.28640559026943707,"{'max_depth': 10, 'max_features': 0.5, 'min_samples_leaf': 2, 'n_estimators': 100}"
2023-11-27 07:00:00,Neural Network,7,0.09294696723310532,0.13218856666268763,2021-11-27 07:00:00,2023-11-27 07:00:00,2023-11-27 07:00:00,730,1,-0.35941423956503044,0.35941423956503044,"{'regressor__model__alpha': 0.0001, 'regressor__model__hidden_layer_sizes': (64, 32), 'regressor__model__learning_rate_init': 0.0001}"
2023-11-27 07:00:00,Naive,7,0.09294696723310532,-0.3287257045788942,2021-11-27 07:00:00,2023-11-27 07:00:00,2023-11-27 07:00:00,730,1,,,not_applicable
2023-11-28 07:00:00,Decision Tree,7,-0.18385682153065305,-0.05820398929706728,2021-11-28 07:00:00,2023-11-28 07:00:00,2023-11-28 07:00:00,730,1,-0.42290985504429074,0.42290985504429074,"{'max_depth': None, 'min_samples_leaf': 1, 'min_samples_split': 20}"
2023-11-28 07:00:00,ARX,7,-0.18385682153065305,0.041345136411686356,2021-11-28 07:00:00,2023-11-28 07:00:00,2023-11-28 07:00:00,730,1,-0.3032104293734177,0.3032104293734177,{'model__alpha': 0.01}
2023-11-28 07:00:00,Random Forest,7,-0.18385682153065305,0.09727687076638546,2021-11-28 07:00:00,2023-11-28 07:00:00,2023-11-28 07:00:00,730,1,-0.28640559026943707,0.28640559026943707,"{'max_depth': 10, 'max_features': 0.5, 'min_samples_leaf': 2, 'n_estimators': 100}"
2023-11-28 07:00:00,Neural Network,7,-0.18385682153065305,0.004919632639354687,2021-11-28 07:00:00,2023-11-28 07:00:00,2023-11-28 07:00:00,730,1,-0.35941423956503044,0.35941423956503044,"{'regressor__model__alpha': 0.0001, 'regressor__model__hidden_layer_sizes': (64, 32), 'regressor__model__learning_rate_init': 0.0001}"
2023-11-28 07:00:00,Naive,7,-0.18385682153065305,0.09294696723310532,2021-11-28 07:00:00,2023-11-28 07:00:00,2023-11-28 07:00:00,730,1,,,not_applicable
2023-11-29 07:00:00,Decision Tree,7,0.02016654961148125,0.4009861559148635,2021-11-29 07:00:00,2023-11-29 07:00:00,2023-11-29 07:00:00,730,1,-0.42290985504429074,0.42290985504429074,"{'max_depth': None, 'min_samples_leaf': 1, 'min_samples_split': 20}"
2023-11-29 07:00:00,ARX,7,0.02016654961148125,0.24928297503916574,2021-11-29 07:00:00,2023-11-29 07:00:00,2023-11-29 07:00:00,730,1,-0.3032104293734177,0.3032104293734177,{'model__alpha': 0.01}
2023-11-29 07:00:00,Random Forest,7,0.02016654961148125,0.16820878383635535,2021-11-29 07:00:00,2023-11-29 07:00:00,2023-11-29 07:00:00,730,1,-0.28640559026943707,0.28640559026943707,"{'max_depth': 10, 'max_features': 0.5, 'min_samples_leaf': 2, 'n_estimators': 100}"
2023-11-29 07:00:00,Neural Network,7,0.02016654961148125,0.19713522554887453,2021-11-29 07:00:00,2023-11-29 07:00:00,2023-11-29 07:00:00,730,1,-0.35941423956503044,0.35941423956503044,"{'regressor__model__alpha': 0.0001, 'regressor__model__hidden_layer_sizes': (64, 32), 'regressor__model__learning_rate_init': 0.0001}"
2023-11-29 07:00:00,Naive,7,0.02016654961148125,-0.18385682153065305,2021-11-29 07:00:00,2023-11-29 07:00:00,2023-11-29 07:00:00,730,1,,,not_applicable
2023-11-30 07:00:00,Decision Tree,7,0.4551229522708562,0.6857984071983981,2021-11-30 07:00:00,2023-11-30 07:00:00,2023-11-30 07:00:00,730,1,-0.42290985504429074,0.42290985504429074,"{'max_depth': None, 'min_samples_leaf': 1, 'min_samples_split': 20}"
2023-11-30 07:00:00,ARX,7,0.4551229522708562,0.5658922321753113,2021-11-30 07:00:00,2023-11-30 07:00:00,2023-11-30 07:00:00,730,1,-0.3032104293734177,0.3032104293734177,{'model__alpha': 0.01}
2023-11-30 07:00:00,Random Forest,7,0.4551229522708562,0.44472280295323413,2021-11-30 07:00:00,2023-11-30 07:00:00,2023-11-30 07:00:00,730,1,-0.28640559026943707,0.28640559026943707,"{'max_depth': 10, 'max_features': 0.5, 'min_samples_leaf': 2, 'n_estimators': 100}"
2023-11-30 07:00:00,Neural Network,7,0.4551229522708562,0.27627051768199473,2021-11-30 07:00:00,2023-11-30 07:00:00,2023-11-30 07:00:00,730,1,-0.35941423956503044,0.35941423956503044,"{'regressor__model__alpha': 0.0001, 'regressor__model__hidden_layer_sizes': (64, 32), 'regressor__model__learning_rate_init': 0.0001}"
2023-11-30 07:00:00,Naive,7,0.4551229522708562,0.02016654961148125,2021-11-30 07:00:00,2023-11-30 07:00:00,2023-11-30 07:00:00,730,1,,,not_applicable
2023-12-01 07:00:00,Decision Tree,7,0.263942200078139,0.7737468231806439,2021-12-01 07:00:00,2023-12-01 07:00:00,2023-12-01 07:00:00,730,1,-0.42290985504429074,0.42290985504429074,"{'max_depth': None, 'min_samples_leaf': 1, 'min_samples_split': 20}"
2023-12-01 07:00:00,ARX,7,0.263942200078139,0.6099077754901419,2021-12-01 07:00:00,2023-12-01 07:00:00,2023-12-01 07:00:00,730,1,-0.3032104293734177,0.3032104293734177,{'model__alpha': 0.01}
2023-12-01 07:00:00,Random Forest,7,0.263942200078139,0.4633738492554024,2021-12-01 07:00:00,2023-12-01 07:00:00,2023-12-01 07:00:00,730,1,-0.28640559026943707,0.28640559026943707,"{'max_depth': 10, 'max_features': 0.5, 'min_samples_leaf': 2, 'n_estimators': 100}"
2023-12-01 07:00:00,Neural Network,7,0.263942200078139,0.59516782930554,2021-12-01 07:00:00,2023-12-01 07:00:00,2023-12-01 07:00:00,730,1,-0.35941423956503044,0.35941423956503044,"{'regressor__model__alpha': 0.0001, 'regressor__model__hidden_layer_sizes': (64, 32), 'regressor__model__learning_rate_init': 0.0001}"
2023-12-01 07:00:00,Naive,7,0.263942200078139,0.4551229522708562,2021-12-01 07:00:00,2023-12-01 07:00:00,2023-12-01 07:00:00,730,1,,,not_applicable
2023-12-02 07:00:00,Decision Tree,7,-0.3251815797999221,0.40819596900843397,2021-12-02 07:00:00,2023-12-02 07:00:00,2023-12-02 07:00:00,730,1,-0.42290985504429074,0.42290985504429074,"{'max_depth': None, 'min_samples_leaf': 1, 'min_samples_split': 20}"
2023-12-02 07:00:00,ARX,7,-0.3251815797999221,0.15357348172691576,2021-12-02 07:00:00,2023-12-02 07:00:00,2023-12-02 07:00:00,730,1,-0.3032104293734177,0.3032104293734177,{'model__alpha': 0.01}
2023-12-02 07:00:00,Random Forest,7,-0.3251815797999221,0.2782800004015698,2021-12-02 07:00:00,2023-12-02 07:00:00,2023-12-02 07:00:00,730,1,-0.28640559026943707,0.28640559026943707,"{'max_depth': 10, 'max_features': 0.5, 'min_samples_leaf': 2, 'n_estimators': 100}"
2023-12-02 07:00:00,Neural Network,7,-0.3251815797999221,0.3749473433578051,2021-12-02 07:00:00,2023-12-02 07:00:00,2023-12-02 07:00:00,730,1,-0.35941423956503044,0.35941423956503044,"{'regressor__model__alpha': 0.0001, 'regressor__model__hidden_layer_sizes': (64, 32), 'regressor__model__learning_rate_init': 0.0001}"
2023-12-02 07:00:00,Naive,7,-0.3251815797999221,0.263942200078139,2021-12-02 07:00:00,2023-12-02 07:00:00,2023-12-02 07:00:00,730,1,,,not_applicable
2023-12-03 07:00:00,Decision Tree,7,-0.4733638608351589,0.03567196224475508,2021-12-03 07:00:00,2023-12-03 07:00:00,2023-12-03 07:00:00,730,1,-0.42290985504429074,0.42290985504429074,"{'max_depth': None, 'min_samples_leaf': 1, 'min_samples_split': 20}"
2023-12-03 07:00:00,ARX,7,-0.4733638608351589,-0.15516602629261944,2021-12-03 07:00:00,2023-12-03 07:00:00,2023-12-03 07:00:00,730,1,-0.3032104293734177,0.3032104293734177,{'model__alpha': 0.01}
2023-12-03 07:00:00,Random Forest,7,-0.4733638608351589,-0.14602374562090434,2021-12-03 07:00:00,2023-12-03 07:00:00,2023-12-03 07:00:00,730,1,-0.28640559026943707,0.28640559026943707,"{'max_depth': 10, 'max_features': 0.5, 'min_samples_leaf': 2, 'n_estimators': 100}"
2023-12-03 07:00:00,Neural Network,7,-0.4733638608351589,-0.29177102810932576,2021-12-03 07:00:00,2023-12-03 07:00:00,2023-12-03 07:00:00,730,1,-0.35941423956503044,0.35941423956503044,"{'regressor__model__alpha': 0.0001, 'regressor__model__hidden_layer_sizes': (64, 32), 'regressor__model__learning_rate_init': 0.0001}"
2023-12-03 07:00:00,Naive,7,-0.4733638608351589,-0.3251815797999221,2021-12-03 07:00:00,2023-12-03 07:00:00,2023-12-03 07:00:00,730,1,,,not_applicable
2023-12-04 07:00:00,Decision Tree,7,-0.1603129563198891,0.35059099617748984,2021-12-04 07:00:00,2023-12-04 07:00:00,2023-12-04 07:00:00,730,1,-0.42290985504429074,0.42290985504429074,"{'max_depth': None, 'min_samples_leaf': 1, 'min_samples_split': 20}"
2023-12-04 07:00:00,ARX,7,-0.1603129563198891,0.2976774591826802,2021-12-04 07:00:00,2023-12-04 07:00:00,2023-12-04 07:00:00,730,1,-0.3032104293734177,0.3032104293734177,{'model__alpha': 0.01}
2023-12-04 07:00:00,Random Forest,7,-0.1603129563198891,0.214546511734342,2021-12-04 07:00:00,2023-12-04 07:00:00,2023-12-04 07:00:00,730,1,-0.28640559026943707,0.28640559026943707,"{'max_depth': 10, 'max_features': 0.5, 'min_samples_leaf': 2, 'n_estimators': 100}"
2023-12-04 07:00:00,Neural Network,7,-0.1603129563198891,-0.035857617481345305,2021-12-04 07:00:00,2023-12-04 07:00:00,2023-12-04 07:00:00,730,1,-0.35941423956503044,0.35941423956503044,"{'regressor__model__alpha': 0.0001, 'regressor__model__hidden_layer_sizes': (64, 32), 'regressor__model__learning_rate_init': 0.0001}"
2023-12-04 07:00:00,Naive,7,-0.1603129563198891,-0.4733638608351589,2021-12-04 07:00:00,2023-12-04 07:00:00,2023-12-04 07:00:00,730,1,,,not_applicable
2023-12-05 07:00:00,Decision Tree,7,-0.20405992219702868,0.21891983805828763,2021-12-05 07:00:00,2023-12-05 07:00:00,2023-12-05 07:00:00,730,1,-0.42290985504429074,0.42290985504429074,"{'max_depth': None, 'min_samples_leaf': 1, 'min_samples_split': 20}"
2023-12-05 07:00:00,ARX,7,-0.20405992219702868,0.11325840090150585,2021-12-05 07:00:00,2023-12-05 07:00:00,2023-12-05 07:00:00,730,1,-0.3032104293734177,0.3032104293734177,{'model__alpha': 0.01}
2023-12-05 07:00:00,Random Forest,7,-0.20405992219702868,0.13849356585636516,2021-12-05 07:00:00,2023-12-05 07:00:00,2023-12-05 07:00:00,730,1,-0.28640559026943707,0.28640559026943707,"{'max_depth': 10, 'max_features': 0.5, 'min_samples_leaf': 2, 'n_estimators': 100}"
2023-12-05 07:00:00,Neural Network,7,-0.20405992219702868,-0.009997824760987317,2021-12-05 07:00:00,2023-12-05 07:00:00,2023-12-05 07:00:00,730,1,-0.35941423956503044,0.35941423956503044,"{'regressor__model__alpha': 0.0001, 'regressor__model__hidden_layer_sizes': (64, 32), 'regressor__model__learning_rate_init': 0.0001}"
2023-12-05 07:00:00,Naive,7,-0.20405992219702868,-0.1603129563198891,2021-12-05 07:00:00,2023-12-05 07:00:00,2023-12-05 07:00:00,730,1,,,not_applicable
2023-12-06 07:00:00,Decision Tree,7,0.04540185751164226,-0.22985148610561326,2021-12-06 07:00:00,2023-12-06 07:00:00,2023-12-06 07:00:00,730,1,-0.42290985504429074,0.42290985504429074,"{'max_depth': None, 'min_samples_leaf': 1, 'min_samples_split': 20}"
2023-12-06 07:00:00,ARX,7,0.04540185751164226,0.37997649185200605,2021-12-06 07:00:00,2023-12-06 07:00:00,2023-12-06 07:00:00,730,1,-0.3032104293734177,0.3032104293734177,{'model__alpha': 0.01}
2023-12-06 07:00:00,Random Forest,7,0.04540185751164226,0.1647520364537722,2021-12-06 07:00:00,2023-12-06 07:00:00,2023-12-06 07:00:00,730,1,-0.28640559026943707,0.28640559026943707,"{'max_depth': 10, 'max_features': 0.5, 'min_samples_leaf': 2, 'n_estimators': 100}"
2023-12-06 07:00:00,Neural Network,7,0.04540185751164226,0.2139414427652636,2021-12-06 07:00:00,2023-12-06 07:00:00,2023-12-06 07:00:00,730,1,-0.35941423956503044,0.35941423956503044,"{'regressor__model__alpha': 0.0001, 'regressor__model__hidden_layer_sizes': (64, 32), 'regressor__model__learning_rate_init': 0.0001}"
2023-12-06 07:00:00,Naive,7,0.04540185751164226,-0.20405992219702868,2021-12-06 07:00:00,2023-12-06 07:00:00,2023-12-06 07:00:00,730,1,,,not_applicable
2023-12-07 07:00:00,Decision Tree,7,0.013848417057569418,-0.1610381502012994,2021-12-07 07:00:00,2023-12-07 07:00:00,2023-12-07 07:00:00,730,1,-0.42290985504429074,0.42290985504429074,"{'max_depth': None, 'min_samples_leaf': 1, 'min_samples_split': 20}"
2023-12-07 07:00:00,ARX,7,0.013848417057569418,0.5001772743714156,2021-12-07 07:00:00,2023-12-07 07:00:00,2023-12-07 07:00:00,730,1,-0.3032104293734177,0.3032104293734177,{'model__alpha': 0.01}
2023-12-07 07:00:00,Random Forest,7,0.013848417057569418,0.21803492479999864,2021-12-07 07:00:00,2023-12-07 07:00:00,2023-12-07 07:00:00,730,1,-0.28640559026943707,0.28640559026943707,"{'max_depth': 10, 'max_features': 0.5, 'min_samples_leaf': 2, 'n_estimators': 100}"
2023-12-07 07:00:00,Neural Network,7,0.013848417057569418,0.42349158287206873,2021-12-07 07:00:00,2023-12-07 07:00:00,2023-12-07 07:00:00,730,1,-0.35941423956503044,0.35941423956503044,"{'regressor__model__alpha': 0.0001, 'regressor__model__hidden_layer_sizes': (64, 32), 'regressor__model__learning_rate_init': 0.0001}"
2023-12-07 07:00:00,Naive,7,0.013848417057569418,0.04540185751164226,2021-12-07 07:00:00,2023-12-07 07:00:00,2023-12-07 07:00:00,730,1,,,not_applicable
2023-12-08 07:00:00,Decision Tree,7,-0.28852719957550116,-0.12606083674952565,2021-12-08 07:00:00,2023-12-08 07:00:00,2023-12-08 07:00:00,730,1,-0.42290985504429074,0.42290985504429074,"{'max_depth': None, 'min_samples_leaf': 1, 'min_samples_split': 20}"
2023-12-08 07:00:00,ARX,7,-0.28852719957550116,-0.034700361187946505,2021-12-08 07:00:00,2023-12-08 07:00:00,2023-12-08 07:00:00,730,1,-0.3032104293734177,0.3032104293734177,{'model__alpha': 0.01}
2023-12-08 07:00:00,Random Forest,7,-0.28852719957550116,-0.009698378763170768,2021-12-08 07:00:00,2023-12-08 07:00:00,2023-12-08 07:00:00,730,1,-0.28640559026943707,0.28640559026943707,"{'max_depth': 10, 'max_features': 0.5, 'min_samples_leaf': 2, 'n_estimators': 100}"
2023-12-08 07:00:00,Neural Network,7,-0.28852719957550116,-0.0007865282920463956,2021-12-08 07:00:00,2023-12-08 07:00:00,2023-12-08 07:00:00,730,1,-0.35941423956503044,0.35941423956503044,"{'regressor__model__alpha': 0.0001, 'regressor__model__hidden_layer_sizes': (64, 32), 'regressor__model__learning_rate_init': 0.0001}"
2023-12-08 07:00:00,Naive,7,-0.28852719957550116,0.013848417057569418,2021-12-08 07:00:00,2023-12-08 07:00:00,2023-12-08 07:00:00,730,1,,,not_applicable
2023-12-09 07:00:00,Decision Tree,7,-0.5800382253651439,-0.3633084074016999,2021-12-09 07:00:00,2023-12-09 07:00:00,2023-12-09 07:00:00,730,1,-0.42290985504429074,0.42290985504429074,"{'max_depth': None, 'min_samples_leaf': 1, 'min_samples_split': 20}"
2023-12-09 07:00:00,ARX,7,-0.5800382253651439,-0.4731233734708654,2021-12-09 07:00:00,2023-12-09 07:00:00,2023-12-09 07:00:00,730,1,-0.3032104293734177,0.3032104293734177,{'model__alpha': 0.01}
2023-12-09 07:00:00,Random Forest,7,-0.5800382253651439,-0.38025467126364554,2021-12-09 07:00:00,2023-12-09 07:00:00,2023-12-09 07:00:00,730,1,-0.28640559026943707,0.28640559026943707,"{'max_depth': 10, 'max_features': 0.5, 'min_samples_leaf': 2, 'n_estimators': 100}"
2023-12-09 07:00:00,Neural Network,7,-0.5800382253651439,-0.5700199507338265,2021-12-09 07:00:00,2023-12-09 07:00:00,2023-12-09 07:00:00,730,1,-0.35941423956503044,0.35941423956503044,"{'regressor__model__alpha': 0.0001, 'regressor__model__hidden_layer_sizes': (64, 32), 'regressor__model__learning_rate_init': 0.0001}"
2023-12-09 07:00:00,Naive,7,-0.5800382253651439,-0.28852719957550116,2021-12-09 07:00:00,2023-12-09 07:00:00,2023-12-09 07:00:00,730,1,,,not_applicable
2023-12-10 07:00:00,Decision Tree,7,-0.9754324697442852,-0.9132274518851166,2021-12-10 07:00:00,2023-12-10 07:00:00,2023-12-10 07:00:00,730,1,-0.42290985504429074,0.42290985504429074,"{'max_depth': None, 'min_samples_leaf': 1, 'min_samples_split': 20}"
2023-12-10 07:00:00,ARX,7,-0.9754324697442852,-1.1427286486904884,2021-12-10 07:00:00,2023-12-10 07:00:00,2023-12-10 07:00:00,730,1,-0.3032104293734177,0.3032104293734177,{'model__alpha': 0.01}
2023-12-10 07:00:00,Random Forest,7,-0.9754324697442852,-0.892996887477821,2021-12-10 07:00:00,2023-12-10 07:00:00,2023-12-10 07:00:00,730,1,-0.28640559026943707,0.28640559026943707,"{'max_depth': 10, 'max_features': 0.5, 'min_samples_leaf': 2, 'n_estimators': 100}"
2023-12-10 07:00:00,Neural Network,7,-0.9754324697442852,-1.0263876543177126,2021-12-10 07:00:00,2023-12-10 07:00:00,2023-12-10 07:00:00,730,1,-0.35941423956503044,0.35941423956503044,"{'regressor__model__alpha': 0.0001, 'regressor__model__hidden_layer_sizes': (64, 32), 'regressor__model__learning_rate_init': 0.0001}"
2023-12-10 07:00:00,Naive,7,-0.9754324697442852,-0.5800382253651439,2021-12-10 07:00:00,2023-12-10 07:00:00,2023-12-10 07:00:00,730,1,,,not_applicable
2023-12-11 07:00:00,Decision Tree,7,-0.47788049761566787,-0.49976026994399914,2021-12-11 07:00:00,2023-12-11 07:00:00,2023-12-11 07:00:00,730,1,-0.42290985504429074,0.42290985504429074,"{'max_depth': None, 'min_samples_leaf': 1, 'min_samples_split': 20}"
2023-12-11 07:00:00,ARX,7,-0.47788049761566787,-0.2353403784041005,2021-12-11 07:00:00,2023-12-11 07:00:00,2023-12-11 07:00:00,730,1,-0.3032104293734177,0.3032104293734177,{'model__alpha': 0.01}
2023-12-11 07:00:00,Random Forest,7,-0.47788049761566787,-0.40623074305021234,2021-12-11 07:00:00,2023-12-11 07:00:00,2023-12-11 07:00:00,730,1,-0.28640559026943707,0.28640559026943707,"{'max_depth': 10, 'max_features': 0.5, 'min_samples_leaf': 2, 'n_estimators': 100}"
2023-12-11 07:00:00,Neural Network,7,-0.47788049761566787,-0.28106602319388874,2021-12-11 07:00:00,2023-12-11 07:00:00,2023-12-11 07:00:00,730,1,-0.35941423956503044,0.35941423956503044,"{'regressor__model__alpha': 0.0001, 'regressor__model__hidden_layer_sizes': (64, 32), 'regressor__model__learning_rate_init': 0.0001}"
2023-12-11 07:00:00,Naive,7,-0.47788049761566787,-0.9754324697442852,2021-12-11 07:00:00,2023-12-11 07:00:00,2023-12-11 07:00:00,730,1,,,not_applicable
2023-12-12 07:00:00,Decision Tree,7,-0.10845233930095795,0.3546683719938429,2021-12-12 07:00:00,2023-12-12 07:00:00,2023-12-12 07:00:00,730,1,-0.42290985504429074,0.42290985504429074,"{'max_depth': None, 'min_samples_leaf': 1, 'min_samples_split': 20}"
2023-12-12 07:00:00,ARX,7,-0.10845233930095795,0.24876621024231715,2021-12-12 07:00:00,2023-12-12 07:00:00,2023-12-12 07:00:00,730,1,-0.3032104293734177,0.3032104293734177,{'model__alpha': 0.01}
2023-12-12 07:00:00,Random Forest,7,-0.10845233930095795,0.09020398061962583,2021-12-12 07:00:00,2023-12-12 07:00:00,2023-12-12 07:00:00,730,1,-0.28640559026943707,0.28640559026943707,"{'max_depth': 10, 'max_features': 0.5, 'min_samples_leaf': 2, 'n_estimators': 100}"
2023-12-12 07:00:00,Neural Network,7,-0.10845233930095795,0.04192179128553175,2021-12-12 07:00:00,2023-12-12 07:00:00,2023-12-12 07:00:00,730,1,-0.35941423956503044,0.35941423956503044,"{'regressor__model__alpha': 0.0001, 'regressor__model__hidden_layer_sizes': (64, 32), 'regressor__model__learning_rate_init': 0.0001}"
2023-12-12 07:00:00,Naive,7,-0.10845233930095795,-0.47788049761566787,2021-12-12 07:00:00,2023-12-12 07:00:00,2023-12-12 07:00:00,730,1,,,not_applicable
2023-12-13 07:00:00,Decision Tree,7,-0.3442379882550054,-0.14675481751772676,2021-12-13 07:00:00,2023-12-13 07:00:00,2023-12-13 07:00:00,730,1,-0.42290985504429074,0.42290985504429074,"{'max_depth': None, 'min_samples_leaf': 1, 'min_samples_split': 20}"
2023-12-13 07:00:00,ARX,7,-0.3442379882550054,-0.13915924382916967,2021-12-13 07:00:00,2023-12-13 07:00:00,2023-12-13 07:00:00,730,1,-0.3032104293734177,0.3032104293734177,{'model__alpha': 0.01}
2023-12-13 07:00:00,Random Forest,7,-0.3442379882550054,-0.0559058514310252,2021-12-13 07:00:00,2023-12-13 07:00:00,2023-12-13 07:00:00,730,1,-0.28640559026943707,0.28640559026943707,"{'max_depth': 10, 'max_features': 0.5, 'min_samples_leaf': 2, 'n_estimators': 100}"
2023-12-13 07:00:00,Neural Network,7,-0.3442379882550054,-0.26850467803534317,2021-12-13 07:00:00,2023-12-13 07:00:00,2023-12-13 07:00:00,730,1,-0.35941423956503044,0.35941423956503044,"{'regressor__model__alpha': 0.0001, 'regressor__model__hidden_layer_sizes': (64, 32), 'regressor__model__learning_rate_init': 0.0001}"
2023-12-13 07:00:00,Naive,7,-0.3442379882550054,-0.10845233930095795,2021-12-13 07:00:00,2023-12-13 07:00:00,2023-12-13 07:00:00,730,1,,,not_applicable
2023-12-14 07:00:00,Decision Tree,7,-0.12210466319719743,-0.1714402138598866,2021-12-14 07:00:00,2023-12-14 07:00:00,2023-12-14 07:00:00,730,1,-0.42290985504429074,0.42290985504429074,"{'max_depth': None, 'min_samples_leaf': 1, 'min_samples_split': 20}"
2023-12-14 07:00:00,ARX,7,-0.12210466319719743,0.14297185784755173,2021-12-14 07:00:00,2023-12-14 07:00:00,2023-12-14 07:00:00,730,1,-0.3032104293734177,0.3032104293734177,{'model__alpha': 0.01}
2023-12-14 07:00:00,Random Forest,7,-0.12210466319719743,-0.049732121930719665,2021-12-14 07:00:00,2023-12-14 07:00:00,2023-12-14 07:00:00,730,1,-0.28640559026943707,0.28640559026943707,"{'max_depth': 10, 'max_features': 0.5, 'min_samples_leaf': 2, 'n_estimators': 100}"
2023-12-14 07:00:00,Neural Network,7,-0.12210466319719743,-0.06919419474882416,2021-12-14 07:00:00,2023-12-14 07:00:00,2023-12-14 07:00:00,730,1,-0.35941423956503044,0.35941423956503044,"{'regressor__model__alpha': 0.0001, 'regressor__model__hidden_layer_sizes': (64, 32), 'regressor__model__learning_rate_init': 0.0001}"
2023-12-14 07:00:00,Naive,7,-0.12210466319719743,-0.3442379882550054,2021-12-14 07:00:00,2023-12-14 07:00:00,2023-12-14 07:00:00,730,1,,,not_applicable
2023-12-15 07:00:00,Decision Tree,7,-0.2831554452317428,-0.16595848600847668,2021-12-15 07:00:00,2023-12-15 07:00:00,2023-12-15 07:00:00,730,1,-0.42290985504429074,0.42290985504429074,"{'max_depth': None, 'min_samples_leaf': 1, 'min_samples_split': 20}"
2023-12-15 07:00:00,ARX,7,-0.2831554452317428,-0.0569859158406576,2021-12-15 07:00:00,2023-12-15 07:00:00,2023-12-15 07:00:00,730,1,-0.3032104293734177,0.3032104293734177,{'model__alpha': 0.01}
2023-12-15 07:00:00,Random Forest,7,-0.2831554452317428,-0.12140268840085368,2021-12-15 07:00:00,2023-12-15 07:00:00,2023-12-15 07:00:00,730,1,-0.28640559026943707,0.28640559026943707,"{'max_depth': 10, 'max_features': 0.5, 'min_samples_leaf': 2, 'n_estimators': 100}"
2023-12-15 07:00:00,Neural Network,7,-0.2831554452317428,-0.37864891672345335,2021-12-15 07:00:00,2023-12-15 07:00:00,2023-12-15 07:00:00,730,1,-0.35941423956503044,0.35941423956503044,"{'regressor__model__alpha': 0.0001, 'regressor__model__hidden_layer_sizes': (64, 32), 'regressor__model__learning_rate_init': 0.0001}"
2023-12-15 07:00:00,Naive,7,-0.2831554452317428,-0.12210466319719743,2021-12-15 07:00:00,2023-12-15 07:00:00,2023-12-15 07:00:00,730,1,,,not_applicable
2023-12-16 07:00:00,Decision Tree,7,-0.7596497633669117,-1.0283424998456028,2021-12-16 07:00:00,2023-12-16 07:00:00,2023-12-16 07:00:00,730,1,-0.42290985504429074,0.42290985504429074,"{'max_depth': None, 'min_samples_leaf': 1, 'min_samples_split': 20}"
2023-12-16 07:00:00,ARX,7,-0.7596497633669117,-0.8186905036609939,2021-12-16 07:00:00,2023-12-16 07:00:00,2023-12-16 07:00:00,730,1,-0.3032104293734177,0.3032104293734177,{'model__alpha': 0.01}
2023-12-16 07:00:00,Random Forest,7,-0.7596497633669117,-0.6562418537553536,2021-12-16 07:00:00,2023-12-16 07:00:00,2023-12-16 07:00:00,730,1,-0.28640559026943707,0.28640559026943707,"{'max_depth': 10, 'max_features': 0.5, 'min_samples_leaf': 2, 'n_estimators': 100}"
2023-12-16 07:00:00,Neural Network,7,-0.7596497633669117,-0.7426000037933796,2021-12-16 07:00:00,2023-12-16 07:00:00,2023-12-16 07:00:00,730,1,-0.35941423956503044,0.35941423956503044,"{'regressor__model__alpha': 0.0001, 'regressor__model__hidden_layer_sizes': (64, 32), 'regressor__model__learning_rate_init': 0.0001}"
2023-12-16 07:00:00,Naive,7,-0.7596497633669117,-0.2831554452317428,2021-12-16 07:00:00,2023-12-16 07:00:00,2023-12-16 07:00:00,730,1,,,not_applicable
2023-12-17 07:00:00,Decision Tree,7,-0.9465230873229766,-0.5753031435070121,2021-12-17 07:00:00,2023-12-17 07:00:00,2023-12-17 07:00:00,730,1,-0.42290985504429074,0.42290985504429074,"{'max_depth': None, 'min_samples_leaf': 1, 'min_samples_split': 20}"
2023-12-17 07:00:00,ARX,7,-0.9465230873229766,-1.1419843814144341,2021-12-17 07:00:00,2023-12-17 07:00:00,2023-12-17 07:00:00,730,1,-0.3032104293734177,0.3032104293734177,{'model__alpha': 0.01}
2023-12-17 07:00:00,Random Forest,7,-0.9465230873229766,-0.8704684239971716,2021-12-17 07:00:00,2023-12-17 07:00:00,2023-12-17 07:00:00,730,1,-0.28640559026943707,0.28640559026943707,"{'max_depth': 10, 'max_features': 0.5, 'min_samples_leaf': 2, 'n_estimators': 100}"
2023-12-17 07:00:00,Neural Network,7,-0.9465230873229766,-0.9759301427231593,2021-12-17 07:00:00,2023-12-17 07:00:00,2023-12-17 07:00:00,730,1,-0.35941423956503044,0.35941423956503044,"{'regressor__model__alpha': 0.0001, 'regressor__model__hidden_layer_sizes': (64, 32), 'regressor__model__learning_rate_init': 0.0001}"
2023-12-17 07:00:00,Naive,7,-0.9465230873229766,-0.7596497633669117,2021-12-17 07:00:00,2023-12-17 07:00:00,2023-12-17 07:00:00,730,1,,,not_applicable
2023-12-18 07:00:00,Decision Tree,7,-0.31995586372696067,-0.9611693157259299,2021-12-18 07:00:00,2023-12-18 07:00:00,2023-12-18 07:00:00,730,1,-0.42290985504429074,0.42290985504429074,"{'max_depth': None, 'min_samples_leaf': 1, 'min_samples_split': 20}"
2023-12-18 07:00:00,ARX,7,-0.31995586372696067,-0.49981565882340684,2021-12-18 07:00:00,2023-12-18 07:00:00,2023-12-18 07:00:00,730,1,-0.3032104293734177,0.3032104293734177,{'model__alpha': 0.01}
2023-12-18 07:00:00,Random Forest,7,-0.31995586372696067,-0.4143341859252236,2021-12-18 07:00:00,2023-12-18 07:00:00,2023-12-18 07:00:00,730,1,-0.28640559026943707,0.28640559026943707,"{'max_depth': 10, 'max_features': 0.5, 'min_samples_leaf': 2, 'n_estimators': 100}"
2023-12-18 07:00:00,Neural Network,7,-0.31995586372696067,-0.32097275980551465,2021-12-18 07:00:00,2023-12-18 07:00:00,2023-12-18 07:00:00,730,1,-0.35941423956503044,0.35941423956503044,"{'regressor__model__alpha': 0.0001, 'regressor__model__hidden_layer_sizes': (64, 32), 'regressor__model__learning_rate_init': 0.0001}"
2023-12-18 07:00:00,Naive,7,-0.31995586372696067,-0.9465230873229766,2021-12-18 07:00:00,2023-12-18 07:00:00,2023-12-18 07:00:00,730,1,,,not_applicable
2023-12-19 07:00:00,Decision Tree,7,-0.43777582867515774,-0.3671133524774885,2021-12-19 07:00:00,2023-12-19 07:00:00,2023-12-19 07:00:00,730,1,-0.42290985504429074,0.42290985504429074,"{'max_depth': None, 'min_samples_leaf': 1, 'min_samples_split': 20}"
2023-12-19 07:00:00,ARX,7,-0.43777582867515774,-0.4939168231515698,2021-12-19 07:00:00,2023-12-19 07:00:00,2023-12-19 07:00:00,730,1,-0.3032104293734177,0.3032104293734177,{'model__alpha': 0.01}
2023-12-19 07:00:00,Random Forest,7,-0.43777582867515774,-0.3810012751117124,2021-12-19 07:00:00,2023-12-19 07:00:00,2023-12-19 07:00:00,730,1,-0.28640559026943707,0.28640559026943707,"{'max_depth': 10, 'max_features': 0.5, 'min_samples_leaf': 2, 'n_estimators': 100}"
2023-12-19 07:00:00,Neural Network,7,-0.43777582867515774,-0.39315364386433505,2021-12-19 07:00:00,2023-12-19 07:00:00,2023-12-19 07:00:00,730,1,-0.35941423956503044,0.35941423956503044,"{'regressor__model__alpha': 0.0001, 'regressor__model__hidden_layer_sizes': (64, 32), 'regressor__model__learning_rate_init': 0.0001}"
2023-12-19 07:00:00,Naive,7,-0.43777582867515774,-0.31995586372696067,2021-12-19 07:00:00,2023-12-19 07:00:00,2023-12-19 07:00:00,730,1,,,not_applicable
2023-12-20 07:00:00,Decision Tree,7,-0.7272472207666827,-0.35130625416851924,2021-12-20 07:00:00,2023-12-20 07:00:00,2023-12-20 07:00:00,730,1,-0.42290985504429074,0.42290985504429074,"{'max_depth': None, 'min_samples_leaf': 1, 'min_samples_split': 20}"
2023-12-20 07:00:00,ARX,7,-0.7272472207666827,-0.6342656177878596,2021-12-20 07:00:00,2023-12-20 07:00:00,2023-12-20 07:00:00,730,1,-0.3032104293734177,0.3032104293734177,{'model__alpha': 0.01}
2023-12-20 07:00:00,Random Forest,7,-0.7272472207666827,-0.44093455816676774,2021-12-20 07:00:00,2023-12-20 07:00:00,2023-12-20 07:00:00,730,1,-0.28640559026943707,0.28640559026943707,"{'max_depth': 10, 'max_features': 0.5, 'min_samples_leaf': 2, 'n_estimators': 100}"
2023-12-20 07:00:00,Neural Network,7,-0.7272472207666827,-0.4518788460420715,2021-12-20 07:00:00,2023-12-20 07:00:00,2023-12-20 07:00:00,730,1,-0.35941423956503044,0.35941423956503044,"{'regressor__model__alpha': 0.0001, 'regressor__model__hidden_layer_sizes': (64, 32), 'regressor__model__learning_rate_init': 0.0001}"
2023-12-20 07:00:00,Naive,7,-0.7272472207666827,-0.43777582867515774,2021-12-20 07:00:00,2023-12-20 07:00:00,2023-12-20 07:00:00,730,1,,,not_applicable
2023-12-21 07:00:00,Decision Tree,7,-0.9465198662454748,-0.623934791266148,2021-12-21 07:00:00,2023-12-21 07:00:00,2023-12-21 07:00:00,730,1,-0.42290985504429074,0.42290985504429074,"{'max_depth': None, 'min_samples_leaf': 1, 'min_samples_split': 20}"
2023-12-21 07:00:00,ARX,7,-0.9465198662454748,-0.9071587336758492,2021-12-21 07:00:00,2023-12-21 07:00:00,2023-12-21 07:00:00,730,1,-0.3032104293734177,0.3032104293734177,{'model__alpha': 0.01}
2023-12-21 07:00:00,Random Forest,7,-0.9465198662454748,-0.5963138178057483,2021-12-21 07:00:00,2023-12-21 07:00:00,2023-12-21 07:00:00,730,1,-0.28640559026943707,0.28640559026943707,"{'max_depth': 10, 'max_features': 0.5, 'min_samples_leaf': 2, 'n_estimators': 100}"
2023-12-21 07:00:00,Neural Network,7,-0.9465198662454748,-0.8487915580326798,2021-12-21 07:00:00,2023-12-21 07:00:00,2023-12-21 07:00:00,730,1,-0.35941423956503044,0.35941423956503044,"{'regressor__model__alpha': 0.0001, 'regressor__model__hidden_layer_sizes': (64, 32), 'regressor__model__learning_rate_init': 0.0001}"
2023-12-21 07:00:00,Naive,7,-0.9465198662454748,-0.7272472207666827,2021-12-21 07:00:00,2023-12-21 07:00:00,2023-12-21 07:00:00,730,1,,,not_applicable
2023-12-22 07:00:00,Decision Tree,7,-1.0615607007797592,-0.9787245251495152,2021-12-22 07:00:00,2023-12-22 07:00:00,2023-12-22 07:00:00,730,1,-0.42290985504429074,0.42290985504429074,"{'max_depth': None, 'min_samples_leaf': 1, 'min_samples_split': 20}"
2023-12-22 07:00:00,ARX,7,-1.0615607007797592,-1.1813527975533034,2021-12-22 07:00:00,2023-12-22 07:00:00,2023-12-22 07:00:00,730,1,-0.3032104293734177,0.3032104293734177,{'model__alpha': 0.01}
2023-12-22 07:00:00,Random Forest,7,-1.0615607007797592,-0.7705410262342967,2021-12-22 07:00:00,2023-12-22 07:00:00,2023-12-22 07:00:00,730,1,-0.28640559026943707,0.28640559026943707,"{'max_depth': 10, 'max_features': 0.5, 'min_samples_leaf': 2, 'n_estimators': 100}"
2023-12-22 07:00:00,Neural Network,7,-1.0615607007797592,-1.2117383136276962,2021-12-22 07:00:00,2023-12-22 07:00:00,2023-12-22 07:00:00,730,1,-0.35941423956503044,0.35941423956503044,"{'regressor__model__alpha': 0.0001, 'regressor__model__hidden_layer_sizes': (64, 32), 'regressor__model__learning_rate_init': 0.0001}"
2023-12-22 07:00:00,Naive,7,-1.0615607007797592,-0.9465198662454748,2021-12-22 07:00:00,2023-12-22 07:00:00,2023-12-22 07:00:00,730,1,,,not_applicable
2023-12-23 07:00:00,Decision Tree,7,-1.2475245285835834,-0.3807919529654424,2021-12-23 07:00:00,2023-12-23 07:00:00,2023-12-23 07:00:00,730,1,-0.42290985504429074,0.42290985504429074,"{'max_depth': None, 'min_samples_leaf': 1, 'min_samples_split': 20}"
2023-12-23 07:00:00,ARX,7,-1.2475245285835834,-1.4378244864106744,2021-12-23 07:00:00,2023-12-23 07:00:00,2023-12-23 07:00:00,730,1,-0.3032104293734177,0.3032104293734177,{'model__alpha': 0.01}
2023-12-23 07:00:00,Random Forest,7,-1.2475245285835834,-0.9292445719726773,2021-12-23 07:00:00,2023-12-23 07:00:00,2023-12-23 07:00:00,730,1,-0.28640559026943707,0.28640559026943707,"{'max_depth': 10, 'max_features': 0.5, 'min_samples_leaf': 2, 'n_estimators': 100}"
2023-12-23 07:00:00,Neural Network,7,-1.2475245285835834,-1.2450436611420996,2021-12-23 07:00:00,2023-12-23 07:00:00,2023-12-23 07:00:00,730,1,-0.35941423956503044,0.35941423956503044,"{'regressor__model__alpha': 0.0001, 'regressor__model__hidden_layer_sizes': (64, 32), 'regressor__model__learning_rate_init': 0.0001}"
2023-12-23 07:00:00,Naive,7,-1.2475245285835834,-1.0615607007797592,2021-12-23 07:00:00,2023-12-23 07:00:00,2023-12-23 07:00:00,730,1,,,not_applicable
2023-12-24 07:00:00,Decision Tree,7,-1.3183735541828796,-1.1202076901807654,2021-12-24 07:00:00,2023-12-24 07:00:00,2023-12-24 07:00:00,730,1,-0.42290985504429074,0.42290985504429074,"{'max_depth': None, 'min_samples_leaf': 1, 'min_samples_split': 20}"
2023-12-24 07:00:00,ARX,7,-1.3183735541828796,-1.7277417687320762,2021-12-24 07:00:00,2023-12-24 07:00:00,2023-12-24 07:00:00,730,1,-0.3032104293734177,0.3032104293734177,{'model__alpha': 0.01}
2023-12-24 07:00:00,Random Forest,7,-1.3183735541828796,-1.0710741181580072,2021-12-24 07:00:00,2023-12-24 07:00:00,2023-12-24 07:00:00,730,1,-0.28640559026943707,0.28640559026943707,"{'max_depth': 10, 'max_features': 0.5, 'min_samples_leaf': 2, 'n_estimators': 100}"
2023-12-24 07:00:00,Neural Network,7,-1.3183735541828796,-1.5533841586362098,2021-12-24 07:00:00,2023-12-24 07:00:00,2023-12-24 07:00:00,730,1,-0.35941423956503044,0.35941423956503044,"{'regressor__model__alpha': 0.0001, 'regressor__model__hidden_layer_sizes': (64, 32), 'regressor__model__learning_rate_init': 0.0001}"
2023-12-24 07:00:00,Naive,7,-1.3183735541828796,-1.2475245285835834,2021-12-24 07:00:00,2023-12-24 07:00:00,2023-12-24 07:00:00,730,1,,,not_applicable
2023-12-25 07:00:00,Decision Tree,7,-1.3361295344082158,-0.6637264347100458,2021-12-25 07:00:00,2023-12-25 07:00:00,2023-12-25 07:00:00,730,1,-0.42290985504429074,0.42290985504429074,"{'max_depth': None, 'min_samples_leaf': 1, 'min_samples_split': 20}"
2023-12-25 07:00:00,ARX,7,-1.3361295344082158,-1.6958415811784708,2021-12-25 07:00:00,2023-12-25 07:00:00,2023-12-25 07:00:00,730,1,-0.3032104293734177,0.3032104293734177,{'model__alpha': 0.01}
2023-12-25 07:00:00,Random Forest,7,-1.3361295344082158,-1.0128842787160943,2021-12-25 07:00:00,2023-12-25 07:00:00,2023-12-25 07:00:00,730,1,-0.28640559026943707,0.28640559026943707,"{'max_depth': 10, 'max_features': 0.5, 'min_samples_leaf': 2, 'n_estimators': 100}"
2023-12-25 07:00:00,Neural Network,7,-1.3361295344082158,-2.192738160005663,2021-12-25 07:00:00,2023-12-25 07:00:00,2023-12-25 07:00:00,730,1,-0.35941423956503044,0.35941423956503044,"{'regressor__model__alpha': 0.0001, 'regressor__model__hidden_layer_sizes': (64, 32), 'regressor__model__learning_rate_init': 0.0001}"
2023-12-25 07:00:00,Naive,7,-1.3361295344082158,-1.3183735541828796,2021-12-25 07:00:00,2023-12-25 07:00:00,2023-12-25 07:00:00,730,1,,,not_applicable
2023-12-26 07:00:00,Decision Tree,7,-1.304733953093871,-0.5046332522267487,2021-12-26 07:00:00,2023-12-26 07:00:00,2023-12-26 07:00:00,730,1,-0.42290985504429074,0.42290985504429074,"{'max_depth': None, 'min_samples_leaf': 1, 'min_samples_split': 20}"
2023-12-26 07:00:00,ARX,7,-1.304733953093871,-1.6152043608978053,2021-12-26 07:00:00,2023-12-26 07:00:00,2023-12-26 07:00:00,730,1,-0.3032104293734177,0.3032104293734177,{'model__alpha': 0.01}
2023-12-26 07:00:00,Random Forest,7,-1.304733953093871,-1.1280520813332666,2021-12-26 07:00:00,2023-12-26 07:00:00,2023-12-26 07:00:00,730,1,-0.28640559026943707,0.28640559026943707,"{'max_depth': 10, 'max_features': 0.5, 'min_samples_leaf': 2, 'n_estimators': 100}"
2023-12-26 07:00:00,Neural Network,7,-1.304733953093871,-1.633857746882896,2021-12-26 07:00:00,2023-12-26 07:00:00,2023-12-26 07:00:00,730,1,-0.35941423956503044,0.35941423956503044,"{'regressor__model__alpha': 0.0001, 'regressor__model__hidden_layer_sizes': (64, 32), 'regressor__model__learning_rate_init': 0.0001}"
2023-12-26 07:00:00,Naive,7,-1.304733953093871,-1.3361295344082158,2021-12-26 07:00:00,2023-12-26 07:00:00,2023-12-26 07:00:00,730,1,,,not_applicable
2023-12-27 07:00:00,Decision Tree,7,-0.6087814020821549,-0.6270827908060552,2021-12-27 07:00:00,2023-12-27 07:00:00,2023-12-27 07:00:00,730,1,-0.42290985504429074,0.42290985504429074,"{'max_depth': None, 'min_samples_leaf': 1, 'min_samples_split': 20}"
2023-12-27 07:00:00,ARX,7,-0.6087814020821549,-0.7414249713589082,2021-12-27 07:00:00,2023-12-27 07:00:00,2023-12-27 07:00:00,730,1,-0.3032104293734177,0.3032104293734177,{'model__alpha': 0.01}
2023-12-27 07:00:00,Random Forest,7,-0.6087814020821549,-0.4776579435019169,2021-12-27 07:00:00,2023-12-27 07:00:00,2023-12-27 07:00:00,730,1,-0.28640559026943707,0.28640559026943707,"{'max_depth': 10, 'max_features': 0.5, 'min_samples_leaf': 2, 'n_estimators': 100}"
2023-12-27 07:00:00,Neural Network,7,-0.6087814020821549,-0.6829172721044269,2021-12-27 07:00:00,2023-12-27 07:00:00,2023-12-27 07:00:00,730,1,-0.35941423956503044,0.35941423956503044,"{'regressor__model__alpha': 0.0001, 'regressor__model__hidden_layer_sizes': (64, 32), 'regressor__model__learning_rate_init': 0.0001}"
2023-12-27 07:00:00,Naive,7,-0.6087814020821549,-1.304733953093871,2021-12-27 07:00:00,2023-12-27 07:00:00,2023-12-27 07:00:00,730,1,,,not_applicable
2023-12-28 07:00:00,Decision Tree,7,-1.178110440399492,-0.6260062385281787,2021-12-28 07:00:00,2023-12-28 07:00:00,2023-12-28 07:00:00,730,1,-0.42290985504429074,0.42290985504429074,"{'max_depth': None, 'min_samples_leaf': 1, 'min_samples_split': 20}"
2023-12-28 07:00:00,ARX,7,-1.178110440399492,-1.2021879554499417,2021-12-28 07:00:00,2023-12-28 07:00:00,2023-12-28 07:00:00,730,1,-0.3032104293734177,0.3032104293734177,{'model__alpha': 0.01}
2023-12-28 07:00:00,Random Forest,7,-1.178110440399492,-0.6913463681261554,2021-12-28 07:00:00,2023-12-28 07:00:00,2023-12-28 07:00:00,730,1,-0.28640559026943707,0.28640559026943707,"{'max_depth': 10, 'max_features': 0.5, 'min_samples_leaf': 2, 'n_estimators': 100}"
2023-12-28 07:00:00,Neural Network,7,-1.178110440399492,-1.2608227425320553,2021-12-28 07:00:00,2023-12-28 07:00:00,2023-12-28 07:00:00,730,1,-0.35941423956503044,0.35941423956503044,"{'regressor__model__alpha': 0.0001, 'regressor__model__hidden_layer_sizes': (64, 32), 'regressor__model__learning_rate_init': 0.0001}"
2023-12-28 07:00:00,Naive,7,-1.178110440399492,-0.6087814020821549,2021-12-28 07:00:00,2023-12-28 07:00:00,2023-12-28 07:00:00,730,1,,,not_applicable
2023-12-29 07:00:00,Decision Tree,7,-1.2922727172428774,-1.1911555086863586,2021-12-29 07:00:00,2023-12-29 07:00:00,2023-12-29 07:00:00,730,1,-0.42290985504429074,0.42290985504429074,"{'max_depth': None, 'min_samples_leaf': 1, 'min_samples_split': 20}"
2023-12-29 07:00:00,ARX,7,-1.2922727172428774,-1.2719232654991133,2021-12-29 07:00:00,2023-12-29 07:00:00,2023-12-29 07:00:00,730,1,-0.3032104293734177,0.3032104293734177,{'model__alpha': 0.01}
2023-12-29 07:00:00,Random Forest,7,-1.2922727172428774,-1.021379017428913,2021-12-29 07:00:00,2023-12-29 07:00:00,2023-12-29 07:00:00,730,1,-0.28640559026943707,0.28640559026943707,"{'max_depth': 10, 'max_features': 0.5, 'min_samples_leaf': 2, 'n_estimators': 100}"
2023-12-29 07:00:00,Neural Network,7,-1.2922727172428774,-1.1549402317181439,2021-12-29 07:00:00,2023-12-29 07:00:00,2023-12-29 07:00:00,730,1,-0.35941423956503044,0.35941423956503044,"{'regressor__model__alpha': 0.0001, 'regressor__model__hidden_layer_sizes': (64, 32), 'regressor__model__learning_rate_init': 0.0001}"
2023-12-29 07:00:00,Naive,7,-1.2922727172428774,-1.178110440399492,2021-12-29 07:00:00,2023-12-29 07:00:00,2023-12-29 07:00:00,730,1,,,not_applicable
2023-12-30 07:00:00,Decision Tree,7,-1.1386862283198176,-1.1978966559234598,2021-12-30 07:00:00,2023-12-30 07:00:00,2023-12-30 07:00:00,730,1,-0.42290985504429074,0.42290985504429074,"{'max_depth': None, 'min_samples_leaf': 1, 'min_samples_split': 20}"
2023-12-30 07:00:00,ARX,7,-1.1386862283198176,-1.4906430433836197,2021-12-30 07:00:00,2023-12-30 07:00:00,2023-12-30 07:00:00,730,1,-0.3032104293734177,0.3032104293734177,{'model__alpha': 0.01}
2023-12-30 07:00:00,Random Forest,7,-1.1386862283198176,-1.1366994876157026,2021-12-30 07:00:00,2023-12-30 07:00:00,2023-12-30 07:00:00,730,1,-0.28640559026943707,0.28640559026943707,"{'max_depth': 10, 'max_features': 0.5, 'min_samples_leaf': 2, 'n_estimators': 100}"
2023-12-30 07:00:00,Neural Network,7,-1.1386862283198176,-1.424694890697591,2021-12-30 07:00:00,2023-12-30 07:00:00,2023-12-30 07:00:00,730,1,-0.35941423956503044,0.35941423956503044,"{'regressor__model__alpha': 0.0001, 'regressor__model__hidden_layer_sizes': (64, 32), 'regressor__model__learning_rate_init': 0.0001}"
2023-12-30 07:00:00,Naive,7,-1.1386862283198176,-1.2922727172428774,2021-12-30 07:00:00,2023-12-30 07:00:00,2023-12-30 07:00:00,730,1,,,not_applicable
2023-12-31 07:00:00,Decision Tree,7,-1.2905755360535522,-0.8479556466632201,2021-12-31 07:00:00,2023-12-31 07:00:00,2023-12-31 07:00:00,730,1,-0.42290985504429074,0.42290985504429074,"{'max_depth': None, 'min_samples_leaf': 1, 'min_samples_split': 20}"
2023-12-31 07:00:00,ARX,7,-1.2905755360535522,-1.4059707527198253,2021-12-31 07:00:00,2023-12-31 07:00:00,2023-12-31 07:00:00,730,1,-0.3032104293734177,0.3032104293734177,{'model__alpha': 0.01}
2023-12-31 07:00:00,Random Forest,7,-1.2905755360535522,-1.0157273186579652,2021-12-31 07:00:00,2023-12-31 07:00:00,2023-12-31 07:00:00,730,1,-0.28640559026943707,0.28640559026943707,"{'max_depth': 10, 'max_features': 0.5, 'min_samples_leaf': 2, 'n_estimators': 100}"
2023-12-31 07:00:00,Neural Network,7,-1.2905755360535522,-1.1408241339342267,2021-12-31 07:00:00,2023-12-31 07:00:00,2023-12-31 07:00:00,730,1,-0.35941423956503044,0.35941423956503044,"{'regressor__model__alpha': 0.0001, 'regressor__model__hidden_layer_sizes': (64, 32), 'regressor__model__learning_rate_init': 0.0001}"
2023-12-31 07:00:00,Naive,7,-1.2905755360535522,-1.1386862283198176,2021-12-31 07:00:00,2023-12-31 07:00:00,2023-12-31 07:00:00,730,1,,,not_applicable
2024-01-01 07:00:00,Decision Tree,7,-1.2905068550358367,-1.224870341845071,2022-01-01 07:00:00,2024-01-01 07:00:00,2024-01-01 07:00:00,730,1,-0.42290985504429074,0.42290985504429074,"{'max_depth': None, 'min_samples_leaf': 1, 'min_samples_split': 20}"
2024-01-01 07:00:00,ARX,7,-1.2905068550358367,-1.5906482843258725,2022-01-01 07:00:00,2024-01-01 07:00:00,2024-01-01 07:00:00,730,1,-0.3032104293734177,0.3032104293734177,{'model__alpha': 0.01}
2024-01-01 07:00:00,Random Forest,7,-1.2905068550358367,-1.2211082203290464,2022-01-01 07:00:00,2024-01-01 07:00:00,2024-01-01 07:00:00,730,1,-0.28640559026943707,0.28640559026943707,"{'max_depth': 10, 'max_features': 0.5, 'min_samples_leaf': 2, 'n_estimators': 100}"
2024-01-01 07:00:00,Neural Network,7,-1.2905068550358367,-2.0349447973650157,2022-01-01 07:00:00,2024-01-01 07:00:00,2024-01-01 07:00:00,730,1,-0.35941423956503044,0.35941423956503044,"{'regressor__model__alpha': 0.0001, 'regressor__model__hidden_layer_sizes': (64, 32), 'regressor__model__learning_rate_init': 0.0001}"
2024-01-01 07:00:00,Naive,7,-1.2905068550358367,-1.2905755360535522,2022-01-01 07:00:00,2024-01-01 07:00:00,2024-01-01 07:00:00,730,1,,,not_applicable
2024-01-02 07:00:00,Decision Tree,7,-0.8067503644074625,-0.4899873602921802,2022-01-02 07:00:00,2024-01-02 07:00:00,2024-01-02 07:00:00,730,1,-0.42290985504429074,0.42290985504429074,"{'max_depth': None, 'min_samples_leaf': 1, 'min_samples_split': 20}"
2024-01-02 07:00:00,ARX,7,-0.8067503644074625,-0.9000177143265635,2022-01-02 07:00:00,2024-01-02 07:00:00,2024-01-02 07:00:00,730,1,-0.3032104293734177,0.3032104293734177,{'model__alpha': 0.01}
2024-01-02 07:00:00,Random Forest,7,-0.8067503644074625,-0.7066772611481652,2022-01-02 07:00:00,2024-01-02 07:00:00,2024-01-02 07:00:00,730,1,-0.28640559026943707,0.28640559026943707,"{'max_depth': 10, 'max_features': 0.5, 'min_samples_leaf': 2, 'n_estimators': 100}"
2024-01-02 07:00:00,Neural Network,7,-0.8067503644074625,-0.7719602206479803,2022-01-02 07:00:00,2024-01-02 07:00:00,2024-01-02 07:00:00,730,1,-0.35941423956503044,0.35941423956503044,"{'regressor__model__alpha': 0.0001, 'regressor__model__hidden_layer_sizes': (64, 32), 'regressor__model__learning_rate_init': 0.0001}"
2024-01-02 07:00:00,Naive,7,-0.8067503644074625,-1.2905068550358367,2022-01-02 07:00:00,2024-01-02 07:00:00,2024-01-02 07:00:00,730,1,,,not_applicable
2024-01-03 07:00:00,Decision Tree,7,-0.9720992849236884,-1.229919304398207,2022-01-03 07:00:00,2024-01-03 07:00:00,2024-01-03 07:00:00,730,1,-0.42290985504429074,0.42290985504429074,"{'max_depth': None, 'min_samples_leaf': 1, 'min_samples_split': 20}"
2024-01-03 07:00:00,ARX,7,-0.9720992849236884,-1.1184156775299199,2022-01-03 07:00:00,2024-01-03 07:00:00,2024-01-03 07:00:00,730,1,-0.3032104293734177,0.3032104293734177,{'model__alpha': 0.01}
2024-01-03 07:00:00,Random Forest,7,-0.9720992849236884,-0.8651302911744737,2022-01-03 07:00:00,2024-01-03 07:00:00,2024-01-03 07:00:00,730,1,-0.28640559026943707,0.28640559026943707,"{'max_depth': 10, 'max_features': 0.5, 'min_samples_leaf': 2, 'n_estimators': 100}"
2024-01-03 07:00:00,Neural Network,7,-0.9720992849236884,-1.2999064974807002,2022-01-03 07:00:00,2024-01-03 07:00:00,2024-01-03 07:00:00,730,1,-0.35941423956503044,0.35941423956503044,"{'regressor__model__alpha': 0.0001, 'regressor__model__hidden_layer_sizes': (64, 32), 'regressor__model__learning_rate_init': 0.0001}"
2024-01-03 07:00:00,Naive,7,-0.9720992849236884,-0.8067503644074625,2022-01-03 07:00:00,2024-01-03 07:00:00,2024-01-03 07:00:00,730,1,,,not_applicable
2024-01-04 07:00:00,Decision Tree,7,-0.5124876930105517,-1.2115035887214556,2022-01-04 07:00:00,2024-01-04 07:00:00,2024-01-04 07:00:00,730,1,-0.42290985504429074,0.42290985504429074,"{'max_depth': None, 'min_samples_leaf': 1, 'min_samples_split': 20}"
2024-01-04 07:00:00,ARX,7,-0.5124876930105517,-0.844991122146536,2022-01-04 07:00:00,2024-01-04 07:00:00,2024-01-04 07:00:00,730,1,-0.3032104293734177,0.3032104293734177,{'model__alpha': 0.01}
2024-01-04 07:00:00,Random Forest,7,-0.5124876930105517,-0.8925241204812504,2022-01-04 07:00:00,2024-01-04 07:00:00,2024-01-04 07:00:00,730,1,-0.28640559026943707,0.28640559026943707,"{'max_depth': 10, 'max_features': 0.5, 'min_samples_leaf': 2, 'n_estimators': 100}"
2024-01-04 07:00:00,Neural Network,7,-0.5124876930105517,-0.9649726538194693,2022-01-04 07:00:00,2024-01-04 07:00:00,2024-01-04 07:00:00,730,1,-0.35941423956503044,0.35941423956503044,"{'regressor__model__alpha': 0.0001, 'regressor__model__hidden_layer_sizes': (64, 32), 'regressor__model__learning_rate_init': 0.0001}"
2024-01-04 07:00:00,Naive,7,-0.5124876930105517,-0.9720992849236884,2022-01-04 07:00:00,2024-01-04 07:00:00,2024-01-04 07:00:00,730,1,,,not_applicable
2024-01-05 07:00:00,Decision Tree,7,-0.4890369036126971,-0.3209149468756958,2022-01-05 07:00:00,2024-01-05 07:00:00,2024-01-05 07:00:00,730,1,-0.42290985504429074,0.42290985504429074,"{'max_depth': None, 'min_samples_leaf': 1, 'min_samples_split': 20}"
2024-01-05 07:00:00,ARX,7,-0.4890369036126971,-0.4865431949241448,2022-01-05 07:00:00,2024-01-05 07:00:00,2024-01-05 07:00:00,730,1,-0.3032104293734177,0.3032104293734177,{'model__alpha': 0.01}
2024-01-05 07:00:00,Random Forest,7,-0.4890369036126971,-0.16160301269452948,2022-01-05 07:00:00,2024-01-05 07:00:00,2024-01-05 07:00:00,730,1,-0.28640559026943707,0.28640559026943707,"{'max_depth': 10, 'max_features': 0.5, 'min_samples_leaf': 2, 'n_estimators': 100}"
2024-01-05 07:00:00,Neural Network,7,-0.4890369036126971,-0.5638341653515193,2022-01-05 07:00:00,2024-01-05 07:00:00,2024-01-05 07:00:00,730,1,-0.35941423956503044,0.35941423956503044,"{'regressor__model__alpha': 0.0001, 'regressor__model__hidden_layer_sizes': (64, 32), 'regressor__model__learning_rate_init': 0.0001}"
2024-01-05 07:00:00,Naive,7,-0.4890369036126971,-0.5124876930105517,2022-01-05 07:00:00,2024-01-05 07:00:00,2024-01-05 07:00:00,730,1,,,not_applicable
2024-01-06 07:00:00,Decision Tree,7,-0.5545833348266278,-0.589582131691155,2022-01-06 07:00:00,2024-01-06 07:00:00,2024-01-06 07:00:00,730,1,-0.42290985504429074,0.42290985504429074,"{'max_depth': None, 'min_samples_leaf': 1, 'min_samples_split': 20}"
2024-01-06 07:00:00,ARX,7,-0.5545833348266278,-0.7208029222857245,2022-01-06 07:00:00,2024-01-06 07:00:00,2024-01-06 07:00:00,730,1,-0.3032104293734177,0.3032104293734177,{'model__alpha': 0.01}
2024-01-06 07:00:00,Random Forest,7,-0.5545833348266278,-0.5801250852084476,2022-01-06 07:00:00,2024-01-06 07:00:00,2024-01-06 07:00:00,730,1,-0.28640559026943707,0.28640559026943707,"{'max_depth': 10, 'max_features': 0.5, 'min_samples_leaf': 2, 'n_estimators': 100}"
2024-01-06 07:00:00,Neural Network,7,-0.5545833348266278,-0.744241799127228,2022-01-06 07:00:00,2024-01-06 07:00:00,2024-01-06 07:00:00,730,1,-0.35941423956503044,0.35941423956503044,"{'regressor__model__alpha': 0.0001, 'regressor__model__hidden_layer_sizes': (64, 32), 'regressor__model__learning_rate_init': 0.0001}"
2024-01-06 07:00:00,Naive,7,-0.5545833348266278,-0.4890369036126971,2022-01-06 07:00:00,2024-01-06 07:00:00,2024-01-06 07:00:00,730,1,,,not_applicable
2024-01-07 07:00:00,Decision Tree,7,-0.5971801742240654,-0.6795256559388839,2022-01-07 07:00:00,2024-01-07 07:00:00,2024-01-07 07:00:00,730,1,-0.42290985504429074,0.42290985504429074,"{'max_depth': None, 'min_samples_leaf': 1, 'min_samples_split': 20}"
2024-01-07 07:00:00,ARX,7,-0.5971801742240654,-0.8965933968559388,2022-01-07 07:00:00,2024-01-07 07:00:00,2024-01-07 07:00:00,730,1,-0.3032104293734177,0.3032104293734177,{'model__alpha': 0.01}
2024-01-07 07:00:00,Random Forest,7,-0.5971801742240654,-0.7500371344551628,2022-01-07 07:00:00,2024-01-07 07:00:00,2024-01-07 07:00:00,730,1,-0.28640559026943707,0.28640559026943707,"{'max_depth': 10, 'max_features': 0.5, 'min_samples_leaf': 2, 'n_estimators': 100}"
2024-01-07 07:00:00,Neural Network,7,-0.5971801742240654,-0.9789131943754186,2022-01-07 07:00:00,2024-01-07 07:00:00,2024-01-07 07:00:00,730,1,-0.35941423956503044,0.35941423956503044,"{'regressor__model__alpha': 0.0001, 'regressor__model__hidden_layer_sizes': (64, 32), 'regressor__model__learning_rate_init': 0.0001}"
2024-01-07 07:00:00,Naive,7,-0.5971801742240654,-0.5545833348266278,2022-01-07 07:00:00,2024-01-07 07:00:00,2024-01-07 07:00:00,730,1,,,not_applicable
2024-01-08 07:00:00,Decision Tree,7,-0.18058720765820138,-0.08315545023315375,2022-01-08 07:00:00,2024-01-08 07:00:00,2024-01-08 07:00:00,730,1,-0.42290985504429074,0.42290985504429074,"{'max_depth': None, 'min_samples_leaf': 1, 'min_samples_split': 20}"
2024-01-08 07:00:00,ARX,7,-0.18058720765820138,-0.14620067538449344,2022-01-08 07:00:00,2024-01-08 07:00:00,2024-01-08 07:00:00,730,1,-0.3032104293734177,0.3032104293734177,{'model__alpha': 0.01}
2024-01-08 07:00:00,Random Forest,7,-0.18058720765820138,-0.02108745464014908,2022-01-08 07:00:00,2024-01-08 07:00:00,2024-01-08 07:00:00,730,1,-0.28640559026943707,0.28640559026943707,"{'max_depth': 10, 'max_features': 0.5, 'min_samples_leaf': 2, 'n_estimators': 100}"
2024-01-08 07:00:00,Neural Network,7,-0.18058720765820138,-0.17493181441198036,2022-01-08 07:00:00,2024-01-08 07:00:00,2024-01-08 07:00:00,730,1,-0.35941423956503044,0.35941423956503044,"{'regressor__model__alpha': 0.0001, 'regressor__model__hidden_layer_sizes': (64, 32), 'regressor__model__learning_rate_init': 0.0001}"
2024-01-08 07:00:00,Naive,7,-0.18058720765820138,-0.5971801742240654,2022-01-08 07:00:00,2024-01-08 07:00:00,2024-01-08 07:00:00,730,1,,,not_applicable
2024-01-09 07:00:00,Decision Tree,7,-0.0036469831052736716,-0.11672669875298895,2022-01-09 07:00:00,2024-01-09 07:00:00,2024-01-09 07:00:00,730,1,-0.42290985504429074,0.42290985504429074,"{'max_depth': None, 'min_samples_leaf': 1, 'min_samples_split': 20}"
2024-01-09 07:00:00,ARX,7,-0.0036469831052736716,0.0993100241833843,2022-01-09 07:00:00,2024-01-09 07:00:00,2024-01-09 07:00:00,730,1,-0.3032104293734177,0.3032104293734177,{'model__alpha': 0.01}
2024-01-09 07:00:00,Random Forest,7,-0.0036469831052736716,0.005978224178491947,2022-01-09 07:00:00,2024-01-09 07:00:00,2024-01-09 07:00:00,730,1,-0.28640559026943707,0.28640559026943707,"{'max_depth': 10, 'max_features': 0.5, 'min_samples_leaf': 2, 'n_estimators': 100}"
2024-01-09 07:00:00,Neural Network,7,-0.0036469831052736716,-0.02888663201190811,2022-01-09 07:00:00,2024-01-09 07:00:00,2024-01-09 07:00:00,730,1,-0.35941423956503044,0.35941423956503044,"{'regressor__model__alpha': 0.0001, 'regressor__model__hidden_layer_sizes': (64, 32), 'regressor__model__learning_rate_init': 0.0001}"
2024-01-09 07:00:00,Naive,7,-0.0036469831052736716,-0.18058720765820138,2022-01-09 07:00:00,2024-01-09 07:00:00,2024-01-09 07:00:00,730,1,,,not_applicable
2024-01-10 07:00:00,Decision Tree,7,0.02830884555265175,0.05405909403528149,2022-01-10 07:00:00,2024-01-10 07:00:00,2024-01-10 07:00:00,730,1,-0.42290985504429074,0.42290985504429074,"{'max_depth': None, 'min_samples_leaf': 1, 'min_samples_split': 20}"
2024-01-10 07:00:00,ARX,7,0.02830884555265175,0.22968734562214066,2022-01-10 07:00:00,2024-01-10 07:00:00,2024-01-10 07:00:00,730,1,-0.3032104293734177,0.3032104293734177,{'model__alpha': 0.01}
2024-01-10 07:00:00,Random Forest,7,0.02830884555265175,0.0977229464639413,2022-01-10 07:00:00,2024-01-10 07:00:00,2024-01-10 07:00:00,730,1,-0.28640559026943707,0.28640559026943707,"{'max_depth': 10, 'max_features': 0.5, 'min_samples_leaf': 2, 'n_estimators': 100}"
2024-01-10 07:00:00,Neural Network,7,0.02830884555265175,0.2931476121191596,2022-01-10 07:00:00,2024-01-10 07:00:00,2024-01-10 07:00:00,730,1,-0.35941423956503044,0.35941423956503044,"{'regressor__model__alpha': 0.0001, 'regressor__model__hidden_layer_sizes': (64, 32), 'regressor__model__learning_rate_init': 0.0001}"
2024-01-10 07:00:00,Naive,7,0.02830884555265175,-0.0036469831052736716,2022-01-10 07:00:00,2024-01-10 07:00:00,2024-01-10 07:00:00,730,1,,,not_applicable
2024-01-11 07:00:00,Decision Tree,7,-0.09728276613620811,0.05911742775963094,2022-01-11 07:00:00,2024-01-11 07:00:00,2024-01-11 07:00:00,730,1,-0.42290985504429074,0.42290985504429074,"{'max_depth': None, 'min_samples_leaf': 1, 'min_samples_split': 20}"
2024-01-11 07:00:00,ARX,7,-0.09728276613620811,0.19955161403815824,2022-01-11 07:00:00,2024-01-11 07:00:00,2024-01-11 07:00:00,730,1,-0.3032104293734177,0.3032104293734177,{'model__alpha': 0.01}
2024-01-11 07:00:00,Random Forest,7,-0.09728276613620811,0.09949281745687635,2022-01-11 07:00:00,2024-01-11 07:00:00,2024-01-11 07:00:00,730,1,-0.28640559026943707,0.28640559026943707,"{'max_depth': 10, 'max_features': 0.5, 'min_samples_leaf': 2, 'n_estimators': 100}"
2024-01-11 07:00:00,Neural Network,7,-0.09728276613620811,0.22084063785807295,2022-01-11 07:00:00,2024-01-11 07:00:00,2024-01-11 07:00:00,730,1,-0.35941423956503044,0.35941423956503044,"{'regressor__model__alpha': 0.0001, 'regressor__model__hidden_layer_sizes': (64, 32), 'regressor__model__learning_rate_init': 0.0001}"
2024-01-11 07:00:00,Naive,7,-0.09728276613620811,0.02830884555265175,2022-01-11 07:00:00,2024-01-11 07:00:00,2024-01-11 07:00:00,730,1,,,not_applicable
2024-01-12 07:00:00,Decision Tree,7,-0.07745335849941257,-0.020556320221635477,2022-01-12 07:00:00,2024-01-12 07:00:00,2024-01-12 07:00:00,730,1,-0.42290985504429074,0.42290985504429074,"{'max_depth': None, 'min_samples_leaf': 1, 'min_samples_split': 20}"
2024-01-12 07:00:00,ARX,7,-0.07745335849941257,0.08259585182489115,2022-01-12 07:00:00,2024-01-12 07:00:00,2024-01-12 07:00:00,730,1,-0.3032104293734177,0.3032104293734177,{'model__alpha': 0.01}
2024-01-12 07:00:00,Random Forest,7,-0.07745335849941257,0.016001565374948828,2022-01-12 07:00:00,2024-01-12 07:00:00,2024-01-12 07:00:00,730,1,-0.28640559026943707,0.28640559026943707,"{'max_depth': 10, 'max_features': 0.5, 'min_samples_leaf': 2, 'n_estimators': 100}"
2024-01-12 07:00:00,Neural Network,7,-0.07745335849941257,0.13370100018273945,2022-01-12 07:00:00,2024-01-12 07:00:00,2024-01-12 07:00:00,730,1,-0.35941423956503044,0.35941423956503044,"{'regressor__model__alpha': 0.0001, 'regressor__model__hidden_layer_sizes': (64, 32), 'regressor__model__learning_rate_init': 0.0001}"
2024-01-12 07:00:00,Naive,7,-0.07745335849941257,-0.09728276613620811,2022-01-12 07:00:00,2024-01-12 07:00:00,2024-01-12 07:00:00,730,1,,,not_applicable
2024-01-13 07:00:00,Decision Tree,7,-0.5429186635663895,-0.41493785841633946,2022-01-13 07:00:00,2024-01-13 07:00:00,2024-01-13 07:00:00,730,1,-0.42290985504429074,0.42290985504429074,"{'max_depth': None, 'min_samples_leaf': 1, 'min_samples_split': 20}"
2024-01-13 07:00:00,ARX,7,-0.5429186635663895,-0.6295847370631035,2022-01-13 07:00:00,2024-01-13 07:00:00,2024-01-13 07:00:00,730,1,-0.3032104293734177,0.3032104293734177,{'model__alpha': 0.01}
2024-01-13 07:00:00,Random Forest,7,-0.5429186635663895,-0.4498813989351705,2022-01-13 07:00:00,2024-01-13 07:00:00,2024-01-13 07:00:00,730,1,-0.28640559026943707,0.28640559026943707,"{'max_depth': 10, 'max_features': 0.5, 'min_samples_leaf': 2, 'n_estimators': 100}"
2024-01-13 07:00:00,Neural Network,7,-0.5429186635663895,-0.44456415444141706,2022-01-13 07:00:00,2024-01-13 07:00:00,2024-01-13 07:00:00,730,1,-0.35941423956503044,0.35941423956503044,"{'regressor__model__alpha': 0.0001, 'regressor__model__hidden_layer_sizes': (64, 32), 'regressor__model__learning_rate_init': 0.0001}"
2024-01-13 07:00:00,Naive,7,-0.5429186635663895,-0.07745335849941257,2022-01-13 07:00:00,2024-01-13 07:00:00,2024-01-13 07:00:00,730,1,,,not_applicable
2024-01-14 07:00:00,Decision Tree,7,-0.6626733537919905,-0.872456366271114,2022-01-14 07:00:00,2024-01-14 07:00:00,2024-01-14 07:00:00,730,1,-0.42290985504429074,0.42290985504429074,"{'max_depth': None, 'min_samples_leaf': 1, 'min_samples_split': 20}"
2024-01-14 07:00:00,ARX,7,-0.6626733537919905,-1.0642573044326427,2022-01-14 07:00:00,2024-01-14 07:00:00,2024-01-14 07:00:00,730,1,-0.3032104293734177,0.3032104293734177,{'model__alpha': 0.01}
2024-01-14 07:00:00,Random Forest,7,-0.6626733537919905,-0.9185106069859177,2022-01-14 07:00:00,2024-01-14 07:00:00,2024-01-14 07:00:00,730,1,-0.28640559026943707,0.28640559026943707,"{'max_depth': 10, 'max_features': 0.5, 'min_samples_leaf': 2, 'n_estimators': 100}"
2024-01-14 07:00:00,Neural Network,7,-0.6626733537919905,-1.0213963431372297,2022-01-14 07:00:00,2024-01-14 07:00:00,2024-01-14 07:00:00,730,1,-0.35941423956503044,0.35941423956503044,"{'regressor__model__alpha': 0.0001, 'regressor__model__hidden_layer_sizes': (64, 32), 'regressor__model__learning_rate_init': 0.0001}"
2024-01-14 07:00:00,Naive,7,-0.6626733537919905,-0.5429186635663895,2022-01-14 07:00:00,2024-01-14 07:00:00,2024-01-14 07:00:00,730,1,,,not_applicable
2024-01-15 07:00:00,Decision Tree,7,-0.5188014965565519,-0.48208980477773056,2022-01-15 07:00:00,2024-01-15 07:00:00,2024-01-15 07:00:00,730,1,-0.42290985504429074,0.42290985504429074,"{'max_depth': None, 'min_samples_leaf': 1, 'min_samples_split': 20}"
2024-01-15 07:00:00,ARX,7,-0.5188014965565519,-0.3520630868669099,2022-01-15 07:00:00,2024-01-15 07:00:00,2024-01-15 07:00:00,730,1,-0.3032104293734177,0.3032104293734177,{'model__alpha': 0.01}
2024-01-15 07:00:00,Random Forest,7,-0.5188014965565519,-0.3608749943206114,2022-01-15 07:00:00,2024-01-15 07:00:00,2024-01-15 07:00:00,730,1,-0.28640559026943707,0.28640559026943707,"{'max_depth': 10, 'max_features': 0.5, 'min_samples_leaf': 2, 'n_estimators': 100}"
2024-01-15 07:00:00,Neural Network,7,-0.5188014965565519,-0.239107425621915,2022-01-15 07:00:00,2024-01-15 07:00:00,2024-01-15 07:00:00,730,1,-0.35941423956503044,0.35941423956503044,"{'regressor__model__alpha': 0.0001, 'regressor__model__hidden_layer_sizes': (64, 32), 'regressor__model__learning_rate_init': 0.0001}"
2024-01-15 07:00:00,Naive,7,-0.5188014965565519,-0.6626733537919905,2022-01-15 07:00:00,2024-01-15 07:00:00,2024-01-15 07:00:00,730,1,,,not_applicable
2024-01-16 07:00:00,Decision Tree,7,-0.11114270918135184,0.07285257548002788,2022-01-16 07:00:00,2024-01-16 07:00:00,2024-01-16 07:00:00,730,1,-0.42290985504429074,0.42290985504429074,"{'max_depth': None, 'min_samples_leaf': 1, 'min_samples_split': 20}"
2024-01-16 07:00:00,ARX,7,-0.11114270918135184,-0.007375789730041382,2022-01-16 07:00:00,2024-01-16 07:00:00,2024-01-16 07:00:00,730,1,-0.3032104293734177,0.3032104293734177,{'model__alpha': 0.01}
2024-01-16 07:00:00,Random Forest,7,-0.11114270918135184,-0.011608337795404879,2022-01-16 07:00:00,2024-01-16 07:00:00,2024-01-16 07:00:00,730,1,-0.28640559026943707,0.28640559026943707,"{'max_depth': 10, 'max_features': 0.5, 'min_samples_leaf': 2, 'n_estimators': 100}"
2024-01-16 07:00:00,Neural Network,7,-0.11114270918135184,-0.014198580360723412,2022-01-16 07:00:00,2024-01-16 07:00:00,2024-01-16 07:00:00,730,1,-0.35941423956503044,0.35941423956503044,"{'regressor__model__alpha': 0.0001, 'regressor__model__hidden_layer_sizes': (64, 32), 'regressor__model__learning_rate_init': 0.0001}"
2024-01-16 07:00:00,Naive,7,-0.11114270918135184,-0.5188014965565519,2022-01-16 07:00:00,2024-01-16 07:00:00,2024-01-16 07:00:00,730,1,,,not_applicable
2024-01-17 07:00:00,Decision Tree,7,-0.5111070392664803,-0.21490178033215573,2022-01-17 07:00:00,2024-01-17 07:00:00,2024-01-17 07:00:00,730,1,-0.42290985504429074,0.42290985504429074,"{'max_depth': None, 'min_samples_leaf': 1, 'min_samples_split': 20}"
2024-01-17 07:00:00,ARX,7,-0.5111070392664803,-0.1666473557681153,2022-01-17 07:00:00,2024-01-17 07:00:00,2024-01-17 07:00:00,730,1,-0.3032104293734177,0.3032104293734177,{'model__alpha': 0.01}
2024-01-17 07:00:00,Random Forest,7,-0.5111070392664803,-0.1503240177233102,2022-01-17 07:00:00,2024-01-17 07:00:00,2024-01-17 07:00:00,730,1,-0.28640559026943707,0.28640559026943707,"{'max_depth': 10, 'max_features': 0.5, 'min_samples_leaf': 2, 'n_estimators': 100}"
2024-01-17 07:00:00,Neural Network,7,-0.5111070392664803,-0.04476814262641249,2022-01-17 07:00:00,2024-01-17 07:00:00,2024-01-17 07:00:00,730,1,-0.35941423956503044,0.35941423956503044,"{'regressor__model__alpha': 0.0001, 'regressor__model__hidden_layer_sizes': (64, 32), 'regressor__model__learning_rate_init': 0.0001}"
2024-01-17 07:00:00,Naive,7,-0.5111070392664803,-0.11114270918135184,2022-01-17 07:00:00,2024-01-17 07:00:00,2024-01-17 07:00:00,730,1,,,not_applicable
2024-01-18 07:00:00,Decision Tree,7,-0.15344874463252797,0.06058622316926924,2022-01-18 07:00:00,2024-01-18 07:00:00,2024-01-18 07:00:00,730,1,-0.42290985504429074,0.42290985504429074,"{'max_depth': None, 'min_samples_leaf': 1, 'min_samples_split': 20}"
2024-01-18 07:00:00,ARX,7,-0.15344874463252797,0.09746916944482276,2022-01-18 07:00:00,2024-01-18 07:00:00,2024-01-18 07:00:00,730,1,-0.3032104293734177,0.3032104293734177,{'model__alpha': 0.01}
2024-01-18 07:00:00,Random Forest,7,-0.15344874463252797,-0.024380314901836213,2022-01-18 07:00:00,2024-01-18 07:00:00,2024-01-18 07:00:00,730,1,-0.28640559026943707,0.28640559026943707,"{'max_depth': 10, 'max_features': 0.5, 'min_samples_leaf': 2, 'n_estimators': 100}"
2024-01-18 07:00:00,Neural Network,7,-0.15344874463252797,0.12634737840820087,2022-01-18 07:00:00,2024-01-18 07:00:00,2024-01-18 07:00:00,730,1,-0.35941423956503044,0.35941423956503044,"{'regressor__model__alpha': 0.0001, 'regressor__model__hidden_layer_sizes': (64, 32), 'regressor__model__learning_rate_init': 0.0001}"
2024-01-18 07:00:00,Naive,7,-0.15344874463252797,-0.5111070392664803,2022-01-18 07:00:00,2024-01-18 07:00:00,2024-01-18 07:00:00,730,1,,,not_applicable
2024-01-19 07:00:00,Decision Tree,7,-0.4751406274123324,-0.28888750289441417,2022-01-19 07:00:00,2024-01-19 07:00:00,2024-01-19 07:00:00,730,1,-0.42290985504429074,0.42290985504429074,"{'max_depth': None, 'min_samples_leaf': 1, 'min_samples_split': 20}"
2024-01-19 07:00:00,ARX,7,-0.4751406274123324,-0.30902412309752536,2022-01-19 07:00:00,2024-01-19 07:00:00,2024-01-19 07:00:00,730,1,-0.3032104293734177,0.3032104293734177,{'model__alpha': 0.01}
2024-01-19 07:00:00,Random Forest,7,-0.4751406274123324,-0.2145495640641965,2022-01-19 07:00:00,2024-01-19 07:00:00,2024-01-19 07:00:00,730,1,-0.28640559026943707,0.28640559026943707,"{'max_depth': 10, 'max_features': 0.5, 'min_samples_leaf': 2, 'n_estimators': 100}"
2024-01-19 07:00:00,Neural Network,7,-0.4751406274123324,-0.5114064915063911,2022-01-19 07:00:00,2024-01-19 07:00:00,2024-01-19 07:00:00,730,1,-0.35941423956503044,0.35941423956503044,"{'regressor__model__alpha': 0.0001, 'regressor__model__hidden_layer_sizes': (64, 32), 'regressor__model__learning_rate_init': 0.0001}"
2024-01-19 07:00:00,Naive,7,-0.4751406274123324,-0.15344874463252797,2022-01-19 07:00:00,2024-01-19 07:00:00,2024-01-19 07:00:00,730,1,,,not_applicable
2024-01-20 07:00:00,Decision Tree,7,-0.7136912771182871,-0.516084540048615,2022-01-20 07:00:00,2024-01-20 07:00:00,2024-01-20 07:00:00,730,1,-0.42290985504429074,0.42290985504429074,"{'max_depth': None, 'min_samples_leaf': 1, 'min_samples_split': 20}"
2024-01-20 07:00:00,ARX,7,-0.7136912771182871,-0.9220682306559576,2022-01-20 07:00:00,2024-01-20 07:00:00,2024-01-20 07:00:00,730,1,-0.3032104293734177,0.3032104293734177,{'model__alpha': 0.01}
2024-01-20 07:00:00,Random Forest,7,-0.7136912771182871,-0.6485270335463441,2022-01-20 07:00:00,2024-01-20 07:00:00,2024-01-20 07:00:00,730,1,-0.28640559026943707,0.28640559026943707,"{'max_depth': 10, 'max_features': 0.5, 'min_samples_leaf': 2, 'n_estimators': 100}"
2024-01-20 07:00:00,Neural Network,7,-0.7136912771182871,-0.8778439477441811,2022-01-20 07:00:00,2024-01-20 07:00:00,2024-01-20 07:00:00,730,1,-0.35941423956503044,0.35941423956503044,"{'regressor__model__alpha': 0.0001, 'regressor__model__hidden_layer_sizes': (64, 32), 'regressor__model__learning_rate_init': 0.0001}"
2024-01-20 07:00:00,Naive,7,-0.7136912771182871,-0.4751406274123324,2022-01-20 07:00:00,2024-01-20 07:00:00,2024-01-20 07:00:00,730,1,,,not_applicable
2024-01-21 07:00:00,Decision Tree,7,-0.947940043756301,-1.0242310852040375,2022-01-21 07:00:00,2024-01-21 07:00:00,2024-01-21 07:00:00,730,1,-0.42290985504429074,0.42290985504429074,"{'max_depth': None, 'min_samples_leaf': 1, 'min_samples_split': 20}"
2024-01-21 07:00:00,ARX,7,-0.947940043756301,-1.0688108126707196,2022-01-21 07:00:00,2024-01-21 07:00:00,2024-01-21 07:00:00,730,1,-0.3032104293734177,0.3032104293734177,{'model__alpha': 0.01}
2024-01-21 07:00:00,Random Forest,7,-0.947940043756301,-0.8594632237963843,2022-01-21 07:00:00,2024-01-21 07:00:00,2024-01-21 07:00:00,730,1,-0.28640559026943707,0.28640559026943707,"{'max_depth': 10, 'max_features': 0.5, 'min_samples_leaf': 2, 'n_estimators': 100}"
2024-01-21 07:00:00,Neural Network,7,-0.947940043756301,-0.9739885317018205,2022-01-21 07:00:00,2024-01-21 07:00:00,2024-01-21 07:00:00,730,1,-0.35941423956503044,0.35941423956503044,"{'regressor__model__alpha': 0.0001, 'regressor__model__hidden_layer_sizes': (64, 32), 'regressor__model__learning_rate_init': 0.0001}"
2024-01-21 07:00:00,Naive,7,-0.947940043756301,-0.7136912771182871,2022-01-21 07:00:00,2024-01-21 07:00:00,2024-01-21 07:00:00,730,1,,,not_applicable
2024-01-22 07:00:00,Decision Tree,7,-0.7787001465740772,-1.0197433768835824,2022-01-22 07:00:00,2024-01-22 07:00:00,2024-01-22 07:00:00,730,1,-0.42290985504429074,0.42290985504429074,"{'max_depth': None, 'min_samples_leaf': 1, 'min_samples_split': 20}"
2024-01-22 07:00:00,ARX,7,-0.7787001465740772,-0.7574756568536801,2022-01-22 07:00:00,2024-01-22 07:00:00,2024-01-22 07:00:00,730,1,-0.3032104293734177,0.3032104293734177,{'model__alpha': 0.01}
2024-01-22 07:00:00,Random Forest,7,-0.7787001465740772,-0.8458725714741074,2022-01-22 07:00:00,2024-01-22 07:00:00,2024-01-22 07:00:00,730,1,-0.28640559026943707,0.28640559026943707,"{'max_depth': 10, 'max_features': 0.5, 'min_samples_leaf': 2, 'n_estimators': 100}"
2024-01-22 07:00:00,Neural Network,7,-0.7787001465740772,-1.0016958746058793,2022-01-22 07:00:00,2024-01-22 07:00:00,2024-01-22 07:00:00,730,1,-0.35941423956503044,0.35941423956503044,"{'regressor__model__alpha': 0.0001, 'regressor__model__hidden_layer_sizes': (64, 32), 'regressor__model__learning_rate_init': 0.0001}"
2024-01-22 07:00:00,Naive,7,-0.7787001465740772,-0.947940043756301,2022-01-22 07:00:00,2024-01-22 07:00:00,2024-01-22 07:00:00,730,1,,,not_applicable
2024-01-23 07:00:00,Decision Tree,7,-0.5963276982117056,-0.530199306982163,2022-01-23 07:00:00,2024-01-23 07:00:00,2024-01-23 07:00:00,730,1,-0.42290985504429074,0.42290985504429074,"{'max_depth': None, 'min_samples_leaf': 1, 'min_samples_split': 20}"
2024-01-23 07:00:00,ARX,7,-0.5963276982117056,-0.6402704275921701,2022-01-23 07:00:00,2024-01-23 07:00:00,2024-01-23 07:00:00,730,1,-0.3032104293734177,0.3032104293734177,{'model__alpha': 0.01}
2024-01-23 07:00:00,Random Forest,7,-0.5963276982117056,-0.5919033314916728,2022-01-23 07:00:00,2024-01-23 07:00:00,2024-01-23 07:00:00,730,1,-0.28640559026943707,0.28640559026943707,"{'max_depth': 10, 'max_features': 0.5, 'min_samples_leaf': 2, 'n_estimators': 100}"
2024-01-23 07:00:00,Neural Network,7,-0.5963276982117056,-0.817392932959056,2022-01-23 07:00:00,2024-01-23 07:00:00,2024-01-23 07:00:00,730,1,-0.35941423956503044,0.35941423956503044,"{'regressor__model__alpha': 0.0001, 'regressor__model__hidden_layer_sizes': (64, 32), 'regressor__model__learning_rate_init': 0.0001}"
2024-01-23 07:00:00,Naive,7,-0.5963276982117056,-0.7787001465740772,2022-01-23 07:00:00,2024-01-23 07:00:00,2024-01-23 07:00:00,730,1,,,not_applicable
2024-01-24 07:00:00,Decision Tree,7,-0.9562816942116228,-0.5252162515899517,2022-01-24 07:00:00,2024-01-24 07:00:00,2024-01-24 07:00:00,730,1,-0.42290985504429074,0.42290985504429074,"{'max_depth': None, 'min_samples_leaf': 1, 'min_samples_split': 20}"
2024-01-24 07:00:00,ARX,7,-0.9562816942116228,-0.8678598543166132,2022-01-24 07:00:00,2024-01-24 07:00:00,2024-01-24 07:00:00,730,1,-0.3032104293734177,0.3032104293734177,{'model__alpha': 0.01}
2024-01-24 07:00:00,Random Forest,7,-0.9562816942116228,-0.8436766650960503,2022-01-24 07:00:00,2024-01-24 07:00:00,2024-01-24 07:00:00,730,1,-0.28640559026943707,0.28640559026943707,"{'max_depth': 10, 'max_features': 0.5, 'min_samples_leaf': 2, 'n_estimators': 100}"
2024-01-24 07:00:00,Neural Network,7,-0.9562816942116228,-1.150432912182716,2022-01-24 07:00:00,2024-01-24 07:00:00,2024-01-24 07:00:00,730,1,-0.35941423956503044,0.35941423956503044,"{'regressor__model__alpha': 0.0001, 'regressor__model__hidden_layer_sizes': (64, 32), 'regressor__model__learning_rate_init': 0.0001}"
2024-01-24 07:00:00,Naive,7,-0.9562816942116228,-0.5963276982117056,2022-01-24 07:00:00,2024-01-24 07:00:00,2024-01-24 07:00:00,730,1,,,not_applicable
2024-01-25 07:00:00,Decision Tree,7,-0.576940907899866,-0.32976347091448527,2022-01-25 07:00:00,2024-01-25 07:00:00,2024-01-25 07:00:00,730,1,-0.42290985504429074,0.42290985504429074,"{'max_depth': None, 'min_samples_leaf': 1, 'min_samples_split': 20}"
2024-01-25 07:00:00,ARX,7,-0.576940907899866,-0.7651486501800521,2022-01-25 07:00:00,2024-01-25 07:00:00,2024-01-25 07:00:00,730,1,-0.3032104293734177,0.3032104293734177,{'model__alpha': 0.01}
2024-01-25 07:00:00,Random Forest,7,-0.576940907899866,-0.5111191378853035,2022-01-25 07:00:00,2024-01-25 07:00:00,2024-01-25 07:00:00,730,1,-0.28640559026943707,0.28640559026943707,"{'max_depth': 10, 'max_features': 0.5, 'min_samples_leaf': 2, 'n_estimators': 100}"
2024-01-25 07:00:00,Neural Network,7,-0.576940907899866,-1.0168763571432613,2022-01-25 07:00:00,2024-01-25 07:00:00,2024-01-25 07:00:00,730,1,-0.35941423956503044,0.35941423956503044,"{'regressor__model__alpha': 0.0001, 'regressor__model__hidden_layer_sizes': (64, 32), 'regressor__model__learning_rate_init': 0.0001}"
2024-01-25 07:00:00,Naive,7,-0.576940907899866,-0.9562816942116228,2022-01-25 07:00:00,2024-01-25 07:00:00,2024-01-25 07:00:00,730,1,,,not_applicable
2024-01-26 07:00:00,Decision Tree,7,-0.6531077463457904,-0.06922935260880647,2022-01-26 07:00:00,2024-01-26 07:00:00,2024-01-26 07:00:00,730,1,-0.42290985504429074,0.42290985504429074,"{'max_depth': None, 'min_samples_leaf': 1, 'min_samples_split': 20}"
2024-01-26 07:00:00,ARX,7,-0.6531077463457904,-0.5016037254234649,2022-01-26 07:00:00,2024-01-26 07:00:00,2024-01-26 07:00:00,730,1,-0.3032104293734177,0.3032104293734177,{'model__alpha': 0.01}
2024-01-26 07:00:00,Random Forest,7,-0.6531077463457904,-0.3780935863377934,2022-01-26 07:00:00,2024-01-26 07:00:00,2024-01-26 07:00:00,730,1,-0.28640559026943707,0.28640559026943707,"{'max_depth': 10, 'max_features': 0.5, 'min_samples_leaf': 2, 'n_estimators': 100}"
2024-01-26 07:00:00,Neural Network,7,-0.6531077463457904,-0.7481500264318485,2022-01-26 07:00:00,2024-01-26 07:00:00,2024-01-26 07:00:00,730,1,-0.35941423956503044,0.35941423956503044,"{'regressor__model__alpha': 0.0001, 'regressor__model__hidden_layer_sizes': (64, 32), 'regressor__model__learning_rate_init': 0.0001}"
2024-01-26 07:00:00,Naive,7,-0.6531077463457904,-0.576940907899866,2022-01-26 07:00:00,2024-01-26 07:00:00,2024-01-26 07:00:00,730,1,,,not_applicable
2024-01-27 07:00:00,Decision Tree,7,-0.711463292294464,-1.2115035887214556,2022-01-27 07:00:00,2024-01-27 07:00:00,2024-01-27 07:00:00,730,1,-0.42290985504429074,0.42290985504429074,"{'max_depth': None, 'min_samples_leaf': 1, 'min_samples_split': 20}"
2024-01-27 07:00:00,ARX,7,-0.711463292294464,-1.0388059531438536,2022-01-27 07:00:00,2024-01-27 07:00:00,2024-01-27 07:00:00,730,1,-0.3032104293734177,0.3032104293734177,{'model__alpha': 0.01}
2024-01-27 07:00:00,Random Forest,7,-0.711463292294464,-0.8721256586480272,2022-01-27 07:00:00,2024-01-27 07:00:00,2024-01-27 07:00:00,730,1,-0.28640559026943707,0.28640559026943707,"{'max_depth': 10, 'max_features': 0.5, 'min_samples_leaf': 2, 'n_estimators': 100}"
2024-01-27 07:00:00,Neural Network,7,-0.711463292294464,-1.0074660043192483,2022-01-27 07:00:00,2024-01-27 07:00:00,2024-01-27 07:00:00,730,1,-0.35941423956503044,0.35941423956503044,"{'regressor__model__alpha': 0.0001, 'regressor__model__hidden_layer_sizes': (64, 32), 'regressor__model__learning_rate_init': 0.0001}"
2024-01-27 07:00:00,Naive,7,-0.711463292294464,-0.6531077463457904,2022-01-27 07:00:00,2024-01-27 07:00:00,2024-01-27 07:00:00,730,1,,,not_applicable
2024-01-28 07:00:00,Decision Tree,7,-0.7773396695664456,-0.5773808429680338,2022-01-28 07:00:00,2024-01-28 07:00:00,2024-01-28 07:00:00,730,1,-0.42290985504429074,0.42290985504429074,"{'max_depth': None, 'min_samples_leaf': 1, 'min_samples_split': 20}"
2024-01-28 07:00:00,ARX,7,-0.7773396695664456,-0.8557455953644151,2022-01-28 07:00:00,2024-01-28 07:00:00,2024-01-28 07:00:00,730,1,-0.3032104293734177,0.3032104293734177,{'model__alpha': 0.01}
2024-01-28 07:00:00,Random Forest,7,-0.7773396695664456,-0.7480048865513738,2022-01-28 07:00:00,2024-01-28 07:00:00,2024-01-28 07:00:00,730,1,-0.28640559026943707,0.28640559026943707,"{'max_depth': 10, 'max_features': 0.5, 'min_samples_leaf': 2, 'n_estimators': 100}"
2024-01-28 07:00:00,Neural Network,7,-0.7773396695664456,-0.6632808225914094,2022-01-28 07:00:00,2024-01-28 07:00:00,2024-01-28 07:00:00,730,1,-0.35941423956503044,0.35941423956503044,"{'regressor__model__alpha': 0.0001, 'regressor__model__hidden_layer_sizes': (64, 32), 'regressor__model__learning_rate_init': 0.0001}"
2024-01-28 07:00:00,Naive,7,-0.7773396695664456,-0.711463292294464,2022-01-28 07:00:00,2024-01-28 07:00:00,2024-01-28 07:00:00,730,1,,,not_applicable
2024-01-29 07:00:00,Decision Tree,7,-0.36595270787840156,-0.530536479313598,2022-01-29 07:00:00,2024-01-29 07:00:00,2024-01-29 07:00:00,730,1,-0.42290985504429074,0.42290985504429074,"{'max_depth': None, 'min_samples_leaf': 1, 'min_samples_split': 20}"
2024-01-29 07:00:00,ARX,7,-0.36595270787840156,-0.40404127344871976,2022-01-29 07:00:00,2024-01-29 07:00:00,2024-01-29 07:00:00,730,1,-0.3032104293734177,0.3032104293734177,{'model__alpha': 0.01}
2024-01-29 07:00:00,Random Forest,7,-0.36595270787840156,-0.3287963717457379,2022-01-29 07:00:00,2024-01-29 07:00:00,2024-01-29 07:00:00,730,1,-0.28640559026943707,0.28640559026943707,"{'max_depth': 10, 'max_features': 0.5, 'min_samples_leaf': 2, 'n_estimators': 100}"
2024-01-29 07:00:00,Neural Network,7,-0.36595270787840156,-0.37135416872368143,2022-01-29 07:00:00,2024-01-29 07:00:00,2024-01-29 07:00:00,730,1,-0.35941423956503044,0.35941423956503044,"{'regressor__model__alpha': 0.0001, 'regressor__model__hidden_layer_sizes': (64, 32), 'regressor__model__learning_rate_init': 0.0001}"
2024-01-29 07:00:00,Naive,7,-0.36595270787840156,-0.7773396695664456,2022-01-29 07:00:00,2024-01-29 07:00:00,2024-01-29 07:00:00,730,1,,,not_applicable
2024-01-30 07:00:00,Decision Tree,7,-0.4046536971026322,-0.1367790194480809,2022-01-30 07:00:00,2024-01-30 07:00:00,2024-01-30 07:00:00,730,1,-0.42290985504429074,0.42290985504429074,"{'max_depth': None, 'min_samples_leaf': 1, 'min_samples_split': 20}"
2024-01-30 07:00:00,ARX,7,-0.4046536971026322,-0.14431229383681632,2022-01-30 07:00:00,2024-01-30 07:00:00,2024-01-30 07:00:00,730,1,-0.3032104293734177,0.3032104293734177,{'model__alpha': 0.01}
2024-01-30 07:00:00,Random Forest,7,-0.4046536971026322,-0.21378438650687756,2022-01-30 07:00:00,2024-01-30 07:00:00,2024-01-30 07:00:00,730,1,-0.28640559026943707,0.28640559026943707,"{'max_depth': 10, 'max_features': 0.5, 'min_samples_leaf': 2, 'n_estimators': 100}"
2024-01-30 07:00:00,Neural Network,7,-0.4046536971026322,-0.15353502766505955,2022-01-30 07:00:00,2024-01-30 07:00:00,2024-01-30 07:00:00,730,1,-0.35941423956503044,0.35941423956503044,"{'regressor__model__alpha': 0.0001, 'regressor__model__hidden_layer_sizes': (64, 32), 'regressor__model__learning_rate_init': 0.0001}"
2024-01-30 07:00:00,Naive,7,-0.4046536971026322,-0.36595270787840156,2022-01-30 07:00:00,2024-01-30 07:00:00,2024-01-30 07:00:00,730,1,,,not_applicable
2024-01-31 07:00:00,Decision Tree,7,-0.16699768998429296,-0.15175042403827468,2022-01-31 07:00:00,2024-01-31 07:00:00,2024-01-31 07:00:00,730,1,-0.42290985504429074,0.42290985504429074,"{'max_depth': None, 'min_samples_leaf': 1, 'min_samples_split': 20}"
2024-01-31 07:00:00,ARX,7,-0.16699768998429296,-0.24513058579483804,2022-01-31 07:00:00,2024-01-31 07:00:00,2024-01-31 07:00:00,730,1,-0.3032104293734177,0.3032104293734177,{'model__alpha': 0.01}
2024-01-31 07:00:00,Random Forest,7,-0.16699768998429296,-0.27664209059081757,2022-01-31 07:00:00,2024-01-31 07:00:00,2024-01-31 07:00:00,730,1,-0.28640559026943707,0.28640559026943707,"{'max_depth': 10, 'max_features': 0.5, 'min_samples_leaf': 2, 'n_estimators': 100}"
2024-01-31 07:00:00,Neural Network,7,-0.16699768998429296,-0.30089298386185614,2022-01-31 07:00:00,2024-01-31 07:00:00,2024-01-31 07:00:00,730,1,-0.35941423956503044,0.35941423956503044,"{'regressor__model__alpha': 0.0001, 'regressor__model__hidden_layer_sizes': (64, 32), 'regressor__model__learning_rate_init': 0.0001}"
2024-01-31 07:00:00,Naive,7,-0.16699768998429296,-0.4046536971026322,2022-01-31 07:00:00,2024-01-31 07:00:00,2024-01-31 07:00:00,730,1,,,not_applicable
2024-02-01 07:00:00,Decision Tree,7,-0.4625514961579541,-0.32091494687569583,2022-02-01 07:00:00,2024-02-01 07:00:00,2024-02-01 07:00:00,730,1,-0.42290985504429074,0.42290985504429074,"{'max_depth': None, 'min_samples_leaf': 1, 'min_samples_split': 20}"
2024-02-01 07:00:00,ARX,7,-0.4625514961579541,-0.6365982958651406,2022-02-01 07:00:00,2024-02-01 07:00:00,2024-02-01 07:00:00,730,1,-0.3032104293734177,0.3032104293734177,{'model__alpha': 0.01}
2024-02-01 07:00:00,Random Forest,7,-0.4625514961579541,-0.46835351667701636,2022-02-01 07:00:00,2024-02-01 07:00:00,2024-02-01 07:00:00,730,1,-0.28640559026943707,0.28640559026943707,"{'max_depth': 10, 'max_features': 0.5, 'min_samples_leaf': 2, 'n_estimators': 100}"
2024-02-01 07:00:00,Neural Network,7,-0.4625514961579541,-0.540397059492741,2022-02-01 07:00:00,2024-02-01 07:00:00,2024-02-01 07:00:00,730,1,-0.35941423956503044,0.35941423956503044,"{'regressor__model__alpha': 0.0001, 'regressor__model__hidden_layer_sizes': (64, 32), 'regressor__model__learning_rate_init': 0.0001}"
2024-02-01 07:00:00,Naive,7,-0.4625514961579541,-0.16699768998429296,2022-02-01 07:00:00,2024-02-01 07:00:00,2024-02-01 07:00:00,730,1,,,not_applicable
2024-02-02 07:00:00,Decision Tree,7,-0.5748537059298454,-0.31877841617630764,2022-02-02 07:00:00,2024-02-02 07:00:00,2024-02-02 07:00:00,730,1,-0.42290985504429074,0.42290985504429074,"{'max_depth': None, 'min_samples_leaf': 1, 'min_samples_split': 20}"
2024-02-02 07:00:00,ARX,7,-0.5748537059298454,-0.44126323618245633,2022-02-02 07:00:00,2024-02-02 07:00:00,2024-02-02 07:00:00,730,1,-0.3032104293734177,0.3032104293734177,{'model__alpha': 0.01}
2024-02-02 07:00:00,Random Forest,7,-0.5748537059298454,-0.3549756709064528,2022-02-02 07:00:00,2024-02-02 07:00:00,2024-02-02 07:00:00,730,1,-0.28640559026943707,0.28640559026943707,"{'max_depth': 10, 'max_features': 0.5, 'min_samples_leaf': 2, 'n_estimators': 100}"
2024-02-02 07:00:00,Neural Network,7,-0.5748537059298454,-0.3721209130005352,2022-02-02 07:00:00,2024-02-02 07:00:00,2024-02-02 07:00:00,730,1,-0.35941423956503044,0.35941423956503044,"{'regressor__model__alpha': 0.0001, 'regressor__model__hidden_layer_sizes': (64, 32), 'regressor__model__learning_rate_init': 0.0001}"
2024-02-02 07:00:00,Naive,7,-0.5748537059298454,-0.4625514961579541,2022-02-02 07:00:00,2024-02-02 07:00:00,2024-02-02 07:00:00,730,1,,,not_applicable
2024-02-03 07:00:00,Decision Tree,7,-1.0225629101507265,-1.1382242607744926,2022-02-03 07:00:00,2024-02-03 07:00:00,2024-02-03 07:00:00,730,1,-0.42290985504429074,0.42290985504429074,"{'max_depth': None, 'min_samples_leaf': 1, 'min_samples_split': 20}"
2024-02-03 07:00:00,ARX,7,-1.0225629101507265,-1.209247400871764,2022-02-03 07:00:00,2024-02-03 07:00:00,2024-02-03 07:00:00,730,1,-0.3032104293734177,0.3032104293734177,{'model__alpha': 0.01}
2024-02-03 07:00:00,Random Forest,7,-1.0225629101507265,-0.9185182394263722,2022-02-03 07:00:00,2024-02-03 07:00:00,2024-02-03 07:00:00,730,1,-0.28640559026943707,0.28640559026943707,"{'max_depth': 10, 'max_features': 0.5, 'min_samples_leaf': 2, 'n_estimators': 100}"
2024-02-03 07:00:00,Neural Network,7,-1.0225629101507265,-0.9691141731401232,2022-02-03 07:00:00,2024-02-03 07:00:00,2024-02-03 07:00:00,730,1,-0.35941423956503044,0.35941423956503044,"{'regressor__model__alpha': 0.0001, 'regressor__model__hidden_layer_sizes': (64, 32), 'regressor__model__learning_rate_init': 0.0001}"
2024-02-03 07:00:00,Naive,7,-1.0225629101507265,-0.5748537059298454,2022-02-03 07:00:00,2024-02-03 07:00:00,2024-02-03 07:00:00,730,1,,,not_applicable
2024-02-04 07:00:00,Decision Tree,7,-1.2904836908853838,-0.8502679425478582,2022-02-04 07:00:00,2024-02-04 07:00:00,2024-02-04 07:00:00,730,1,-0.42290985504429074,0.42290985504429074,"{'max_depth': None, 'min_samples_leaf': 1, 'min_samples_split': 20}"
2024-02-04 07:00:00,ARX,7,-1.2904836908853838,-1.3444566729512184,2022-02-04 07:00:00,2024-02-04 07:00:00,2024-02-04 07:00:00,730,1,-0.3032104293734177,0.3032104293734177,{'model__alpha': 0.01}
2024-02-04 07:00:00,Random Forest,7,-1.2904836908853838,-1.0417257973255365,2022-02-04 07:00:00,2024-02-04 07:00:00,2024-02-04 07:00:00,730,1,-0.28640559026943707,0.28640559026943707,"{'max_depth': 10, 'max_features': 0.5, 'min_samples_leaf': 2, 'n_estimators': 100}"
2024-02-04 07:00:00,Neural Network,7,-1.2904836908853838,-1.1494438105057234,2022-02-04 07:00:00,2024-02-04 07:00:00,2024-02-04 07:00:00,730,1,-0.35941423956503044,0.35941423956503044,"{'regressor__model__alpha': 0.0001, 'regressor__model__hidden_layer_sizes': (64, 32), 'regressor__model__learning_rate_init': 0.0001}"
2024-02-04 07:00:00,Naive,7,-1.2904836908853838,-1.0225629101507265,2022-02-04 07:00:00,2024-02-04 07:00:00,2024-02-04 07:00:00,730,1,,,not_applicable
2024-02-05 07:00:00,Decision Tree,7,-0.7739397414742946,-1.2407831226487291,2022-02-05 07:00:00,2024-02-05 07:00:00,2024-02-05 07:00:00,730,1,-0.42290985504429074,0.42290985504429074,"{'max_depth': None, 'min_samples_leaf': 1, 'min_samples_split': 20}"
2024-02-05 07:00:00,ARX,7,-0.7739397414742946,-0.9118387009314237,2022-02-05 07:00:00,2024-02-05 07:00:00,2024-02-05 07:00:00,730,1,-0.3032104293734177,0.3032104293734177,{'model__alpha': 0.01}
2024-02-05 07:00:00,Random Forest,7,-0.7739397414742946,-0.8717278900676139,2022-02-05 07:00:00,2024-02-05 07:00:00,2024-02-05 07:00:00,730,1,-0.28640559026943707,0.28640559026943707,"{'max_depth': 10, 'max_features': 0.5, 'min_samples_leaf': 2, 'n_estimators': 100}"
2024-02-05 07:00:00,Neural Network,7,-0.7739397414742946,-0.9644535951865046,2022-02-05 07:00:00,2024-02-05 07:00:00,2024-02-05 07:00:00,730,1,-0.35941423956503044,0.35941423956503044,"{'regressor__model__alpha': 0.0001, 'regressor__model__hidden_layer_sizes': (64, 32), 'regressor__model__learning_rate_init': 0.0001}"
2024-02-05 07:00:00,Naive,7,-0.7739397414742946,-1.2904836908853838,2022-02-05 07:00:00,2024-02-05 07:00:00,2024-02-05 07:00:00,730,1,,,not_applicable
2024-02-06 07:00:00,Decision Tree,7,-0.6688837376417557,-0.5346078663974658,2022-02-06 07:00:00,2024-02-06 07:00:00,2024-02-06 07:00:00,730,1,-0.42290985504429074,0.42290985504429074,"{'max_depth': None, 'min_samples_leaf': 1, 'min_samples_split': 20}"
2024-02-06 07:00:00,ARX,7,-0.6688837376417557,-0.7250709217376627,2022-02-06 07:00:00,2024-02-06 07:00:00,2024-02-06 07:00:00,730,1,-0.3032104293734177,0.3032104293734177,{'model__alpha': 0.01}
2024-02-06 07:00:00,Random Forest,7,-0.6688837376417557,-0.6122426259360882,2022-02-06 07:00:00,2024-02-06 07:00:00,2024-02-06 07:00:00,730,1,-0.28640559026943707,0.28640559026943707,"{'max_depth': 10, 'max_features': 0.5, 'min_samples_leaf': 2, 'n_estimators': 100}"
2024-02-06 07:00:00,Neural Network,7,-0.6688837376417557,-0.9204941298502975,2022-02-06 07:00:00,2024-02-06 07:00:00,2024-02-06 07:00:00,730,1,-0.35941423956503044,0.35941423956503044,"{'regressor__model__alpha': 0.0001, 'regressor__model__hidden_layer_sizes': (64, 32), 'regressor__model__learning_rate_init': 0.0001}"
2024-02-06 07:00:00,Naive,7,-0.6688837376417557,-0.7739397414742946,2022-02-06 07:00:00,2024-02-06 07:00:00,2024-02-06 07:00:00,730,1,,,not_applicable
2024-02-07 07:00:00,Decision Tree,7,-0.44309112179411264,-0.5201778520544438,2022-02-07 07:00:00,2024-02-07 07:00:00,2024-02-07 07:00:00,730,1,-0.42290985504429074,0.42290985504429074,"{'max_depth': None, 'min_samples_leaf': 1, 'min_samples_split': 20}"
2024-02-07 07:00:00,ARX,7,-0.44309112179411264,-0.6588044328105593,2022-02-07 07:00:00,2024-02-07 07:00:00,2024-02-07 07:00:00,730,1,-0.3032104293734177,0.3032104293734177,{'model__alpha': 0.01}
2024-02-07 07:00:00,Random Forest,7,-0.44309112179411264,-0.5445453603046553,2022-02-07 07:00:00,2024-02-07 07:00:00,2024-02-07 07:00:00,730,1,-0.28640559026943707,0.28640559026943707,"{'max_depth': 10, 'max_features': 0.5, 'min_samples_leaf': 2, 'n_estimators': 100}"
2024-02-07 07:00:00,Neural Network,7,-0.44309112179411264,-0.8366978169830129,2022-02-07 07:00:00,2024-02-07 07:00:00,2024-02-07 07:00:00,730,1,-0.35941423956503044,0.35941423956503044,"{'regressor__model__alpha': 0.0001, 'regressor__model__hidden_layer_sizes': (64, 32), 'regressor__model__learning_rate_init': 0.0001}"
2024-02-07 07:00:00,Naive,7,-0.44309112179411264,-0.6688837376417557,2022-02-07 07:00:00,2024-02-07 07:00:00,2024-02-07 07:00:00,730,1,,,not_applicable
2024-02-08 07:00:00,Decision Tree,7,-0.12853874039374716,-0.09919739938166357,2022-02-08 07:00:00,2024-02-08 07:00:00,2024-02-08 07:00:00,730,1,-0.42290985504429074,0.42290985504429074,"{'max_depth': None, 'min_samples_leaf': 1, 'min_samples_split': 20}"
2024-02-08 07:00:00,ARX,7,-0.12853874039374716,-0.09020875805855966,2022-02-08 07:00:00,2024-02-08 07:00:00,2024-02-08 07:00:00,730,1,-0.3032104293734177,0.3032104293734177,{'model__alpha': 0.01}
2024-02-08 07:00:00,Random Forest,7,-0.12853874039374716,-0.09933307920043742,2022-02-08 07:00:00,2024-02-08 07:00:00,2024-02-08 07:00:00,730,1,-0.28640559026943707,0.28640559026943707,"{'max_depth': 10, 'max_features': 0.5, 'min_samples_leaf': 2, 'n_estimators': 100}"
2024-02-08 07:00:00,Neural Network,7,-0.12853874039374716,-0.17669256555345936,2022-02-08 07:00:00,2024-02-08 07:00:00,2024-02-08 07:00:00,730,1,-0.35941423956503044,0.35941423956503044,"{'regressor__model__alpha': 0.0001, 'regressor__model__hidden_layer_sizes': (64, 32), 'regressor__model__learning_rate_init': 0.0001}"
2024-02-08 07:00:00,Naive,7,-0.12853874039374716,-0.44309112179411264,2022-02-08 07:00:00,2024-02-08 07:00:00,2024-02-08 07:00:00,730,1,,,not_applicable
2024-02-09 07:00:00,Decision Tree,7,-0.6813063977057333,-0.36793835581908907,2022-02-09 07:00:00,2024-02-09 07:00:00,2024-02-09 07:00:00,730,1,-0.42290985504429074,0.42290985504429074,"{'max_depth': None, 'min_samples_leaf': 1, 'min_samples_split': 20}"
2024-02-09 07:00:00,ARX,7,-0.6813063977057333,-0.5702404229589917,2022-02-09 07:00:00,2024-02-09 07:00:00,2024-02-09 07:00:00,730,1,-0.3032104293734177,0.3032104293734177,{'model__alpha': 0.01}
2024-02-09 07:00:00,Random Forest,7,-0.6813063977057333,-0.4639212947357685,2022-02-09 07:00:00,2024-02-09 07:00:00,2024-02-09 07:00:00,730,1,-0.28640559026943707,0.28640559026943707,"{'max_depth': 10, 'max_features': 0.5, 'min_samples_leaf': 2, 'n_estimators': 100}"
2024-02-09 07:00:00,Neural Network,7,-0.6813063977057333,-0.6190395054770665,2022-02-09 07:00:00,2024-02-09 07:00:00,2024-02-09 07:00:00,730,1,-0.35941423956503044,0.35941423956503044,"{'regressor__model__alpha': 0.0001, 'regressor__model__hidden_layer_sizes': (64, 32), 'regressor__model__learning_rate_init': 0.0001}"
2024-02-09 07:00:00,Naive,7,-0.6813063977057333,-0.12853874039374716,2022-02-09 07:00:00,2024-02-09 07:00:00,2024-02-09 07:00:00,730,1,,,not_applicable
2024-02-10 07:00:00,Decision Tree,7,-0.5858977090665843,-0.3793493778518217,2022-02-10 07:00:00,2024-02-10 07:00:00,2024-02-10 07:00:00,730,1,-0.42290985504429074,0.42290985504429074,"{'max_depth': None, 'min_samples_leaf': 1, 'min_samples_split': 20}"
2024-02-10 07:00:00,ARX,7,-0.5858977090665843,-0.6452760972992195,2022-02-10 07:00:00,2024-02-10 07:00:00,2024-02-10 07:00:00,730,1,-0.3032104293734177,0.3032104293734177,{'model__alpha': 0.01}
2024-02-10 07:00:00,Random Forest,7,-0.5858977090665843,-0.4978106413825056,2022-02-10 07:00:00,2024-02-10 07:00:00,2024-02-10 07:00:00,730,1,-0.28640559026943707,0.28640559026943707,"{'max_depth': 10, 'max_features': 0.5, 'min_samples_leaf': 2, 'n_estimators': 100}"
2024-02-10 07:00:00,Neural Network,7,-0.5858977090665843,-0.6207711577029817,2022-02-10 07:00:00,2024-02-10 07:00:00,2024-02-10 07:00:00,730,1,-0.35941423956503044,0.35941423956503044,"{'regressor__model__alpha': 0.0001, 'regressor__model__hidden_layer_sizes': (64, 32), 'regressor__model__learning_rate_init': 0.0001}"
2024-02-10 07:00:00,Naive,7,-0.5858977090665843,-0.6813063977057333,2022-02-10 07:00:00,2024-02-10 07:00:00,2024-02-10 07:00:00,730,1,,,not_applicable
2024-02-11 07:00:00,Decision Tree,7,-0.8263721692669059,-0.7386100936249811,2022-02-11 07:00:00,2024-02-11 07:00:00,2024-02-11 07:00:00,730,1,-0.42290985504429074,0.42290985504429074,"{'max_depth': None, 'min_samples_leaf': 1, 'min_samples_split': 20}"
2024-02-11 07:00:00,ARX,7,-0.8263721692669059,-1.0294638287266826,2022-02-11 07:00:00,2024-02-11 07:00:00,2024-02-11 07:00:00,730,1,-0.3032104293734177,0.3032104293734177,{'model__alpha': 0.01}
2024-02-11 07:00:00,Random Forest,7,-0.8263721692669059,-0.8450331389026765,2022-02-11 07:00:00,2024-02-11 07:00:00,2024-02-11 07:00:00,730,1,-0.28640559026943707,0.28640559026943707,"{'max_depth': 10, 'max_features': 0.5, 'min_samples_leaf': 2, 'n_estimators': 100}"
2024-02-11 07:00:00,Neural Network,7,-0.8263721692669059,-1.0388137473922878,2022-02-11 07:00:00,2024-02-11 07:00:00,2024-02-11 07:00:00,730,1,-0.35941423956503044,0.35941423956503044,"{'regressor__model__alpha': 0.0001, 'regressor__model__hidden_layer_sizes': (64, 32), 'regressor__model__learning_rate_init': 0.0001}"
2024-02-11 07:00:00,Naive,7,-0.8263721692669059,-0.5858977090665843,2022-02-11 07:00:00,2024-02-11 07:00:00,2024-02-11 07:00:00,730,1,,,not_applicable
2024-02-12 07:00:00,Decision Tree,7,-0.45055471311135387,-0.09717986466009054,2022-02-12 07:00:00,2024-02-12 07:00:00,2024-02-12 07:00:00,730,1,-0.42290985504429074,0.42290985504429074,"{'max_depth': None, 'min_samples_leaf': 1, 'min_samples_split': 20}"
2024-02-12 07:00:00,ARX,7,-0.45055471311135387,-0.2561086273140818,2022-02-12 07:00:00,2024-02-12 07:00:00,2024-02-12 07:00:00,730,1,-0.3032104293734177,0.3032104293734177,{'model__alpha': 0.01}
2024-02-12 07:00:00,Random Forest,7,-0.45055471311135387,-0.26150473815972247,2022-02-12 07:00:00,2024-02-12 07:00:00,2024-02-12 07:00:00,730,1,-0.28640559026943707,0.28640559026943707,"{'max_depth': 10, 'max_features': 0.5, 'min_samples_leaf': 2, 'n_estimators': 100}"
2024-02-12 07:00:00,Neural Network,7,-0.45055471311135387,-0.22172939386807267,2022-02-12 07:00:00,2024-02-12 07:00:00,2024-02-12 07:00:00,730,1,-0.35941423956503044,0.35941423956503044,"{'regressor__model__alpha': 0.0001, 'regressor__model__hidden_layer_sizes': (64, 32), 'regressor__model__learning_rate_init': 0.0001}"
2024-02-12 07:00:00,Naive,7,-0.45055471311135387,-0.8263721692669059,2022-02-12 07:00:00,2024-02-12 07:00:00,2024-02-12 07:00:00,730,1,,,not_applicable
2024-02-13 07:00:00,Decision Tree,7,-0.4903364454801711,-0.3796024022438894,2022-02-13 07:00:00,2024-02-13 07:00:00,2024-02-13 07:00:00,730,1,-0.42290985504429074,0.42290985504429074,"{'max_depth': None, 'min_samples_leaf': 1, 'min_samples_split': 20}"
2024-02-13 07:00:00,ARX,7,-0.4903364454801711,-0.3612238445402022,2022-02-13 07:00:00,2024-02-13 07:00:00,2024-02-13 07:00:00,730,1,-0.3032104293734177,0.3032104293734177,{'model__alpha': 0.01}
2024-02-13 07:00:00,Random Forest,7,-0.4903364454801711,-0.3576374059249896,2022-02-13 07:00:00,2024-02-13 07:00:00,2024-02-13 07:00:00,730,1,-0.28640559026943707,0.28640559026943707,"{'max_depth': 10, 'max_features': 0.5, 'min_samples_leaf': 2, 'n_estimators': 100}"
2024-02-13 07:00:00,Neural Network,7,-0.4903364454801711,-0.29160257663381084,2022-02-13 07:00:00,2024-02-13 07:00:00,2024-02-13 07:00:00,730,1,-0.35941423956503044,0.35941423956503044,"{'regressor__model__alpha': 0.0001, 'regressor__model__hidden_layer_sizes': (64, 32), 'regressor__model__learning_rate_init': 0.0001}"
2024-02-13 07:00:00,Naive,7,-0.4903364454801711,-0.45055471311135387,2022-02-13 07:00:00,2024-02-13 07:00:00,2024-02-13 07:00:00,730,1,,,not_applicable
2024-02-14 07:00:00,Decision Tree,7,-0.6055857841573966,-0.0772811508418013,2022-02-14 07:00:00,2024-02-14 07:00:00,2024-02-14 07:00:00,730,1,-0.42290985504429074,0.42290985504429074,"{'max_depth': None, 'min_samples_leaf': 1, 'min_samples_split': 20}"
2024-02-14 07:00:00,ARX,7,-0.6055857841573966,-0.34902598495312986,2022-02-14 07:00:00,2024-02-14 07:00:00,2024-02-14 07:00:00,730,1,-0.3032104293734177,0.3032104293734177,{'model__alpha': 0.01}
2024-02-14 07:00:00,Random Forest,7,-0.6055857841573966,-0.32839435158312696,2022-02-14 07:00:00,2024-02-14 07:00:00,2024-02-14 07:00:00,730,1,-0.28640559026943707,0.28640559026943707,"{'max_depth': 10, 'max_features': 0.5, 'min_samples_leaf': 2, 'n_estimators': 100}"
2024-02-14 07:00:00,Neural Network,7,-0.6055857841573966,-0.1948468712078163,2022-02-14 07:00:00,2024-02-14 07:00:00,2024-02-14 07:00:00,730,1,-0.35941423956503044,0.35941423956503044,"{'regressor__model__alpha': 0.0001, 'regressor__model__hidden_layer_sizes': (64, 32), 'regressor__model__learning_rate_init': 0.0001}"
2024-02-14 07:00:00,Naive,7,-0.6055857841573966,-0.4903364454801711,2022-02-14 07:00:00,2024-02-14 07:00:00,2024-02-14 07:00:00,730,1,,,not_applicable
2024-02-15 07:00:00,Decision Tree,7,-0.49612568737889323,-0.11608026004101143,2022-02-15 07:00:00,2024-02-15 07:00:00,2024-02-15 07:00:00,730,1,-0.42290985504429074,0.42290985504429074,"{'max_depth': None, 'min_samples_leaf': 1, 'min_samples_split': 20}"
2024-02-15 07:00:00,ARX,7,-0.49612568737889323,-0.3142482734286579,2022-02-15 07:00:00,2024-02-15 07:00:00,2024-02-15 07:00:00,730,1,-0.3032104293734177,0.3032104293734177,{'model__alpha': 0.01}
2024-02-15 07:00:00,Random Forest,7,-0.49612568737889323,-0.33745679597847056,2022-02-15 07:00:00,2024-02-15 07:00:00,2024-02-15 07:00:00,730,1,-0.28640559026943707,0.28640559026943707,"{'max_depth': 10, 'max_features': 0.5, 'min_samples_leaf': 2, 'n_estimators': 100}"
2024-02-15 07:00:00,Neural Network,7,-0.49612568737889323,-0.13080872905580854,2022-02-15 07:00:00,2024-02-15 07:00:00,2024-02-15 07:00:00,730,1,-0.35941423956503044,0.35941423956503044,"{'regressor__model__alpha': 0.0001, 'regressor__model__hidden_layer_sizes': (64, 32), 'regressor__model__learning_rate_init': 0.0001}"
2024-02-15 07:00:00,Naive,7,-0.49612568737889323,-0.6055857841573966,2022-02-15 07:00:00,2024-02-15 07:00:00,2024-02-15 07:00:00,730,1,,,not_applicable
2024-02-16 07:00:00,Decision Tree,7,-0.6418068633647562,-0.4318932918270329,2022-02-16 07:00:00,2024-02-16 07:00:00,2024-02-16 07:00:00,730,1,-0.42290985504429074,0.42290985504429074,"{'max_depth': None, 'min_samples_leaf': 1, 'min_samples_split': 20}"
2024-02-16 07:00:00,ARX,7,-0.6418068633647562,-0.5931174445601136,2022-02-16 07:00:00,2024-02-16 07:00:00,2024-02-16 07:00:00,730,1,-0.3032104293734177,0.3032104293734177,{'model__alpha': 0.01}
2024-02-16 07:00:00,Random Forest,7,-0.6418068633647562,-0.49371249010237356,2022-02-16 07:00:00,2024-02-16 07:00:00,2024-02-16 07:00:00,730,1,-0.28640559026943707,0.28640559026943707,"{'max_depth': 10, 'max_features': 0.5, 'min_samples_leaf': 2, 'n_estimators': 100}"
2024-02-16 07:00:00,Neural Network,7,-0.6418068633647562,-0.5208686938858424,2022-02-16 07:00:00,2024-02-16 07:00:00,2024-02-16 07:00:00,730,1,-0.35941423956503044,0.35941423956503044,"{'regressor__model__alpha': 0.0001, 'regressor__model__hidden_layer_sizes': (64, 32), 'regressor__model__learning_rate_init': 0.0001}"
2024-02-16 07:00:00,Naive,7,-0.6418068633647562,-0.49612568737889323,2022-02-16 07:00:00,2024-02-16 07:00:00,2024-02-16 07:00:00,730,1,,,not_applicable
2024-02-17 07:00:00,Decision Tree,7,-0.7791443351253444,-0.7448788133136899,2022-02-17 07:00:00,2024-02-17 07:00:00,2024-02-17 07:00:00,730,1,-0.42290985504429074,0.42290985504429074,"{'max_depth': None, 'min_samples_leaf': 1, 'min_samples_split': 20}"
2024-02-17 07:00:00,ARX,7,-0.7791443351253444,-0.8793724366021071,2022-02-17 07:00:00,2024-02-17 07:00:00,2024-02-17 07:00:00,730,1,-0.3032104293734177,0.3032104293734177,{'model__alpha': 0.01}
2024-02-17 07:00:00,Random Forest,7,-0.7791443351253444,-0.7672419809972634,2022-02-17 07:00:00,2024-02-17 07:00:00,2024-02-17 07:00:00,730,1,-0.28640559026943707,0.28640559026943707,"{'max_depth': 10, 'max_features': 0.5, 'min_samples_leaf': 2, 'n_estimators': 100}"
2024-02-17 07:00:00,Neural Network,7,-0.7791443351253444,-0.6377770514780602,2022-02-17 07:00:00,2024-02-17 07:00:00,2024-02-17 07:00:00,730,1,-0.35941423956503044,0.35941423956503044,"{'regressor__model__alpha': 0.0001, 'regressor__model__hidden_layer_sizes': (64, 32), 'regressor__model__learning_rate_init': 0.0001}"
2024-02-17 07:00:00,Naive,7,-0.7791443351253444,-0.6418068633647562,2022-02-17 07:00:00,2024-02-17 07:00:00,2024-02-17 07:00:00,730,1,,,not_applicable
2024-02-18 07:00:00,Decision Tree,7,-0.8610772395667319,-0.7471631814344668,2022-02-18 07:00:00,2024-02-18 07:00:00,2024-02-18 07:00:00,730,1,-0.42290985504429074,0.42290985504429074,"{'max_depth': None, 'min_samples_leaf': 1, 'min_samples_split': 20}"
2024-02-18 07:00:00,ARX,7,-0.8610772395667319,-0.9673981182081929,2022-02-18 07:00:00,2024-02-18 07:00:00,2024-02-18 07:00:00,730,1,-0.3032104293734177,0.3032104293734177,{'model__alpha': 0.01}
2024-02-18 07:00:00,Random Forest,7,-0.8610772395667319,-0.7746078680203686,2022-02-18 07:00:00,2024-02-18 07:00:00,2024-02-18 07:00:00,730,1,-0.28640559026943707,0.28640559026943707,"{'max_depth': 10, 'max_features': 0.5, 'min_samples_leaf': 2, 'n_estimators': 100}"
2024-02-18 07:00:00,Neural Network,7,-0.8610772395667319,-0.718872641251657,2022-02-18 07:00:00,2024-02-18 07:00:00,2024-02-18 07:00:00,730,1,-0.35941423956503044,0.35941423956503044,"{'regressor__model__alpha': 0.0001, 'regressor__model__hidden_layer_sizes': (64, 32), 'regressor__model__learning_rate_init': 0.0001}"
2024-02-18 07:00:00,Naive,7,-0.8610772395667319,-0.7791443351253444,2022-02-18 07:00:00,2024-02-18 07:00:00,2024-02-18 07:00:00,730,1,,,not_applicable
2024-02-19 07:00:00,Decision Tree,7,-0.5220016837356739,-0.550140968517094,2022-02-19 07:00:00,2024-02-19 07:00:00,2024-02-19 07:00:00,730,1,-0.42290985504429074,0.42290985504429074,"{'max_depth': None, 'min_samples_leaf': 1, 'min_samples_split': 20}"
2024-02-19 07:00:00,ARX,7,-0.5220016837356739,-0.41688584870948153,2022-02-19 07:00:00,2024-02-19 07:00:00,2024-02-19 07:00:00,730,1,-0.3032104293734177,0.3032104293734177,{'model__alpha': 0.01}
2024-02-19 07:00:00,Random Forest,7,-0.5220016837356739,-0.4947874299917945,2022-02-19 07:00:00,2024-02-19 07:00:00,2024-02-19 07:00:00,730,1,-0.28640559026943707,0.28640559026943707,"{'max_depth': 10, 'max_features': 0.5, 'min_samples_leaf': 2, 'n_estimators': 100}"
2024-02-19 07:00:00,Neural Network,7,-0.5220016837356739,-0.42254109379452753,2022-02-19 07:00:00,2024-02-19 07:00:00,2024-02-19 07:00:00,730,1,-0.35941423956503044,0.35941423956503044,"{'regressor__model__alpha': 0.0001, 'regressor__model__hidden_layer_sizes': (64, 32), 'regressor__model__learning_rate_init': 0.0001}"
2024-02-19 07:00:00,Naive,7,-0.5220016837356739,-0.8610772395667319,2022-02-19 07:00:00,2024-02-19 07:00:00,2024-02-19 07:00:00,730,1,,,not_applicable
2024-02-20 07:00:00,Decision Tree,7,-0.4037416354081743,-0.5486599535285982,2022-02-20 07:00:00,2024-02-20 07:00:00,2024-02-20 07:00:00,730,1,-0.42290985504429074,0.42290985504429074,"{'max_depth': None, 'min_samples_leaf': 1, 'min_samples_split': 20}"
2024-02-20 07:00:00,ARX,7,-0.4037416354081743,-0.34028541252887634,2022-02-20 07:00:00,2024-02-20 07:00:00,2024-02-20 07:00:00,730,1,-0.3032104293734177,0.3032104293734177,{'model__alpha': 0.01}
2024-02-20 07:00:00,Random Forest,7,-0.4037416354081743,-0.48402229435225985,2022-02-20 07:00:00,2024-02-20 07:00:00,2024-02-20 07:00:00,730,1,-0.28640559026943707,0.28640559026943707,"{'max_depth': 10, 'max_features': 0.5, 'min_samples_leaf': 2, 'n_estimators': 100}"
2024-02-20 07:00:00,Neural Network,7,-0.4037416354081743,-0.2734048577106787,2022-02-20 07:00:00,2024-02-20 07:00:00,2024-02-20 07:00:00,730,1,-0.35941423956503044,0.35941423956503044,"{'regressor__model__alpha': 0.0001, 'regressor__model__hidden_layer_sizes': (64, 32), 'regressor__model__learning_rate_init': 0.0001}"
2024-02-20 07:00:00,Naive,7,-0.4037416354081743,-0.5220016837356739,2022-02-20 07:00:00,2024-02-20 07:00:00,2024-02-20 07:00:00,730,1,,,not_applicable
2024-02-21 07:00:00,Decision Tree,7,-0.49363747419076354,-0.5760136386975024,2022-02-21 07:00:00,2024-02-21 07:00:00,2024-02-21 07:00:00,730,1,-0.42290985504429074,0.42290985504429074,"{'max_depth': None, 'min_samples_leaf': 1, 'min_samples_split': 20}"
2024-02-21 07:00:00,ARX,7,-0.49363747419076354,-0.5375419831152138,2022-02-21 07:00:00,2024-02-21 07:00:00,2024-02-21 07:00:00,730,1,-0.3032104293734177,0.3032104293734177,{'model__alpha': 0.01}
2024-02-21 07:00:00,Random Forest,7,-0.49363747419076354,-0.5327165388368301,2022-02-21 07:00:00,2024-02-21 07:00:00,2024-02-21 07:00:00,730,1,-0.28640559026943707,0.28640559026943707,"{'max_depth': 10, 'max_features': 0.5, 'min_samples_leaf': 2, 'n_estimators': 100}"
2024-02-21 07:00:00,Neural Network,7,-0.49363747419076354,-0.47890184348593534,2022-02-21 07:00:00,2024-02-21 07:00:00,2024-02-21 07:00:00,730,1,-0.35941423956503044,0.35941423956503044,"{'regressor__model__alpha': 0.0001, 'regressor__model__hidden_layer_sizes': (64, 32), 'regressor__model__learning_rate_init': 0.0001}"
2024-02-21 07:00:00,Naive,7,-0.49363747419076354,-0.4037416354081743,2022-02-21 07:00:00,2024-02-21 07:00:00,2024-02-21 07:00:00,730,1,,,not_applicable
2024-02-22 07:00:00,Decision Tree,7,-0.552140950095245,-0.575470875732358,2022-02-22 07:00:00,2024-02-22 07:00:00,2024-02-22 07:00:00,730,1,-0.42290985504429074,0.42290985504429074,"{'max_depth': None, 'min_samples_leaf': 1, 'min_samples_split': 20}"
2024-02-22 07:00:00,ARX,7,-0.552140950095245,-0.6588828624935388,2022-02-22 07:00:00,2024-02-22 07:00:00,2024-02-22 07:00:00,730,1,-0.3032104293734177,0.3032104293734177,{'model__alpha': 0.01}
2024-02-22 07:00:00,Random Forest,7,-0.552140950095245,-0.5145272874934297,2022-02-22 07:00:00,2024-02-22 07:00:00,2024-02-22 07:00:00,730,1,-0.28640559026943707,0.28640559026943707,"{'max_depth': 10, 'max_features': 0.5, 'min_samples_leaf': 2, 'n_estimators': 100}"
2024-02-22 07:00:00,Neural Network,7,-0.552140950095245,-0.5315822702664942,2022-02-22 07:00:00,2024-02-22 07:00:00,2024-02-22 07:00:00,730,1,-0.35941423956503044,0.35941423956503044,"{'regressor__model__alpha': 0.0001, 'regressor__model__hidden_layer_sizes': (64, 32), 'regressor__model__learning_rate_init': 0.0001}"
2024-02-22 07:00:00,Naive,7,-0.552140950095245,-0.49363747419076354,2022-02-22 07:00:00,2024-02-22 07:00:00,2024-02-22 07:00:00,730,1,,,not_applicable
2024-02-23 07:00:00,Decision Tree,7,-0.7724252276702746,-0.7602208207628748,2022-02-23 07:00:00,2024-02-23 07:00:00,2024-02-23 07:00:00,730,1,-0.42290985504429074,0.42290985504429074,"{'max_depth': None, 'min_samples_leaf': 1, 'min_samples_split': 20}"
2024-02-23 07:00:00,ARX,7,-0.7724252276702746,-1.044063328448693,2022-02-23 07:00:00,2024-02-23 07:00:00,2024-02-23 07:00:00,730,1,-0.3032104293734177,0.3032104293734177,{'model__alpha': 0.01}
2024-02-23 07:00:00,Random Forest,7,-0.7724252276702746,-0.6637720586673355,2022-02-23 07:00:00,2024-02-23 07:00:00,2024-02-23 07:00:00,730,1,-0.28640559026943707,0.28640559026943707,"{'max_depth': 10, 'max_features': 0.5, 'min_samples_leaf': 2, 'n_estimators': 100}"
2024-02-23 07:00:00,Neural Network,7,-0.7724252276702746,-0.8241760373179307,2022-02-23 07:00:00,2024-02-23 07:00:00,2024-02-23 07:00:00,730,1,-0.35941423956503044,0.35941423956503044,"{'regressor__model__alpha': 0.0001, 'regressor__model__hidden_layer_sizes': (64, 32), 'regressor__model__learning_rate_init': 0.0001}"
2024-02-23 07:00:00,Naive,7,-0.7724252276702746,-0.552140950095245,2022-02-23 07:00:00,2024-02-23 07:00:00,2024-02-23 07:00:00,730,1,,,not_applicable
2024-02-24 07:00:00,Decision Tree,7,-0.6698719286213286,-0.7642889563986747,2022-02-24 07:00:00,2024-02-24 07:00:00,2024-02-24 07:00:00,730,1,-0.42290985504429074,0.42290985504429074,"{'max_depth': None, 'min_samples_leaf': 1, 'min_samples_split': 20}"
2024-02-24 07:00:00,ARX,7,-0.6698719286213286,-0.7789436029166457,2022-02-24 07:00:00,2024-02-24 07:00:00,2024-02-24 07:00:00,730,1,-0.3032104293734177,0.3032104293734177,{'model__alpha': 0.01}
2024-02-24 07:00:00,Random Forest,7,-0.6698719286213286,-0.6630006747719496,2022-02-24 07:00:00,2024-02-24 07:00:00,2024-02-24 07:00:00,730,1,-0.28640559026943707,0.28640559026943707,"{'max_depth': 10, 'max_features': 0.5, 'min_samples_leaf': 2, 'n_estimators': 100}"
2024-02-24 07:00:00,Neural Network,7,-0.6698719286213286,-0.6942133519749958,2022-02-24 07:00:00,2024-02-24 07:00:00,2024-02-24 07:00:00,730,1,-0.35941423956503044,0.35941423956503044,"{'regressor__model__alpha': 0.0001, 'regressor__model__hidden_layer_sizes': (64, 32), 'regressor__model__learning_rate_init': 0.0001}"
2024-02-24 07:00:00,Naive,7,-0.6698719286213286,-0.7724252276702746,2022-02-24 07:00:00,2024-02-24 07:00:00,2024-02-24 07:00:00,730,1,,,not_applicable
2024-02-25 07:00:00,Decision Tree,7,-0.7365653075249473,-0.7542828100677335,2022-02-25 07:00:00,2024-02-25 07:00:00,2024-02-25 07:00:00,730,1,-0.42290985504429074,0.42290985504429074,"{'max_depth': None, 'min_samples_leaf': 1, 'min_samples_split': 20}"
2024-02-25 07:00:00,ARX,7,-0.7365653075249473,-1.015274474605973,2022-02-25 07:00:00,2024-02-25 07:00:00,2024-02-25 07:00:00,730,1,-0.3032104293734177,0.3032104293734177,{'model__alpha': 0.01}
2024-02-25 07:00:00,Random Forest,7,-0.7365653075249473,-0.8781562169562278,2022-02-25 07:00:00,2024-02-25 07:00:00,2024-02-25 07:00:00,730,1,-0.28640559026943707,0.28640559026943707,"{'max_depth': 10, 'max_features': 0.5, 'min_samples_leaf': 2, 'n_estimators': 100}"
2024-02-25 07:00:00,Neural Network,7,-0.7365653075249473,-0.9088372802558333,2022-02-25 07:00:00,2024-02-25 07:00:00,2024-02-25 07:00:00,730,1,-0.35941423956503044,0.35941423956503044,"{'regressor__model__alpha': 0.0001, 'regressor__model__hidden_layer_sizes': (64, 32), 'regressor__model__learning_rate_init': 0.0001}"
2024-02-25 07:00:00,Naive,7,-0.7365653075249473,-0.6698719286213286,2022-02-25 07:00:00,2024-02-25 07:00:00,2024-02-25 07:00:00,730,1,,,not_applicable
2024-02-26 07:00:00,Decision Tree,7,-0.5010472419796445,-0.39872180645940086,2022-02-26 07:00:00,2024-02-26 07:00:00,2024-02-26 07:00:00,730,1,-0.42290985504429074,0.42290985504429074,"{'max_depth': None, 'min_samples_leaf': 1, 'min_samples_split': 20}"
2024-02-26 07:00:00,ARX,7,-0.5010472419796445,-0.2368463975709746,2022-02-26 07:00:00,2024-02-26 07:00:00,2024-02-26 07:00:00,730,1,-0.3032104293734177,0.3032104293734177,{'model__alpha': 0.01}
2024-02-26 07:00:00,Random Forest,7,-0.5010472419796445,-0.35138141466391837,2022-02-26 07:00:00,2024-02-26 07:00:00,2024-02-26 07:00:00,730,1,-0.28640559026943707,0.28640559026943707,"{'max_depth': 10, 'max_features': 0.5, 'min_samples_leaf': 2, 'n_estimators': 100}"
2024-02-26 07:00:00,Neural Network,7,-0.5010472419796445,-0.24577698417881855,2022-02-26 07:00:00,2024-02-26 07:00:00,2024-02-26 07:00:00,730,1,-0.35941423956503044,0.35941423956503044,"{'regressor__model__alpha': 0.0001, 'regressor__model__hidden_layer_sizes': (64, 32), 'regressor__model__learning_rate_init': 0.0001}"
2024-02-26 07:00:00,Naive,7,-0.5010472419796445,-0.7365653075249473,2022-02-26 07:00:00,2024-02-26 07:00:00,2024-02-26 07:00:00,730,1,,,not_applicable
2024-02-27 07:00:00,Decision Tree,7,-0.29477008637691954,-0.4157760457127748,2022-02-27 07:00:00,2024-02-27 07:00:00,2024-02-27 07:00:00,730,1,-0.42290985504429074,0.42290985504429074,"{'max_depth': None, 'min_samples_leaf': 1, 'min_samples_split': 20}"
2024-02-27 07:00:00,ARX,7,-0.29477008637691954,-0.16240756630650988,2022-02-27 07:00:00,2024-02-27 07:00:00,2024-02-27 07:00:00,730,1,-0.3032104293734177,0.3032104293734177,{'model__alpha': 0.01}
2024-02-27 07:00:00,Random Forest,7,-0.29477008637691954,-0.3584839815529465,2022-02-27 07:00:00,2024-02-27 07:00:00,2024-02-27 07:00:00,730,1,-0.28640559026943707,0.28640559026943707,"{'max_depth': 10, 'max_features': 0.5, 'min_samples_leaf': 2, 'n_estimators': 100}"
2024-02-27 07:00:00,Neural Network,7,-0.29477008637691954,-0.22037829367302386,2022-02-27 07:00:00,2024-02-27 07:00:00,2024-02-27 07:00:00,730,1,-0.35941423956503044,0.35941423956503044,"{'regressor__model__alpha': 0.0001, 'regressor__model__hidden_layer_sizes': (64, 32), 'regressor__model__learning_rate_init': 0.0001}"
2024-02-27 07:00:00,Naive,7,-0.29477008637691954,-0.5010472419796445,2022-02-27 07:00:00,2024-02-27 07:00:00,2024-02-27 07:00:00,730,1,,,not_applicable
2024-02-28 07:00:00,Decision Tree,7,-0.24829047807085924,-0.39848948009336693,2022-02-28 07:00:00,2024-02-28 07:00:00,2024-02-28 07:00:00,730,1,-0.42290985504429074,0.42290985504429074,"{'max_depth': None, 'min_samples_leaf': 1, 'min_samples_split': 20}"
2024-02-28 07:00:00,ARX,7,-0.24829047807085924,-0.10832778214581251,2022-02-28 07:00:00,2024-02-28 07:00:00,2024-02-28 07:00:00,730,1,-0.3032104293734177,0.3032104293734177,{'model__alpha': 0.01}
2024-02-28 07:00:00,Random Forest,7,-0.24829047807085924,-0.3211041941184851,2022-02-28 07:00:00,2024-02-28 07:00:00,2024-02-28 07:00:00,730,1,-0.28640559026943707,0.28640559026943707,"{'max_depth': 10, 'max_features': 0.5, 'min_samples_leaf': 2, 'n_estimators': 100}"
2024-02-28 07:00:00,Neural Network,7,-0.24829047807085924,-0.11350885873330396,2022-02-28 07:00:00,2024-02-28 07:00:00,2024-02-28 07:00:00,730,1,-0.35941423956503044,0.35941423956503044,"{'regressor__model__alpha': 0.0001, 'regressor__model__hidden_layer_sizes': (64, 32), 'regressor__model__learning_rate_init': 0.0001}"
2024-02-28 07:00:00,Naive,7,-0.24829047807085924,-0.29477008637691954,2022-02-28 07:00:00,2024-02-28 07:00:00,2024-02-28 07:00:00,730,1,,,not_applicable
2024-02-29 07:00:00,Decision Tree,7,-0.5696565494439226,-0.5738044524725642,2022-02-28 07:00:00,2024-02-29 07:00:00,2024-02-29 07:00:00,731,1,-0.42290985504429074,0.42290985504429074,"{'max_depth': None, 'min_samples_leaf': 1, 'min_samples_split': 20}"
2024-02-29 07:00:00,ARX,7,-0.5696565494439226,-0.525898584110702,2022-02-28 07:00:00,2024-02-29 07:00:00,2024-02-29 07:00:00,731,1,-0.3032104293734177,0.3032104293734177,{'model__alpha': 0.01}
2024-02-29 07:00:00,Random Forest,7,-0.5696565494439226,-0.4807870612282714,2022-02-28 07:00:00,2024-02-29 07:00:00,2024-02-29 07:00:00,731,1,-0.28640559026943707,0.28640559026943707,"{'max_depth': 10, 'max_features': 0.5, 'min_samples_leaf': 2, 'n_estimators': 100}"
2024-02-29 07:00:00,Neural Network,7,-0.5696565494439226,-0.5148961318844698,2022-02-28 07:00:00,2024-02-29 07:00:00,2024-02-29 07:00:00,731,1,-0.35941423956503044,0.35941423956503044,"{'regressor__model__alpha': 0.0001, 'regressor__model__hidden_layer_sizes': (64, 32), 'regressor__model__learning_rate_init': 0.0001}"
2024-02-29 07:00:00,Naive,7,-0.5696565494439226,-0.24829047807085924,2022-02-28 07:00:00,2024-02-29 07:00:00,2024-02-29 07:00:00,731,1,,,not_applicable
2024-03-01 07:00:00,Decision Tree,7,-0.4983641567279985,-0.573527925603988,2022-03-01 07:00:00,2024-03-01 07:00:00,2024-03-01 07:00:00,731,1,-0.42290985504429074,0.42290985504429074,"{'max_depth': None, 'min_samples_leaf': 1, 'min_samples_split': 20}"
2024-03-01 07:00:00,ARX,7,-0.4983641567279985,-0.484409935775196,2022-03-01 07:00:00,2024-03-01 07:00:00,2024-03-01 07:00:00,731,1,-0.3032104293734177,0.3032104293734177,{'model__alpha': 0.01}
2024-03-01 07:00:00,Random Forest,7,-0.4983641567279985,-0.5074329834618261,2022-03-01 07:00:00,2024-03-01 07:00:00,2024-03-01 07:00:00,731,1,-0.28640559026943707,0.28640559026943707,"{'max_depth': 10, 'max_features': 0.5, 'min_samples_leaf': 2, 'n_estimators': 100}"
2024-03-01 07:00:00,Neural Network,7,-0.4983641567279985,-0.44780338552287335,2022-03-01 07:00:00,2024-03-01 07:00:00,2024-03-01 07:00:00,731,1,-0.35941423956503044,0.35941423956503044,"{'regressor__model__alpha': 0.0001, 'regressor__model__hidden_layer_sizes': (64, 32), 'regressor__model__learning_rate_init': 0.0001}"
2024-03-01 07:00:00,Naive,7,-0.4983641567279985,-0.5696565494439226,2022-03-01 07:00:00,2024-03-01 07:00:00,2024-03-01 07:00:00,731,1,,,not_applicable
2024-03-02 07:00:00,Decision Tree,7,-0.718394012020937,-0.753240604035805,2022-03-02 07:00:00,2024-03-02 07:00:00,2024-03-02 07:00:00,731,1,-0.42290985504429074,0.42290985504429074,"{'max_depth': None, 'min_samples_leaf': 1, 'min_samples_split': 20}"
2024-03-02 07:00:00,ARX,7,-0.718394012020937,-0.7875052266055717,2022-03-02 07:00:00,2024-03-02 07:00:00,2024-03-02 07:00:00,731,1,-0.3032104293734177,0.3032104293734177,{'model__alpha': 0.01}
2024-03-02 07:00:00,Random Forest,7,-0.718394012020937,-0.7715752929930845,2022-03-02 07:00:00,2024-03-02 07:00:00,2024-03-02 07:00:00,731,1,-0.28640559026943707,0.28640559026943707,"{'max_depth': 10, 'max_features': 0.5, 'min_samples_leaf': 2, 'n_estimators': 100}"
2024-03-02 07:00:00,Neural Network,7,-0.718394012020937,-0.5366672936433878,2022-03-02 07:00:00,2024-03-02 07:00:00,2024-03-02 07:00:00,731,1,-0.35941423956503044,0.35941423956503044,"{'regressor__model__alpha': 0.0001, 'regressor__model__hidden_layer_sizes': (64, 32), 'regressor__model__learning_rate_init': 0.0001}"
2024-03-02 07:00:00,Naive,7,-0.718394012020937,-0.4983641567279985,2022-03-02 07:00:00,2024-03-02 07:00:00,2024-03-02 07:00:00,731,1,,,not_applicable
2024-03-03 07:00:00,Decision Tree,7,-0.758155117165276,-0.7513046822572012,2022-03-03 07:00:00,2024-03-03 07:00:00,2024-03-03 07:00:00,731,1,-0.42290985504429074,0.42290985504429074,"{'max_depth': None, 'min_samples_leaf': 1, 'min_samples_split': 20}"
2024-03-03 07:00:00,ARX,7,-0.758155117165276,-1.006504763540902,2022-03-03 07:00:00,2024-03-03 07:00:00,2024-03-03 07:00:00,731,1,-0.3032104293734177,0.3032104293734177,{'model__alpha': 0.01}
2024-03-03 07:00:00,Random Forest,7,-0.758155117165276,-0.7828920613306869,2022-03-03 07:00:00,2024-03-03 07:00:00,2024-03-03 07:00:00,731,1,-0.28640559026943707,0.28640559026943707,"{'max_depth': 10, 'max_features': 0.5, 'min_samples_leaf': 2, 'n_estimators': 100}"
2024-03-03 07:00:00,Neural Network,7,-0.758155117165276,-0.7204262606204065,2022-03-03 07:00:00,2024-03-03 07:00:00,2024-03-03 07:00:00,731,1,-0.35941423956503044,0.35941423956503044,"{'regressor__model__alpha': 0.0001, 'regressor__model__hidden_layer_sizes': (64, 32), 'regressor__model__learning_rate_init': 0.0001}"
2024-03-03 07:00:00,Naive,7,-0.758155117165276,-0.718394012020937,2022-03-03 07:00:00,2024-03-03 07:00:00,2024-03-03 07:00:00,731,1,,,not_applicable
2024-03-04 07:00:00,Decision Tree,7,-0.2626315024754058,-0.37971460484055347,2022-03-04 07:00:00,2024-03-04 07:00:00,2024-03-04 07:00:00,731,1,-0.42290985504429074,0.42290985504429074,"{'max_depth': None, 'min_samples_leaf': 1, 'min_samples_split': 20}"
2024-03-04 07:00:00,ARX,7,-0.2626315024754058,-0.05043781871908337,2022-03-04 07:00:00,2024-03-04 07:00:00,2024-03-04 07:00:00,731,1,-0.3032104293734177,0.3032104293734177,{'model__alpha': 0.01}
2024-03-04 07:00:00,Random Forest,7,-0.2626315024754058,-0.3044363000069879,2022-03-04 07:00:00,2024-03-04 07:00:00,2024-03-04 07:00:00,731,1,-0.28640559026943707,0.28640559026943707,"{'max_depth': 10, 'max_features': 0.5, 'min_samples_leaf': 2, 'n_estimators': 100}"
2024-03-04 07:00:00,Neural Network,7,-0.2626315024754058,-0.20628536328443903,2022-03-04 07:00:00,2024-03-04 07:00:00,2024-03-04 07:00:00,731,1,-0.35941423956503044,0.35941423956503044,"{'regressor__model__alpha': 0.0001, 'regressor__model__hidden_layer_sizes': (64, 32), 'regressor__model__learning_rate_init': 0.0001}"
2024-03-04 07:00:00,Naive,7,-0.2626315024754058,-0.758155117165276,2022-03-04 07:00:00,2024-03-04 07:00:00,2024-03-04 07:00:00,731,1,,,not_applicable
2024-03-05 07:00:00,Decision Tree,7,-0.4918186317673802,-0.3667053712444259,2022-03-05 07:00:00,2024-03-05 07:00:00,2024-03-05 07:00:00,731,1,-0.42290985504429074,0.42290985504429074,"{'max_depth': None, 'min_samples_leaf': 1, 'min_samples_split': 20}"
2024-03-05 07:00:00,ARX,7,-0.4918186317673802,-0.22567580695220124,2022-03-05 07:00:00,2024-03-05 07:00:00,2024-03-05 07:00:00,731,1,-0.3032104293734177,0.3032104293734177,{'model__alpha': 0.01}
2024-03-05 07:00:00,Random Forest,7,-0.4918186317673802,-0.3533965020755637,2022-03-05 07:00:00,2024-03-05 07:00:00,2024-03-05 07:00:00,731,1,-0.28640559026943707,0.28640559026943707,"{'max_depth': 10, 'max_features': 0.5, 'min_samples_leaf': 2, 'n_estimators': 100}"
2024-03-05 07:00:00,Neural Network,7,-0.4918186317673802,-0.2936117508851225,2022-03-05 07:00:00,2024-03-05 07:00:00,2024-03-05 07:00:00,731,1,-0.35941423956503044,0.35941423956503044,"{'regressor__model__alpha': 0.0001, 'regressor__model__hidden_layer_sizes': (64, 32), 'regressor__model__learning_rate_init': 0.0001}"
2024-03-05 07:00:00,Naive,7,-0.4918186317673802,-0.2626315024754058,2022-03-05 07:00:00,2024-03-05 07:00:00,2024-03-05 07:00:00,731,1,,,not_applicable
2024-03-06 07:00:00,Decision Tree,7,-0.11954010666942073,-0.1721623988630038,2022-03-06 07:00:00,2024-03-06 07:00:00,2024-03-06 07:00:00,731,1,-0.42290985504429074,0.42290985504429074,"{'max_depth': None, 'min_samples_leaf': 1, 'min_samples_split': 20}"
2024-03-06 07:00:00,ARX,7,-0.11954010666942073,-0.019832944644882056,2022-03-06 07:00:00,2024-03-06 07:00:00,2024-03-06 07:00:00,731,1,-0.3032104293734177,0.3032104293734177,{'model__alpha': 0.01}
2024-03-06 07:00:00,Random Forest,7,-0.11954010666942073,-0.23845281343107086,2022-03-06 07:00:00,2024-03-06 07:00:00,2024-03-06 07:00:00,731,1,-0.28640559026943707,0.28640559026943707,"{'max_depth': 10, 'max_features': 0.5, 'min_samples_leaf': 2, 'n_estimators': 100}"
2024-03-06 07:00:00,Neural Network,7,-0.11954010666942073,0.030032308518284867,2022-03-06 07:00:00,2024-03-06 07:00:00,2024-03-06 07:00:00,731,1,-0.35941423956503044,0.35941423956503044,"{'regressor__model__alpha': 0.0001, 'regressor__model__hidden_layer_sizes': (64, 32), 'regressor__model__learning_rate_init': 0.0001}"
2024-03-06 07:00:00,Naive,7,-0.11954010666942073,-0.4918186317673802,2022-03-06 07:00:00,2024-03-06 07:00:00,2024-03-06 07:00:00,731,1,,,not_applicable
2024-03-07 07:00:00,Decision Tree,7,-0.16655392875019268,-0.16923893818558253,2022-03-07 07:00:00,2024-03-07 07:00:00,2024-03-07 07:00:00,731,1,-0.42290985504429074,0.42290985504429074,"{'max_depth': None, 'min_samples_leaf': 1, 'min_samples_split': 20}"
2024-03-07 07:00:00,ARX,7,-0.16655392875019268,-0.11351067859864206,2022-03-07 07:00:00,2024-03-07 07:00:00,2024-03-07 07:00:00,731,1,-0.3032104293734177,0.3032104293734177,{'model__alpha': 0.01}
2024-03-07 07:00:00,Random Forest,7,-0.16655392875019268,-0.2516441946241032,2022-03-07 07:00:00,2024-03-07 07:00:00,2024-03-07 07:00:00,731,1,-0.28640559026943707,0.28640559026943707,"{'max_depth': 10, 'max_features': 0.5, 'min_samples_leaf': 2, 'n_estimators': 100}"
2024-03-07 07:00:00,Neural Network,7,-0.16655392875019268,-0.15028307017204445,2022-03-07 07:00:00,2024-03-07 07:00:00,2024-03-07 07:00:00,731,1,-0.35941423956503044,0.35941423956503044,"{'regressor__model__alpha': 0.0001, 'regressor__model__hidden_layer_sizes': (64, 32), 'regressor__model__learning_rate_init': 0.0001}"
2024-03-07 07:00:00,Naive,7,-0.16655392875019268,-0.11954010666942073,2022-03-07 07:00:00,2024-03-07 07:00:00,2024-03-07 07:00:00,731,1,,,not_applicable
2024-03-08 07:00:00,Decision Tree,7,-0.279708678072089,-0.48212899987218333,2022-03-08 07:00:00,2024-03-08 07:00:00,2024-03-08 07:00:00,731,1,-0.42290985504429074,0.42290985504429074,"{'max_depth': None, 'min_samples_leaf': 1, 'min_samples_split': 20}"
2024-03-08 07:00:00,ARX,7,-0.279708678072089,-0.3860921355271646,2022-03-08 07:00:00,2024-03-08 07:00:00,2024-03-08 07:00:00,731,1,-0.3032104293734177,0.3032104293734177,{'model__alpha': 0.01}
2024-03-08 07:00:00,Random Forest,7,-0.279708678072089,-0.3928997970333601,2022-03-08 07:00:00,2024-03-08 07:00:00,2024-03-08 07:00:00,731,1,-0.28640559026943707,0.28640559026943707,"{'max_depth': 10, 'max_features': 0.5, 'min_samples_leaf': 2, 'n_estimators': 100}"
2024-03-08 07:00:00,Neural Network,7,-0.279708678072089,-0.44402800907443607,2022-03-08 07:00:00,2024-03-08 07:00:00,2024-03-08 07:00:00,731,1,-0.35941423956503044,0.35941423956503044,"{'regressor__model__alpha': 0.0001, 'regressor__model__hidden_layer_sizes': (64, 32), 'regressor__model__learning_rate_init': 0.0001}"
2024-03-08 07:00:00,Naive,7,-0.279708678072089,-0.16655392875019268,2022-03-08 07:00:00,2024-03-08 07:00:00,2024-03-08 07:00:00,731,1,,,not_applicable
2024-03-09 07:00:00,Decision Tree,7,-0.8026827447653403,-0.7516652314628892,2022-03-09 07:00:00,2024-03-09 07:00:00,2024-03-09 07:00:00,731,1,-0.42290985504429074,0.42290985504429074,"{'max_depth': None, 'min_samples_leaf': 1, 'min_samples_split': 20}"
2024-03-09 07:00:00,ARX,7,-0.8026827447653403,-0.8951585891282331,2022-03-09 07:00:00,2024-03-09 07:00:00,2024-03-09 07:00:00,731,1,-0.3032104293734177,0.3032104293734177,{'model__alpha': 0.01}
2024-03-09 07:00:00,Random Forest,7,-0.8026827447653403,-0.8259193819607895,2022-03-09 07:00:00,2024-03-09 07:00:00,2024-03-09 07:00:00,731,1,-0.28640559026943707,0.28640559026943707,"{'max_depth': 10, 'max_features': 0.5, 'min_samples_leaf': 2, 'n_estimators': 100}"
2024-03-09 07:00:00,Neural Network,7,-0.8026827447653403,-0.7934928897523981,2022-03-09 07:00:00,2024-03-09 07:00:00,2024-03-09 07:00:00,731,1,-0.35941423956503044,0.35941423956503044,"{'regressor__model__alpha': 0.0001, 'regressor__model__hidden_layer_sizes': (64, 32), 'regressor__model__learning_rate_init': 0.0001}"
2024-03-09 07:00:00,Naive,7,-0.8026827447653403,-0.279708678072089,2022-03-09 07:00:00,2024-03-09 07:00:00,2024-03-09 07:00:00,731,1,,,not_applicable
2024-03-10 07:00:00,Decision Tree,7,-0.9433301076016901,-0.7976984311327731,2022-03-10 07:00:00,2024-03-10 07:00:00,2024-03-10 07:00:00,731,1,-0.42290985504429074,0.42290985504429074,"{'max_depth': None, 'min_samples_leaf': 1, 'min_samples_split': 20}"
2024-03-10 07:00:00,ARX,7,-0.9433301076016901,-1.1315692795665515,2022-03-10 07:00:00,2024-03-10 07:00:00,2024-03-10 07:00:00,731,1,-0.3032104293734177,0.3032104293734177,{'model__alpha': 0.01}
2024-03-10 07:00:00,Random Forest,7,-0.9433301076016901,-0.9086785195038309,2022-03-10 07:00:00,2024-03-10 07:00:00,2024-03-10 07:00:00,731,1,-0.28640559026943707,0.28640559026943707,"{'max_depth': 10, 'max_features': 0.5, 'min_samples_leaf': 2, 'n_estimators': 100}"
2024-03-10 07:00:00,Neural Network,7,-0.9433301076016901,-0.9966359625306178,2022-03-10 07:00:00,2024-03-10 07:00:00,2024-03-10 07:00:00,731,1,-0.35941423956503044,0.35941423956503044,"{'regressor__model__alpha': 0.0001, 'regressor__model__hidden_layer_sizes': (64, 32), 'regressor__model__learning_rate_init': 0.0001}"
2024-03-10 07:00:00,Naive,7,-0.9433301076016901,-0.8026827447653403,2022-03-10 07:00:00,2024-03-10 07:00:00,2024-03-10 07:00:00,731,1,,,not_applicable
2024-03-11 07:00:00,Decision Tree,7,-0.4433579848897015,-0.46188696769217386,2022-03-11 07:00:00,2024-03-11 07:00:00,2024-03-11 07:00:00,731,1,-0.42290985504429074,0.42290985504429074,"{'max_depth': None, 'min_samples_leaf': 1, 'min_samples_split': 20}"
2024-03-11 07:00:00,ARX,7,-0.4433579848897015,-0.4678049566871545,2022-03-11 07:00:00,2024-03-11 07:00:00,2024-03-11 07:00:00,731,1,-0.3032104293734177,0.3032104293734177,{'model__alpha': 0.01}
2024-03-11 07:00:00,Random Forest,7,-0.4433579848897015,-0.4107613502136249,2022-03-11 07:00:00,2024-03-11 07:00:00,2024-03-11 07:00:00,731,1,-0.28640559026943707,0.28640559026943707,"{'max_depth': 10, 'max_features': 0.5, 'min_samples_leaf': 2, 'n_estimators': 100}"
2024-03-11 07:00:00,Neural Network,7,-0.4433579848897015,-0.5095894917920133,2022-03-11 07:00:00,2024-03-11 07:00:00,2024-03-11 07:00:00,731,1,-0.35941423956503044,0.35941423956503044,"{'regressor__model__alpha': 0.0001, 'regressor__model__hidden_layer_sizes': (64, 32), 'regressor__model__learning_rate_init': 0.0001}"
2024-03-11 07:00:00,Naive,7,-0.4433579848897015,-0.9433301076016901,2022-03-11 07:00:00,2024-03-11 07:00:00,2024-03-11 07:00:00,731,1,,,not_applicable
2024-03-12 07:00:00,Decision Tree,7,-0.25084240507109956,-0.3792166972967213,2022-03-12 07:00:00,2024-03-12 07:00:00,2024-03-12 07:00:00,731,1,-0.42290985504429074,0.42290985504429074,"{'max_depth': None, 'min_samples_leaf': 1, 'min_samples_split': 20}"
2024-03-12 07:00:00,ARX,7,-0.25084240507109956,-0.00897159724056551,2022-03-12 07:00:00,2024-03-12 07:00:00,2024-03-12 07:00:00,731,1,-0.3032104293734177,0.3032104293734177,{'model__alpha': 0.01}
2024-03-12 07:00:00,Random Forest,7,-0.25084240507109956,-0.223483581909577,2022-03-12 07:00:00,2024-03-12 07:00:00,2024-03-12 07:00:00,731,1,-0.28640559026943707,0.28640559026943707,"{'max_depth': 10, 'max_features': 0.5, 'min_samples_leaf': 2, 'n_estimators': 100}"
2024-03-12 07:00:00,Neural Network,7,-0.25084240507109956,0.02866516121960827,2022-03-12 07:00:00,2024-03-12 07:00:00,2024-03-12 07:00:00,731,1,-0.35941423956503044,0.35941423956503044,"{'regressor__model__alpha': 0.0001, 'regressor__model__hidden_layer_sizes': (64, 32), 'regressor__model__learning_rate_init': 0.0001}"
2024-03-12 07:00:00,Naive,7,-0.25084240507109956,-0.4433579848897015,2022-03-12 07:00:00,2024-03-12 07:00:00,2024-03-12 07:00:00,731,1,,,not_applicable
2024-03-13 07:00:00,Decision Tree,7,-0.3649078674420934,-0.16909762189950933,2022-03-13 07:00:00,2024-03-13 07:00:00,2024-03-13 07:00:00,731,1,-0.42290985504429074,0.42290985504429074,"{'max_depth': None, 'min_samples_leaf': 1, 'min_samples_split': 20}"
2024-03-13 07:00:00,ARX,7,-0.3649078674420934,-0.12072183444275719,2022-03-13 07:00:00,2024-03-13 07:00:00,2024-03-13 07:00:00,731,1,-0.3032104293734177,0.3032104293734177,{'model__alpha': 0.01}
2024-03-13 07:00:00,Random Forest,7,-0.3649078674420934,-0.1580450774746186,2022-03-13 07:00:00,2024-03-13 07:00:00,2024-03-13 07:00:00,731,1,-0.28640559026943707,0.28640559026943707,"{'max_depth': 10, 'max_features': 0.5, 'min_samples_leaf': 2, 'n_estimators': 100}"
2024-03-13 07:00:00,Neural Network,7,-0.3649078674420934,-0.2802329944774571,2022-03-13 07:00:00,2024-03-13 07:00:00,2024-03-13 07:00:00,731,1,-0.35941423956503044,0.35941423956503044,"{'regressor__model__alpha': 0.0001, 'regressor__model__hidden_layer_sizes': (64, 32), 'regressor__model__learning_rate_init': 0.0001}"
2024-03-13 07:00:00,Naive,7,-0.3649078674420934,-0.25084240507109956,2022-03-13 07:00:00,2024-03-13 07:00:00,2024-03-13 07:00:00,731,1,,,not_applicable
2024-03-14 07:00:00,Decision Tree,7,-0.3661163352956639,-0.3675463070943921,2022-03-14 07:00:00,2024-03-14 07:00:00,2024-03-14 07:00:00,731,1,-0.42290985504429074,0.42290985504429074,"{'max_depth': None, 'min_samples_leaf': 1, 'min_samples_split': 20}"
2024-03-14 07:00:00,ARX,7,-0.3661163352956639,-0.3352576901287445,2022-03-14 07:00:00,2024-03-14 07:00:00,2024-03-14 07:00:00,731,1,-0.3032104293734177,0.3032104293734177,{'model__alpha': 0.01}
2024-03-14 07:00:00,Random Forest,7,-0.3661163352956639,-0.39007183395444145,2022-03-14 07:00:00,2024-03-14 07:00:00,2024-03-14 07:00:00,731,1,-0.28640559026943707,0.28640559026943707,"{'max_depth': 10, 'max_features': 0.5, 'min_samples_leaf': 2, 'n_estimators': 100}"
2024-03-14 07:00:00,Neural Network,7,-0.3661163352956639,-0.2536348816428977,2022-03-14 07:00:00,2024-03-14 07:00:00,2024-03-14 07:00:00,731,1,-0.35941423956503044,0.35941423956503044,"{'regressor__model__alpha': 0.0001, 'regressor__model__hidden_layer_sizes': (64, 32), 'regressor__model__learning_rate_init': 0.0001}"
2024-03-14 07:00:00,Naive,7,-0.3661163352956639,-0.3649078674420934,2022-03-14 07:00:00,2024-03-14 07:00:00,2024-03-14 07:00:00,731,1,,,not_applicable
2024-03-15 07:00:00,Decision Tree,7,-0.6061947126007323,-0.46020251471013085,2022-03-15 07:00:00,2024-03-15 07:00:00,2024-03-15 07:00:00,731,1,-0.42290985504429074,0.42290985504429074,"{'max_depth': None, 'min_samples_leaf': 1, 'min_samples_split': 20}"
2024-03-15 07:00:00,ARX,7,-0.6061947126007323,-0.5821897358708513,2022-03-15 07:00:00,2024-03-15 07:00:00,2024-03-15 07:00:00,731,1,-0.3032104293734177,0.3032104293734177,{'model__alpha': 0.01}
2024-03-15 07:00:00,Random Forest,7,-0.6061947126007323,-0.4546397681097043,2022-03-15 07:00:00,2024-03-15 07:00:00,2024-03-15 07:00:00,731,1,-0.28640559026943707,0.28640559026943707,"{'max_depth': 10, 'max_features': 0.5, 'min_samples_leaf': 2, 'n_estimators': 100}"
2024-03-15 07:00:00,Neural Network,7,-0.6061947126007323,-0.5193634309340948,2022-03-15 07:00:00,2024-03-15 07:00:00,2024-03-15 07:00:00,731,1,-0.35941423956503044,0.35941423956503044,"{'regressor__model__alpha': 0.0001, 'regressor__model__hidden_layer_sizes': (64, 32), 'regressor__model__learning_rate_init': 0.0001}"
2024-03-15 07:00:00,Naive,7,-0.6061947126007323,-0.3661163352956639,2022-03-15 07:00:00,2024-03-15 07:00:00,2024-03-15 07:00:00,731,1,,,not_applicable
2024-03-16 07:00:00,Decision Tree,7,-0.816312807962867,-0.8068004109120804,2022-03-16 07:00:00,2024-03-16 07:00:00,2024-03-16 07:00:00,731,1,-0.42290985504429074,0.42290985504429074,"{'max_depth': None, 'min_samples_leaf': 1, 'min_samples_split': 20}"
2024-03-16 07:00:00,ARX,7,-0.816312807962867,-1.0006676127373253,2022-03-16 07:00:00,2024-03-16 07:00:00,2024-03-16 07:00:00,731,1,-0.3032104293734177,0.3032104293734177,{'model__alpha': 0.01}
2024-03-16 07:00:00,Random Forest,7,-0.816312807962867,-0.8868387779387789,2022-03-16 07:00:00,2024-03-16 07:00:00,2024-03-16 07:00:00,731,1,-0.28640559026943707,0.28640559026943707,"{'max_depth': 10, 'max_features': 0.5, 'min_samples_leaf': 2, 'n_estimators': 100}"
2024-03-16 07:00:00,Neural Network,7,-0.816312807962867,-0.8599029869162561,2022-03-16 07:00:00,2024-03-16 07:00:00,2024-03-16 07:00:00,731,1,-0.35941423956503044,0.35941423956503044,"{'regressor__model__alpha': 0.0001, 'regressor__model__hidden_layer_sizes': (64, 32), 'regressor__model__learning_rate_init': 0.0001}"
2024-03-16 07:00:00,Naive,7,-0.816312807962867,-0.6061947126007323,2022-03-16 07:00:00,2024-03-16 07:00:00,2024-03-16 07:00:00,731,1,,,not_applicable
2024-03-17 07:00:00,Decision Tree,7,-0.7560022987032556,-0.8073599636797737,2022-03-17 07:00:00,2024-03-17 07:00:00,2024-03-17 07:00:00,731,1,-0.42290985504429074,0.42290985504429074,"{'max_depth': None, 'min_samples_leaf': 1, 'min_samples_split': 20}"
2024-03-17 07:00:00,ARX,7,-0.7560022987032556,-0.8025012215351378,2022-03-17 07:00:00,2024-03-17 07:00:00,2024-03-17 07:00:00,731,1,-0.3032104293734177,0.3032104293734177,{'model__alpha': 0.01}
2024-03-17 07:00:00,Random Forest,7,-0.7560022987032556,-0.7981230519214358,2022-03-17 07:00:00,2024-03-17 07:00:00,2024-03-17 07:00:00,731,1,-0.28640559026943707,0.28640559026943707,"{'max_depth': 10, 'max_features': 0.5, 'min_samples_leaf': 2, 'n_estimators': 100}"
2024-03-17 07:00:00,Neural Network,7,-0.7560022987032556,-0.7485483553333706,2022-03-17 07:00:00,2024-03-17 07:00:00,2024-03-17 07:00:00,731,1,-0.35941423956503044,0.35941423956503044,"{'regressor__model__alpha': 0.0001, 'regressor__model__hidden_layer_sizes': (64, 32), 'regressor__model__learning_rate_init': 0.0001}"
2024-03-17 07:00:00,Naive,7,-0.7560022987032556,-0.816312807962867,2022-03-17 07:00:00,2024-03-17 07:00:00,2024-03-17 07:00:00,731,1,,,not_applicable
2024-03-18 07:00:00,Decision Tree,7,-0.21543780318095027,-0.36742714277783145,2022-03-18 07:00:00,2024-03-18 07:00:00,2024-03-18 07:00:00,731,1,-0.42290985504429074,0.42290985504429074,"{'max_depth': None, 'min_samples_leaf': 1, 'min_samples_split': 20}"
2024-03-18 07:00:00,ARX,7,-0.21543780318095027,-0.19319981922077045,2022-03-18 07:00:00,2024-03-18 07:00:00,2024-03-18 07:00:00,731,1,-0.3032104293734177,0.3032104293734177,{'model__alpha': 0.01}
2024-03-18 07:00:00,Random Forest,7,-0.21543780318095027,-0.33497574371189714,2022-03-18 07:00:00,2024-03-18 07:00:00,2024-03-18 07:00:00,731,1,-0.28640559026943707,0.28640559026943707,"{'max_depth': 10, 'max_features': 0.5, 'min_samples_leaf': 2, 'n_estimators': 100}"
2024-03-18 07:00:00,Neural Network,7,-0.21543780318095027,-0.19175090288708074,2022-03-18 07:00:00,2024-03-18 07:00:00,2024-03-18 07:00:00,731,1,-0.35941423956503044,0.35941423956503044,"{'regressor__model__alpha': 0.0001, 'regressor__model__hidden_layer_sizes': (64, 32), 'regressor__model__learning_rate_init': 0.0001}"
2024-03-18 07:00:00,Naive,7,-0.21543780318095027,-0.7560022987032556,2022-03-18 07:00:00,2024-03-18 07:00:00,2024-03-18 07:00:00,731,1,,,not_applicable
2024-03-19 07:00:00,Decision Tree,7,-0.02310715400838906,-0.260926378488502,2022-03-19 07:00:00,2024-03-19 07:00:00,2024-03-19 07:00:00,731,1,-0.42290985504429074,0.42290985504429074,"{'max_depth': None, 'min_samples_leaf': 1, 'min_samples_split': 20}"
2024-03-19 07:00:00,ARX,7,-0.02310715400838906,-0.057111789931457935,2022-03-19 07:00:00,2024-03-19 07:00:00,2024-03-19 07:00:00,731,1,-0.3032104293734177,0.3032104293734177,{'model__alpha': 0.01}
2024-03-19 07:00:00,Random Forest,7,-0.02310715400838906,-0.16379930181353206,2022-03-19 07:00:00,2024-03-19 07:00:00,2024-03-19 07:00:00,731,1,-0.28640559026943707,0.28640559026943707,"{'max_depth': 10, 'max_features': 0.5, 'min_samples_leaf': 2, 'n_estimators': 100}"
2024-03-19 07:00:00,Neural Network,7,-0.02310715400838906,-0.10082534515808056,2022-03-19 07:00:00,2024-03-19 07:00:00,2024-03-19 07:00:00,731,1,-0.35941423956503044,0.35941423956503044,"{'regressor__model__alpha': 0.0001, 'regressor__model__hidden_layer_sizes': (64, 32), 'regressor__model__learning_rate_init': 0.0001}"
2024-03-19 07:00:00,Naive,7,-0.02310715400838906,-0.21543780318095027,2022-03-19 07:00:00,2024-03-19 07:00:00,2024-03-19 07:00:00,731,1,,,not_applicable
2024-03-20 07:00:00,Decision Tree,7,0.05830693833906395,0.13689659381333058,2022-03-20 07:00:00,2024-03-20 07:00:00,2024-03-20 07:00:00,731,1,-0.42290985504429074,0.42290985504429074,"{'max_depth': None, 'min_samples_leaf': 1, 'min_samples_split': 20}"
2024-03-20 07:00:00,ARX,7,0.05830693833906395,0.03986916191741191,2022-03-20 07:00:00,2024-03-20 07:00:00,2024-03-20 07:00:00,731,1,-0.3032104293734177,0.3032104293734177,{'model__alpha': 0.01}
2024-03-20 07:00:00,Random Forest,7,0.05830693833906395,-0.04977754603734372,2022-03-20 07:00:00,2024-03-20 07:00:00,2024-03-20 07:00:00,731,1,-0.28640559026943707,0.28640559026943707,"{'max_depth': 10, 'max_features': 0.5, 'min_samples_leaf': 2, 'n_estimators': 100}"
2024-03-20 07:00:00,Neural Network,7,0.05830693833906395,-0.13199840577039407,2022-03-20 07:00:00,2024-03-20 07:00:00,2024-03-20 07:00:00,731,1,-0.35941423956503044,0.35941423956503044,"{'regressor__model__alpha': 0.0001, 'regressor__model__hidden_layer_sizes': (64, 32), 'regressor__model__learning_rate_init': 0.0001}"
2024-03-20 07:00:00,Naive,7,0.05830693833906395,-0.02310715400838906,2022-03-20 07:00:00,2024-03-20 07:00:00,2024-03-20 07:00:00,731,1,,,not_applicable
2024-03-21 07:00:00,Decision Tree,7,-0.20620380273475886,-0.1451349307344929,2022-03-21 07:00:00,2024-03-21 07:00:00,2024-03-21 07:00:00,731,1,-0.42290985504429074,0.42290985504429074,"{'max_depth': None, 'min_samples_leaf': 1, 'min_samples_split': 20}"
2024-03-21 07:00:00,ARX,7,-0.20620380273475886,-0.028987402584780275,2022-03-21 07:00:00,2024-03-21 07:00:00,2024-03-21 07:00:00,731,1,-0.3032104293734177,0.3032104293734177,{'model__alpha': 0.01}
2024-03-21 07:00:00,Random Forest,7,-0.20620380273475886,0.011467065049012112,2022-03-21 07:00:00,2024-03-21 07:00:00,2024-03-21 07:00:00,731,1,-0.28640559026943707,0.28640559026943707,"{'max_depth': 10, 'max_features': 0.5, 'min_samples_leaf': 2, 'n_estimators': 100}"
2024-03-21 07:00:00,Neural Network,7,-0.20620380273475886,0.17040640399413975,2022-03-21 07:00:00,2024-03-21 07:00:00,2024-03-21 07:00:00,731,1,-0.35941423956503044,0.35941423956503044,"{'regressor__model__alpha': 0.0001, 'regressor__model__hidden_layer_sizes': (64, 32), 'regressor__model__learning_rate_init': 0.0001}"
2024-03-21 07:00:00,Naive,7,-0.20620380273475886,0.05830693833906395,2022-03-21 07:00:00,2024-03-21 07:00:00,2024-03-21 07:00:00,731,1,,,not_applicable
2024-03-22 07:00:00,Decision Tree,7,-0.6289508902052,-0.46647189259252014,2022-03-22 07:00:00,2024-03-22 07:00:00,2024-03-22 07:00:00,731,1,-0.42290985504429074,0.42290985504429074,"{'max_depth': None, 'min_samples_leaf': 1, 'min_samples_split': 20}"
2024-03-22 07:00:00,ARX,7,-0.6289508902052,-0.3854542915119416,2022-03-22 07:00:00,2024-03-22 07:00:00,2024-03-22 07:00:00,731,1,-0.3032104293734177,0.3032104293734177,{'model__alpha': 0.01}
2024-03-22 07:00:00,Random Forest,7,-0.6289508902052,-0.3326537122564154,2022-03-22 07:00:00,2024-03-22 07:00:00,2024-03-22 07:00:00,731,1,-0.28640559026943707,0.28640559026943707,"{'max_depth': 10, 'max_features': 0.5, 'min_samples_leaf': 2, 'n_estimators': 100}"
2024-03-22 07:00:00,Neural Network,7,-0.6289508902052,-0.49330971667715684,2022-03-22 07:00:00,2024-03-22 07:00:00,2024-03-22 07:00:00,731,1,-0.35941423956503044,0.35941423956503044,"{'regressor__model__alpha': 0.0001, 'regressor__model__hidden_layer_sizes': (64, 32), 'regressor__model__learning_rate_init': 0.0001}"
2024-03-22 07:00:00,Naive,7,-0.6289508902052,-0.20620380273475886,2022-03-22 07:00:00,2024-03-22 07:00:00,2024-03-22 07:00:00,731,1,,,not_applicable
2024-03-23 07:00:00,Decision Tree,7,-0.8024810075865684,-0.42700315085492746,2022-03-23 07:00:00,2024-03-23 07:00:00,2024-03-23 07:00:00,731,1,-0.42290985504429074,0.42290985504429074,"{'max_depth': None, 'min_samples_leaf': 1, 'min_samples_split': 20}"
2024-03-23 07:00:00,ARX,7,-0.8024810075865684,-0.5965795517739254,2022-03-23 07:00:00,2024-03-23 07:00:00,2024-03-23 07:00:00,731,1,-0.3032104293734177,0.3032104293734177,{'model__alpha': 0.01}
2024-03-23 07:00:00,Random Forest,7,-0.8024810075865684,-0.5851329729633646,2022-03-23 07:00:00,2024-03-23 07:00:00,2024-03-23 07:00:00,731,1,-0.28640559026943707,0.28640559026943707,"{'max_depth': 10, 'max_features': 0.5, 'min_samples_leaf': 2, 'n_estimators': 100}"
2024-03-23 07:00:00,Neural Network,7,-0.8024810075865684,-0.45899823665290823,2022-03-23 07:00:00,2024-03-23 07:00:00,2024-03-23 07:00:00,731,1,-0.35941423956503044,0.35941423956503044,"{'regressor__model__alpha': 0.0001, 'regressor__model__hidden_layer_sizes': (64, 32), 'regressor__model__learning_rate_init': 0.0001}"
2024-03-23 07:00:00,Naive,7,-0.8024810075865684,-0.6289508902052,2022-03-23 07:00:00,2024-03-23 07:00:00,2024-03-23 07:00:00,731,1,,,not_applicable
2024-03-24 07:00:00,Decision Tree,7,-1.282018739540524,-1.1844362260011274,2022-03-24 07:00:00,2024-03-24 07:00:00,2024-03-24 07:00:00,731,1,-0.42290985504429074,0.42290985504429074,"{'max_depth': None, 'min_samples_leaf': 1, 'min_samples_split': 20}"
2024-03-24 07:00:00,ARX,7,-1.282018739540524,-1.196001800850785,2022-03-24 07:00:00,2024-03-24 07:00:00,2024-03-24 07:00:00,731,1,-0.3032104293734177,0.3032104293734177,{'model__alpha': 0.01}
2024-03-24 07:00:00,Random Forest,7,-1.282018739540524,-0.996915037997639,2022-03-24 07:00:00,2024-03-24 07:00:00,2024-03-24 07:00:00,731,1,-0.28640559026943707,0.28640559026943707,"{'max_depth': 10, 'max_features': 0.5, 'min_samples_leaf': 2, 'n_estimators': 100}"
2024-03-24 07:00:00,Neural Network,7,-1.282018739540524,-1.1723525978495797,2022-03-24 07:00:00,2024-03-24 07:00:00,2024-03-24 07:00:00,731,1,-0.35941423956503044,0.35941423956503044,"{'regressor__model__alpha': 0.0001, 'regressor__model__hidden_layer_sizes': (64, 32), 'regressor__model__learning_rate_init': 0.0001}"
2024-03-24 07:00:00,Naive,7,-1.282018739540524,-0.8024810075865684,2022-03-24 07:00:00,2024-03-24 07:00:00,2024-03-24 07:00:00,731,1,,,not_applicable
2024-03-25 07:00:00,Decision Tree,7,0.044269514363697034,-0.45757514268712196,2022-03-25 07:00:00,2024-03-25 07:00:00,2024-03-25 07:00:00,731,1,-0.42290985504429074,0.42290985504429074,"{'max_depth': None, 'min_samples_leaf': 1, 'min_samples_split': 20}"
2024-03-25 07:00:00,ARX,7,0.044269514363697034,-0.17592632399456243,2022-03-25 07:00:00,2024-03-25 07:00:00,2024-03-25 07:00:00,731,1,-0.3032104293734177,0.3032104293734177,{'model__alpha': 0.01}
2024-03-25 07:00:00,Random Forest,7,0.044269514363697034,-0.2675570209626387,2022-03-25 07:00:00,2024-03-25 07:00:00,2024-03-25 07:00:00,731,1,-0.28640559026943707,0.28640559026943707,"{'max_depth': 10, 'max_features': 0.5, 'min_samples_leaf': 2, 'n_estimators': 100}"
2024-03-25 07:00:00,Neural Network,7,0.044269514363697034,-0.3360625001327314,2022-03-25 07:00:00,2024-03-25 07:00:00,2024-03-25 07:00:00,731,1,-0.35941423956503044,0.35941423956503044,"{'regressor__model__alpha': 0.0001, 'regressor__model__hidden_layer_sizes': (64, 32), 'regressor__model__learning_rate_init': 0.0001}"
2024-03-25 07:00:00,Naive,7,0.044269514363697034,-1.282018739540524,2022-03-25 07:00:00,2024-03-25 07:00:00,2024-03-25 07:00:00,731,1,,,not_applicable
2024-03-26 07:00:00,Decision Tree,7,-0.4662123516067159,-0.45757514268712196,2022-03-26 07:00:00,2024-03-26 07:00:00,2024-03-26 07:00:00,731,1,-0.42290985504429074,0.42290985504429074,"{'max_depth': None, 'min_samples_leaf': 1, 'min_samples_split': 20}"
2024-03-26 07:00:00,ARX,7,-0.4662123516067159,-0.1692623490770701,2022-03-26 07:00:00,2024-03-26 07:00:00,2024-03-26 07:00:00,731,1,-0.3032104293734177,0.3032104293734177,{'model__alpha': 0.01}
2024-03-26 07:00:00,Random Forest,7,-0.4662123516067159,-0.22715131721662402,2022-03-26 07:00:00,2024-03-26 07:00:00,2024-03-26 07:00:00,731,1,-0.28640559026943707,0.28640559026943707,"{'max_depth': 10, 'max_features': 0.5, 'min_samples_leaf': 2, 'n_estimators': 100}"
2024-03-26 07:00:00,Neural Network,7,-0.4662123516067159,-0.3621735263772485,2022-03-26 07:00:00,2024-03-26 07:00:00,2024-03-26 07:00:00,731,1,-0.35941423956503044,0.35941423956503044,"{'regressor__model__alpha': 0.0001, 'regressor__model__hidden_layer_sizes': (64, 32), 'regressor__model__learning_rate_init': 0.0001}"
2024-03-26 07:00:00,Naive,7,-0.4662123516067159,0.044269514363697034,2022-03-26 07:00:00,2024-03-26 07:00:00,2024-03-26 07:00:00,731,1,,,not_applicable
2024-03-27 07:00:00,Decision Tree,7,-0.4147963617089137,-0.7406846994543381,2022-03-27 07:00:00,2024-03-27 07:00:00,2024-03-27 07:00:00,731,1,-0.42290985504429074,0.42290985504429074,"{'max_depth': None, 'min_samples_leaf': 1, 'min_samples_split': 20}"
2024-03-27 07:00:00,ARX,7,-0.4147963617089137,-0.32810050781193245,2022-03-27 07:00:00,2024-03-27 07:00:00,2024-03-27 07:00:00,731,1,-0.3032104293734177,0.3032104293734177,{'model__alpha': 0.01}
2024-03-27 07:00:00,Random Forest,7,-0.4147963617089137,-0.3454495571030723,2022-03-27 07:00:00,2024-03-27 07:00:00,2024-03-27 07:00:00,731,1,-0.28640559026943707,0.28640559026943707,"{'max_depth': 10, 'max_features': 0.5, 'min_samples_leaf': 2, 'n_estimators': 100}"
2024-03-27 07:00:00,Neural Network,7,-0.4147963617089137,-0.7089582499830749,2022-03-27 07:00:00,2024-03-27 07:00:00,2024-03-27 07:00:00,731,1,-0.35941423956503044,0.35941423956503044,"{'regressor__model__alpha': 0.0001, 'regressor__model__hidden_layer_sizes': (64, 32), 'regressor__model__learning_rate_init': 0.0001}"
2024-03-27 07:00:00,Naive,7,-0.4147963617089137,-0.4662123516067159,2022-03-27 07:00:00,2024-03-27 07:00:00,2024-03-27 07:00:00,731,1,,,not_applicable
2024-03-28 07:00:00,Decision Tree,7,-0.40690688571064193,-0.4544713634090661,2022-03-28 07:00:00,2024-03-28 07:00:00,2024-03-28 07:00:00,731,1,-0.42290985504429074,0.42290985504429074,"{'max_depth': None, 'min_samples_leaf': 1, 'min_samples_split': 20}"
2024-03-28 07:00:00,ARX,7,-0.40690688571064193,-0.19999495448077698,2022-03-28 07:00:00,2024-03-28 07:00:00,2024-03-28 07:00:00,731,1,-0.3032104293734177,0.3032104293734177,{'model__alpha': 0.01}
2024-03-28 07:00:00,Random Forest,7,-0.40690688571064193,-0.31954995373893996,2022-03-28 07:00:00,2024-03-28 07:00:00,2024-03-28 07:00:00,731,1,-0.28640559026943707,0.28640559026943707,"{'max_depth': 10, 'max_features': 0.5, 'min_samples_leaf': 2, 'n_estimators': 100}"
2024-03-28 07:00:00,Neural Network,7,-0.40690688571064193,-0.39073972289753073,2022-03-28 07:00:00,2024-03-28 07:00:00,2024-03-28 07:00:00,731,1,-0.35941423956503044,0.35941423956503044,"{'regressor__model__alpha': 0.0001, 'regressor__model__hidden_layer_sizes': (64, 32), 'regressor__model__learning_rate_init': 0.0001}"
2024-03-28 07:00:00,Naive,7,-0.40690688571064193,-0.4147963617089137,2022-03-28 07:00:00,2024-03-28 07:00:00,2024-03-28 07:00:00,731,1,,,not_applicable
2024-03-29 07:00:00,Decision Tree,7,-1.1122406274670187,-1.1901763738563862,2022-03-29 07:00:00,2024-03-29 07:00:00,2024-03-29 07:00:00,731,1,-0.42290985504429074,0.42290985504429074,"{'max_depth': None, 'min_samples_leaf': 1, 'min_samples_split': 20}"
2024-03-29 07:00:00,ARX,7,-1.1122406274670187,-1.2375141322515741,2022-03-29 07:00:00,2024-03-29 07:00:00,2024-03-29 07:00:00,731,1,-0.3032104293734177,0.3032104293734177,{'model__alpha': 0.01}
2024-03-29 07:00:00,Random Forest,7,-1.1122406274670187,-1.0400202059340025,2022-03-29 07:00:00,2024-03-29 07:00:00,2024-03-29 07:00:00,731,1,-0.28640559026943707,0.28640559026943707,"{'max_depth': 10, 'max_features': 0.5, 'min_samples_leaf': 2, 'n_estimators': 100}"
2024-03-29 07:00:00,Neural Network,7,-1.1122406274670187,-1.0480719989522707,2022-03-29 07:00:00,2024-03-29 07:00:00,2024-03-29 07:00:00,731,1,-0.35941423956503044,0.35941423956503044,"{'regressor__model__alpha': 0.0001, 'regressor__model__hidden_layer_sizes': (64, 32), 'regressor__model__learning_rate_init': 0.0001}"
2024-03-29 07:00:00,Naive,7,-1.1122406274670187,-0.40690688571064193,2022-03-29 07:00:00,2024-03-29 07:00:00,2024-03-29 07:00:00,731,1,,,not_applicable
2024-03-30 07:00:00,Decision Tree,7,-0.8556401503500444,-0.6362374889735875,2022-03-30 07:00:00,2024-03-30 07:00:00,2024-03-30 07:00:00,731,1,-0.42290985504429074,0.42290985504429074,"{'max_depth': None, 'min_samples_leaf': 1, 'min_samples_split': 20}"
2024-03-30 07:00:00,ARX,7,-0.8556401503500444,-0.6765484923650005,2022-03-30 07:00:00,2024-03-30 07:00:00,2024-03-30 07:00:00,731,1,-0.3032104293734177,0.3032104293734177,{'model__alpha': 0.01}
2024-03-30 07:00:00,Random Forest,7,-0.8556401503500444,-0.7304803302825283,2022-03-30 07:00:00,2024-03-30 07:00:00,2024-03-30 07:00:00,731,1,-0.28640559026943707,0.28640559026943707,"{'max_depth': 10, 'max_features': 0.5, 'min_samples_leaf': 2, 'n_estimators': 100}"
2024-03-30 07:00:00,Neural Network,7,-0.8556401503500444,-0.8980018646316523,2022-03-30 07:00:00,2024-03-30 07:00:00,2024-03-30 07:00:00,731,1,-0.35941423956503044,0.35941423956503044,"{'regressor__model__alpha': 0.0001, 'regressor__model__hidden_layer_sizes': (64, 32), 'regressor__model__learning_rate_init': 0.0001}"
2024-03-30 07:00:00,Naive,7,-0.8556401503500444,-1.1122406274670187,2022-03-30 07:00:00,2024-03-30 07:00:00,2024-03-30 07:00:00,731,1,,,not_applicable
2024-03-31 07:00:00,Decision Tree,7,-0.565514548310299,-1.185846610168088,2022-03-31 07:00:00,2024-03-31 07:00:00,2024-03-31 07:00:00,731,1,-0.42290985504429074,0.42290985504429074,"{'max_depth': None, 'min_samples_leaf': 1, 'min_samples_split': 20}"
2024-03-31 07:00:00,ARX,7,-0.565514548310299,-0.8730170355430076,2022-03-31 07:00:00,2024-03-31 07:00:00,2024-03-31 07:00:00,731,1,-0.3032104293734177,0.3032104293734177,{'model__alpha': 0.01}
2024-03-31 07:00:00,Random Forest,7,-0.565514548310299,-0.9406100901053942,2022-03-31 07:00:00,2024-03-31 07:00:00,2024-03-31 07:00:00,731,1,-0.28640559026943707,0.28640559026943707,"{'max_depth': 10, 'max_features': 0.5, 'min_samples_leaf': 2, 'n_estimators': 100}"
2024-03-31 07:00:00,Neural Network,7,-0.565514548310299,-0.7237101595533713,2022-03-31 07:00:00,2024-03-31 07:00:00,2024-03-31 07:00:00,731,1,-0.35941423956503044,0.35941423956503044,"{'regressor__model__alpha': 0.0001, 'regressor__model__hidden_layer_sizes': (64, 32), 'regressor__model__learning_rate_init': 0.0001}"
2024-03-31 07:00:00,Naive,7,-0.565514548310299,-0.8556401503500444,2022-03-31 07:00:00,2024-03-31 07:00:00,2024-03-31 07:00:00,731,1,,,not_applicable
2024-04-01 07:00:00,Decision Tree,7,-0.6547590833988576,-0.8071979911373396,2022-04-01 07:00:00,2024-04-01 07:00:00,2024-04-01 07:00:00,731,1,-0.42290985504429074,0.42290985504429074,"{'max_depth': None, 'min_samples_leaf': 1, 'min_samples_split': 20}"
2024-04-01 07:00:00,ARX,7,-0.6547590833988576,-0.6930344936799411,2022-04-01 07:00:00,2024-04-01 07:00:00,2024-04-01 07:00:00,731,1,-0.3032104293734177,0.3032104293734177,{'model__alpha': 0.01}
2024-04-01 07:00:00,Random Forest,7,-0.6547590833988576,-0.7238191745766295,2022-04-01 07:00:00,2024-04-01 07:00:00,2024-04-01 07:00:00,731,1,-0.28640559026943707,0.28640559026943707,"{'max_depth': 10, 'max_features': 0.5, 'min_samples_leaf': 2, 'n_estimators': 100}"
2024-04-01 07:00:00,Neural Network,7,-0.6547590833988576,-0.19847901036073445,2022-04-01 07:00:00,2024-04-01 07:00:00,2024-04-01 07:00:00,731,1,-0.35941423956503044,0.35941423956503044,"{'regressor__model__alpha': 0.0001, 'regressor__model__hidden_layer_sizes': (64, 32), 'regressor__model__learning_rate_init': 0.0001}"
2024-04-01 07:00:00,Naive,7,-0.6547590833988576,-0.565514548310299,2022-04-01 07:00:00,2024-04-01 07:00:00,2024-04-01 07:00:00,731,1,,,not_applicable
2024-04-02 07:00:00,Decision Tree,7,-0.5213581118811896,-0.5628370513803788,2022-04-02 07:00:00,2024-04-02 07:00:00,2024-04-02 07:00:00,731,1,-0.42290985504429074,0.42290985504429074,"{'max_depth': None, 'min_samples_leaf': 1, 'min_samples_split': 20}"
2024-04-02 07:00:00,ARX,7,-0.5213581118811896,-0.8662099514432755,2022-04-02 07:00:00,2024-04-02 07:00:00,2024-04-02 07:00:00,731,1,-0.3032104293734177,0.3032104293734177,{'model__alpha': 0.01}
2024-04-02 07:00:00,Random Forest,7,-0.5213581118811896,-0.5536700547356979,2022-04-02 07:00:00,2024-04-02 07:00:00,2024-04-02 07:00:00,731,1,-0.28640559026943707,0.28640559026943707,"{'max_depth': 10, 'max_features': 0.5, 'min_samples_leaf': 2, 'n_estimators': 100}"
2024-04-02 07:00:00,Neural Network,7,-0.5213581118811896,-0.5968128544887515,2022-04-02 07:00:00,2024-04-02 07:00:00,2024-04-02 07:00:00,731,1,-0.35941423956503044,0.35941423956503044,"{'regressor__model__alpha': 0.0001, 'regressor__model__hidden_layer_sizes': (64, 32), 'regressor__model__learning_rate_init': 0.0001}"
2024-04-02 07:00:00,Naive,7,-0.5213581118811896,-0.6547590833988576,2022-04-02 07:00:00,2024-04-02 07:00:00,2024-04-02 07:00:00,731,1,,,not_applicable
2024-04-03 07:00:00,Decision Tree,7,0.1337068910324638,-0.1277981543208162,2022-04-03 07:00:00,2024-04-03 07:00:00,2024-04-03 07:00:00,731,1,-0.42290985504429074,0.42290985504429074,"{'max_depth': None, 'min_samples_leaf': 1, 'min_samples_split': 20}"
2024-04-03 07:00:00,ARX,7,0.1337068910324638,-0.22146866694720713,2022-04-03 07:00:00,2024-04-03 07:00:00,2024-04-03 07:00:00,731,1,-0.3032104293734177,0.3032104293734177,{'model__alpha': 0.01}
2024-04-03 07:00:00,Random Forest,7,0.1337068910324638,-0.1989982997165638,2022-04-03 07:00:00,2024-04-03 07:00:00,2024-04-03 07:00:00,731,1,-0.28640559026943707,0.28640559026943707,"{'max_depth': 10, 'max_features': 0.5, 'min_samples_leaf': 2, 'n_estimators': 100}"
2024-04-03 07:00:00,Neural Network,7,0.1337068910324638,-0.15466874591518548,2022-04-03 07:00:00,2024-04-03 07:00:00,2024-04-03 07:00:00,731,1,-0.35941423956503044,0.35941423956503044,"{'regressor__model__alpha': 0.0001, 'regressor__model__hidden_layer_sizes': (64, 32), 'regressor__model__learning_rate_init': 0.0001}"
2024-04-03 07:00:00,Naive,7,0.1337068910324638,-0.5213581118811896,2022-04-03 07:00:00,2024-04-03 07:00:00,2024-04-03 07:00:00,731,1,,,not_applicable
2024-04-04 07:00:00,Decision Tree,7,-0.45288097600706706,-0.5605326658526462,2022-04-04 07:00:00,2024-04-04 07:00:00,2024-04-04 07:00:00,731,1,-0.42290985504429074,0.42290985504429074,"{'max_depth': None, 'min_samples_leaf': 1, 'min_samples_split': 20}"
2024-04-04 07:00:00,ARX,7,-0.45288097600706706,-0.49293141088888154,2022-04-04 07:00:00,2024-04-04 07:00:00,2024-04-04 07:00:00,731,1,-0.3032104293734177,0.3032104293734177,{'model__alpha': 0.01}
2024-04-04 07:00:00,Random Forest,7,-0.45288097600706706,-0.38359793013171334,2022-04-04 07:00:00,2024-04-04 07:00:00,2024-04-04 07:00:00,731,1,-0.28640559026943707,0.28640559026943707,"{'max_depth': 10, 'max_features': 0.5, 'min_samples_leaf': 2, 'n_estimators': 100}"
2024-04-04 07:00:00,Neural Network,7,-0.45288097600706706,-0.39871481315378265,2022-04-04 07:00:00,2024-04-04 07:00:00,2024-04-04 07:00:00,731,1,-0.35941423956503044,0.35941423956503044,"{'regressor__model__alpha': 0.0001, 'regressor__model__hidden_layer_sizes': (64, 32), 'regressor__model__learning_rate_init': 0.0001}"
2024-04-04 07:00:00,Naive,7,-0.45288097600706706,0.1337068910324638,2022-04-04 07:00:00,2024-04-04 07:00:00,2024-04-04 07:00:00,731,1,,,not_applicable
2024-04-05 07:00:00,Decision Tree,7,-0.37877421386315263,-0.4505076569341974,2022-04-05 07:00:00,2024-04-05 07:00:00,2024-04-05 07:00:00,731,1,-0.42290985504429074,0.42290985504429074,"{'max_depth': None, 'min_samples_leaf': 1, 'min_samples_split': 20}"
2024-04-05 07:00:00,ARX,7,-0.37877421386315263,-0.49142119142375335,2022-04-05 07:00:00,2024-04-05 07:00:00,2024-04-05 07:00:00,731,1,-0.3032104293734177,0.3032104293734177,{'model__alpha': 0.01}
2024-04-05 07:00:00,Random Forest,7,-0.37877421386315263,-0.4212545509179654,2022-04-05 07:00:00,2024-04-05 07:00:00,2024-04-05 07:00:00,731,1,-0.28640559026943707,0.28640559026943707,"{'max_depth': 10, 'max_features': 0.5, 'min_samples_leaf': 2, 'n_estimators': 100}"
2024-04-05 07:00:00,Neural Network,7,-0.37877421386315263,-0.4532107501861521,2022-04-05 07:00:00,2024-04-05 07:00:00,2024-04-05 07:00:00,731,1,-0.35941423956503044,0.35941423956503044,"{'regressor__model__alpha': 0.0001, 'regressor__model__hidden_layer_sizes': (64, 32), 'regressor__model__learning_rate_init': 0.0001}"
2024-04-05 07:00:00,Naive,7,-0.37877421386315263,-0.45288097600706706,2022-04-05 07:00:00,2024-04-05 07:00:00,2024-04-05 07:00:00,731,1,,,not_applicable
2024-04-06 07:00:00,Decision Tree,7,-0.7054335443559854,-0.7675528535661739,2022-04-06 07:00:00,2024-04-06 07:00:00,2024-04-06 07:00:00,731,1,-0.42290985504429074,0.42290985504429074,"{'max_depth': None, 'min_samples_leaf': 1, 'min_samples_split': 20}"
2024-04-06 07:00:00,ARX,7,-0.7054335443559854,-0.8598722971438119,2022-04-06 07:00:00,2024-04-06 07:00:00,2024-04-06 07:00:00,731,1,-0.3032104293734177,0.3032104293734177,{'model__alpha': 0.01}
2024-04-06 07:00:00,Random Forest,7,-0.7054335443559854,-0.7845449822118852,2022-04-06 07:00:00,2024-04-06 07:00:00,2024-04-06 07:00:00,731,1,-0.28640559026943707,0.28640559026943707,"{'max_depth': 10, 'max_features': 0.5, 'min_samples_leaf': 2, 'n_estimators': 100}"
2024-04-06 07:00:00,Neural Network,7,-0.7054335443559854,-0.7813805710267548,2022-04-06 07:00:00,2024-04-06 07:00:00,2024-04-06 07:00:00,731,1,-0.35941423956503044,0.35941423956503044,"{'regressor__model__alpha': 0.0001, 'regressor__model__hidden_layer_sizes': (64, 32), 'regressor__model__learning_rate_init': 0.0001}"
2024-04-06 07:00:00,Naive,7,-0.7054335443559854,-0.37877421386315263,2022-04-06 07:00:00,2024-04-06 07:00:00,2024-04-06 07:00:00,731,1,,,not_applicable
2024-04-07 07:00:00,Decision Tree,7,-1.296386105109496,-1.153197554280836,2022-04-07 07:00:00,2024-04-07 07:00:00,2024-04-07 07:00:00,731,1,-0.42290985504429074,0.42290985504429074,"{'max_depth': None, 'min_samples_leaf': 1, 'min_samples_split': 20}"
2024-04-07 07:00:00,ARX,7,-1.296386105109496,-1.337990989691915,2022-04-07 07:00:00,2024-04-07 07:00:00,2024-04-07 07:00:00,731,1,-0.3032104293734177,0.3032104293734177,{'model__alpha': 0.01}
2024-04-07 07:00:00,Random Forest,7,-1.296386105109496,-1.0718765172675122,2022-04-07 07:00:00,2024-04-07 07:00:00,2024-04-07 07:00:00,731,1,-0.28640559026943707,0.28640559026943707,"{'max_depth': 10, 'max_features': 0.5, 'min_samples_leaf': 2, 'n_estimators': 100}"
2024-04-07 07:00:00,Neural Network,7,-1.296386105109496,-1.3701792756629434,2022-04-07 07:00:00,2024-04-07 07:00:00,2024-04-07 07:00:00,731,1,-0.35941423956503044,0.35941423956503044,"{'regressor__model__alpha': 0.0001, 'regressor__model__hidden_layer_sizes': (64, 32), 'regressor__model__learning_rate_init': 0.0001}"
2024-04-07 07:00:00,Naive,7,-1.296386105109496,-0.7054335443559854,2022-04-07 07:00:00,2024-04-07 07:00:00,2024-04-07 07:00:00,731,1,,,not_applicable
2024-04-08 07:00:00,Decision Tree,7,0.5979130858208418,0.10657109106880829,2022-04-08 07:00:00,2024-04-08 07:00:00,2024-04-08 07:00:00,731,1,-0.42290985504429074,0.42290985504429074,"{'max_depth': None, 'min_samples_leaf': 1, 'min_samples_split': 20}"
2024-04-08 07:00:00,ARX,7,0.5979130858208418,-0.10453165796744718,2022-04-08 07:00:00,2024-04-08 07:00:00,2024-04-08 07:00:00,731,1,-0.3032104293734177,0.3032104293734177,{'model__alpha': 0.01}
2024-04-08 07:00:00,Random Forest,7,0.5979130858208418,0.1464405787054814,2022-04-08 07:00:00,2024-04-08 07:00:00,2024-04-08 07:00:00,731,1,-0.28640559026943707,0.28640559026943707,"{'max_depth': 10, 'max_features': 0.5, 'min_samples_leaf': 2, 'n_estimators': 100}"
2024-04-08 07:00:00,Neural Network,7,0.5979130858208418,-0.12859759924311537,2022-04-08 07:00:00,2024-04-08 07:00:00,2024-04-08 07:00:00,731,1,-0.35941423956503044,0.35941423956503044,"{'regressor__model__alpha': 0.0001, 'regressor__model__hidden_layer_sizes': (64, 32), 'regressor__model__learning_rate_init': 0.0001}"
2024-04-08 07:00:00,Naive,7,0.5979130858208418,-1.296386105109496,2022-04-08 07:00:00,2024-04-08 07:00:00,2024-04-08 07:00:00,731,1,,,not_applicable
2024-04-09 07:00:00,Decision Tree,7,-0.2760254221021991,-0.38316997054004426,2022-04-09 07:00:00,2024-04-09 07:00:00,2024-04-09 07:00:00,731,1,-0.42290985504429074,0.42290985504429074,"{'max_depth': None, 'min_samples_leaf': 1, 'min_samples_split': 20}"
2024-04-09 07:00:00,ARX,7,-0.2760254221021991,-0.20287117367002072,2022-04-09 07:00:00,2024-04-09 07:00:00,2024-04-09 07:00:00,731,1,-0.3032104293734177,0.3032104293734177,{'model__alpha': 0.01}
2024-04-09 07:00:00,Random Forest,7,-0.2760254221021991,-0.17203333529426668,2022-04-09 07:00:00,2024-04-09 07:00:00,2024-04-09 07:00:00,731,1,-0.28640559026943707,0.28640559026943707,"{'max_depth': 10, 'max_features': 0.5, 'min_samples_leaf': 2, 'n_estimators': 100}"
2024-04-09 07:00:00,Neural Network,7,-0.2760254221021991,-0.03945985251972478,2022-04-09 07:00:00,2024-04-09 07:00:00,2024-04-09 07:00:00,731,1,-0.35941423956503044,0.35941423956503044,"{'regressor__model__alpha': 0.0001, 'regressor__model__hidden_layer_sizes': (64, 32), 'regressor__model__learning_rate_init': 0.0001}"
2024-04-09 07:00:00,Naive,7,-0.2760254221021991,0.5979130858208418,2022-04-09 07:00:00,2024-04-09 07:00:00,2024-04-09 07:00:00,731,1,,,not_applicable
2024-04-10 07:00:00,Decision Tree,7,-0.14294028273347129,-0.2527129055039651,2022-04-10 07:00:00,2024-04-10 07:00:00,2024-04-10 07:00:00,731,1,-0.42290985504429074,0.42290985504429074,"{'max_depth': None, 'min_samples_leaf': 1, 'min_samples_split': 20}"
2024-04-10 07:00:00,ARX,7,-0.14294028273347129,-0.5881546269585516,2022-04-10 07:00:00,2024-04-10 07:00:00,2024-04-10 07:00:00,731,1,-0.3032104293734177,0.3032104293734177,{'model__alpha': 0.01}
2024-04-10 07:00:00,Random Forest,7,-0.14294028273347129,-0.43054929077375753,2022-04-10 07:00:00,2024-04-10 07:00:00,2024-04-10 07:00:00,731,1,-0.28640559026943707,0.28640559026943707,"{'max_depth': 10, 'max_features': 0.5, 'min_samples_leaf': 2, 'n_estimators': 100}"
2024-04-10 07:00:00,Neural Network,7,-0.14294028273347129,-0.5430758372712271,2022-04-10 07:00:00,2024-04-10 07:00:00,2024-04-10 07:00:00,731,1,-0.35941423956503044,0.35941423956503044,"{'regressor__model__alpha': 0.0001, 'regressor__model__hidden_layer_sizes': (64, 32), 'regressor__model__learning_rate_init': 0.0001}"
2024-04-10 07:00:00,Naive,7,-0.14294028273347129,-0.2760254221021991,2022-04-10 07:00:00,2024-04-10 07:00:00,2024-04-10 07:00:00,731,1,,,not_applicable
2024-04-11 07:00:00,Decision Tree,7,-0.5865282407974087,-0.36366077611109504,2022-04-11 07:00:00,2024-04-11 07:00:00,2024-04-11 07:00:00,731,1,-0.42290985504429074,0.42290985504429074,"{'max_depth': None, 'min_samples_leaf': 1, 'min_samples_split': 20}"
2024-04-11 07:00:00,ARX,7,-0.5865282407974087,-0.2153906682180189,2022-04-11 07:00:00,2024-04-11 07:00:00,2024-04-11 07:00:00,731,1,-0.3032104293734177,0.3032104293734177,{'model__alpha': 0.01}
2024-04-11 07:00:00,Random Forest,7,-0.5865282407974087,-0.2557203377443341,2022-04-11 07:00:00,2024-04-11 07:00:00,2024-04-11 07:00:00,731,1,-0.28640559026943707,0.28640559026943707,"{'max_depth': 10, 'max_features': 0.5, 'min_samples_leaf': 2, 'n_estimators': 100}"
2024-04-11 07:00:00,Neural Network,7,-0.5865282407974087,-0.33130089679599983,2022-04-11 07:00:00,2024-04-11 07:00:00,2024-04-11 07:00:00,731,1,-0.35941423956503044,0.35941423956503044,"{'regressor__model__alpha': 0.0001, 'regressor__model__hidden_layer_sizes': (64, 32), 'regressor__model__learning_rate_init': 0.0001}"
2024-04-11 07:00:00,Naive,7,-0.5865282407974087,-0.14294028273347129,2022-04-11 07:00:00,2024-04-11 07:00:00,2024-04-11 07:00:00,731,1,,,not_applicable
2024-04-12 07:00:00,Decision Tree,7,-0.17683754423047368,-0.2332039783831704,2022-04-12 07:00:00,2024-04-12 07:00:00,2024-04-12 07:00:00,731,1,-0.42290985504429074,0.42290985504429074,"{'max_depth': None, 'min_samples_leaf': 1, 'min_samples_split': 20}"
2024-04-12 07:00:00,ARX,7,-0.17683754423047368,-0.2608479872040227,2022-04-12 07:00:00,2024-04-12 07:00:00,2024-04-12 07:00:00,731,1,-0.3032104293734177,0.3032104293734177,{'model__alpha': 0.01}
2024-04-12 07:00:00,Random Forest,7,-0.17683754423047368,-0.25002420242559276,2022-04-12 07:00:00,2024-04-12 07:00:00,2024-04-12 07:00:00,731,1,-0.28640559026943707,0.28640559026943707,"{'max_depth': 10, 'max_features': 0.5, 'min_samples_leaf': 2, 'n_estimators': 100}"
2024-04-12 07:00:00,Neural Network,7,-0.17683754423047368,-0.4622385479032229,2022-04-12 07:00:00,2024-04-12 07:00:00,2024-04-12 07:00:00,731,1,-0.35941423956503044,0.35941423956503044,"{'regressor__model__alpha': 0.0001, 'regressor__model__hidden_layer_sizes': (64, 32), 'regressor__model__learning_rate_init': 0.0001}"
2024-04-12 07:00:00,Naive,7,-0.17683754423047368,-0.5865282407974087,2022-04-12 07:00:00,2024-04-12 07:00:00,2024-04-12 07:00:00,731,1,,,not_applicable
2024-04-13 07:00:00,Decision Tree,7,-0.9803328309590381,-0.6362374889735876,2022-04-13 07:00:00,2024-04-13 07:00:00,2024-04-13 07:00:00,731,1,-0.42290985504429074,0.42290985504429074,"{'max_depth': None, 'min_samples_leaf': 1, 'min_samples_split': 20}"
2024-04-13 07:00:00,ARX,7,-0.9803328309590381,-0.6234613170408841,2022-04-13 07:00:00,2024-04-13 07:00:00,2024-04-13 07:00:00,731,1,-0.3032104293734177,0.3032104293734177,{'model__alpha': 0.01}
2024-04-13 07:00:00,Random Forest,7,-0.9803328309590381,-0.6764273552702168,2022-04-13 07:00:00,2024-04-13 07:00:00,2024-04-13 07:00:00,731,1,-0.28640559026943707,0.28640559026943707,"{'max_depth': 10, 'max_features': 0.5, 'min_samples_leaf': 2, 'n_estimators': 100}"
2024-04-13 07:00:00,Neural Network,7,-0.9803328309590381,-0.7401554307483351,2022-04-13 07:00:00,2024-04-13 07:00:00,2024-04-13 07:00:00,731,1,-0.35941423956503044,0.35941423956503044,"{'regressor__model__alpha': 0.0001, 'regressor__model__hidden_layer_sizes': (64, 32), 'regressor__model__learning_rate_init': 0.0001}"
2024-04-13 07:00:00,Naive,7,-0.9803328309590381,-0.17683754423047368,2022-04-13 07:00:00,2024-04-13 07:00:00,2024-04-13 07:00:00,731,1,,,not_applicable
2024-04-14 07:00:00,Decision Tree,7,-1.1904674784412386,-1.2513386352545135,2022-04-14 07:00:00,2024-04-14 07:00:00,2024-04-14 07:00:00,731,1,-0.42290985504429074,0.42290985504429074,"{'max_depth': None, 'min_samples_leaf': 1, 'min_samples_split': 20}"
2024-04-14 07:00:00,ARX,7,-1.1904674784412386,-1.2912987949237495,2022-04-14 07:00:00,2024-04-14 07:00:00,2024-04-14 07:00:00,731,1,-0.3032104293734177,0.3032104293734177,{'model__alpha': 0.01}
2024-04-14 07:00:00,Random Forest,7,-1.1904674784412386,-1.1064695537592426,2022-04-14 07:00:00,2024-04-14 07:00:00,2024-04-14 07:00:00,731,1,-0.28640559026943707,0.28640559026943707,"{'max_depth': 10, 'max_features': 0.5, 'min_samples_leaf': 2, 'n_estimators': 100}"
2024-04-14 07:00:00,Neural Network,7,-1.1904674784412386,-1.2463032967256886,2022-04-14 07:00:00,2024-04-14 07:00:00,2024-04-14 07:00:00,731,1,-0.35941423956503044,0.35941423956503044,"{'regressor__model__alpha': 0.0001, 'regressor__model__hidden_layer_sizes': (64, 32), 'regressor__model__learning_rate_init': 0.0001}"
2024-04-14 07:00:00,Naive,7,-1.1904674784412386,-0.9803328309590381,2022-04-14 07:00:00,2024-04-14 07:00:00,2024-04-14 07:00:00,731,1,,,not_applicable
2024-04-15 07:00:00,Decision Tree,7,0.8590480098459334,-0.16515210837973507,2022-04-15 07:00:00,2024-04-15 07:00:00,2024-04-15 07:00:00,731,1,-0.42290985504429074,0.42290985504429074,"{'max_depth': None, 'min_samples_leaf': 1, 'min_samples_split': 20}"
2024-04-15 07:00:00,ARX,7,0.8590480098459334,0.04074455922734166,2022-04-15 07:00:00,2024-04-15 07:00:00,2024-04-15 07:00:00,731,1,-0.3032104293734177,0.3032104293734177,{'model__alpha': 0.01}
2024-04-15 07:00:00,Random Forest,7,0.8590480098459334,-0.08982261512058753,2022-04-15 07:00:00,2024-04-15 07:00:00,2024-04-15 07:00:00,731,1,-0.28640559026943707,0.28640559026943707,"{'max_depth': 10, 'max_features': 0.5, 'min_samples_leaf': 2, 'n_estimators': 100}"
2024-04-15 07:00:00,Neural Network,7,0.8590480098459334,0.09577060580549229,2022-04-15 07:00:00,2024-04-15 07:00:00,2024-04-15 07:00:00,731,1,-0.35941423956503044,0.35941423956503044,"{'regressor__model__alpha': 0.0001, 'regressor__model__hidden_layer_sizes': (64, 32), 'regressor__model__learning_rate_init': 0.0001}"
2024-04-15 07:00:00,Naive,7,0.8590480098459334,-1.1904674784412386,2022-04-15 07:00:00,2024-04-15 07:00:00,2024-04-15 07:00:00,731,1,,,not_applicable
2024-04-16 07:00:00,Decision Tree,7,-0.5058772573383189,-0.9393612072055028,2022-04-16 07:00:00,2024-04-16 07:00:00,2024-04-16 07:00:00,731,1,-0.42290985504429074,0.42290985504429074,"{'max_depth': None, 'min_samples_leaf': 1, 'min_samples_split': 20}"
2024-04-16 07:00:00,ARX,7,-0.5058772573383189,-0.5930016301756295,2022-04-16 07:00:00,2024-04-16 07:00:00,2024-04-16 07:00:00,731,1,-0.3032104293734177,0.3032104293734177,{'model__alpha': 0.01}
2024-04-16 07:00:00,Random Forest,7,-0.5058772573383189,-0.7618577852910126,2022-04-16 07:00:00,2024-04-16 07:00:00,2024-04-16 07:00:00,731,1,-0.28640559026943707,0.28640559026943707,"{'max_depth': 10, 'max_features': 0.5, 'min_samples_leaf': 2, 'n_estimators': 100}"
2024-04-16 07:00:00,Neural Network,7,-0.5058772573383189,-0.7174313299761346,2022-04-16 07:00:00,2024-04-16 07:00:00,2024-04-16 07:00:00,731,1,-0.35941423956503044,0.35941423956503044,"{'regressor__model__alpha': 0.0001, 'regressor__model__hidden_layer_sizes': (64, 32), 'regressor__model__learning_rate_init': 0.0001}"
2024-04-16 07:00:00,Naive,7,-0.5058772573383189,0.8590480098459334,2022-04-16 07:00:00,2024-04-16 07:00:00,2024-04-16 07:00:00,731,1,,,not_applicable
2024-04-17 07:00:00,Decision Tree,7,0.8733074833874105,0.39256246882658685,2022-04-17 07:00:00,2024-04-17 07:00:00,2024-04-17 07:00:00,731,1,-0.42290985504429074,0.42290985504429074,"{'max_depth': None, 'min_samples_leaf': 1, 'min_samples_split': 20}"
2024-04-17 07:00:00,ARX,7,0.8733074833874105,0.11247066112534887,2022-04-17 07:00:00,2024-04-17 07:00:00,2024-04-17 07:00:00,731,1,-0.3032104293734177,0.3032104293734177,{'model__alpha': 0.01}
2024-04-17 07:00:00,Random Forest,7,0.8733074833874105,0.1883582719326961,2022-04-17 07:00:00,2024-04-17 07:00:00,2024-04-17 07:00:00,731,1,-0.28640559026943707,0.28640559026943707,"{'max_depth': 10, 'max_features': 0.5, 'min_samples_leaf': 2, 'n_estimators': 100}"
2024-04-17 07:00:00,Neural Network,7,0.8733074833874105,0.27208009375352415,2022-04-17 07:00:00,2024-04-17 07:00:00,2024-04-17 07:00:00,731,1,-0.35941423956503044,0.35941423956503044,"{'regressor__model__alpha': 0.0001, 'regressor__model__hidden_layer_sizes': (64, 32), 'regressor__model__learning_rate_init': 0.0001}"
2024-04-17 07:00:00,Naive,7,0.8733074833874105,-0.5058772573383189,2022-04-17 07:00:00,2024-04-17 07:00:00,2024-04-17 07:00:00,731,1,,,not_applicable
2024-04-18 07:00:00,Decision Tree,7,0.705325149370268,0.10537004594825816,2022-04-18 07:00:00,2024-04-18 07:00:00,2024-04-18 07:00:00,731,1,-0.42290985504429074,0.42290985504429074,"{'max_depth': None, 'min_samples_leaf': 1, 'min_samples_split': 20}"
2024-04-18 07:00:00,ARX,7,0.705325149370268,0.23573593186462308,2022-04-18 07:00:00,2024-04-18 07:00:00,2024-04-18 07:00:00,731,1,-0.3032104293734177,0.3032104293734177,{'model__alpha': 0.01}
2024-04-18 07:00:00,Random Forest,7,0.705325149370268,0.29160620464813064,2022-04-18 07:00:00,2024-04-18 07:00:00,2024-04-18 07:00:00,731,1,-0.28640559026943707,0.28640559026943707,"{'max_depth': 10, 'max_features': 0.5, 'min_samples_leaf': 2, 'n_estimators': 100}"
2024-04-18 07:00:00,Neural Network,7,0.705325149370268,0.30957839757629735,2022-04-18 07:00:00,2024-04-18 07:00:00,2024-04-18 07:00:00,731,1,-0.35941423956503044,0.35941423956503044,"{'regressor__model__alpha': 0.0001, 'regressor__model__hidden_layer_sizes': (64, 32), 'regressor__model__learning_rate_init': 0.0001}"
2024-04-18 07:00:00,Naive,7,0.705325149370268,0.8733074833874105,2022-04-18 07:00:00,2024-04-18 07:00:00,2024-04-18 07:00:00,731,1,,,not_applicable
2024-04-19 07:00:00,Decision Tree,7,-0.5754849602117854,-0.3921741789800037,2022-04-19 07:00:00,2024-04-19 07:00:00,2024-04-19 07:00:00,731,1,-0.42290985504429074,0.42290985504429074,"{'max_depth': None, 'min_samples_leaf': 1, 'min_samples_split': 20}"
2024-04-19 07:00:00,ARX,7,-0.5754849602117854,-0.27857141885550396,2022-04-19 07:00:00,2024-04-19 07:00:00,2024-04-19 07:00:00,731,1,-0.3032104293734177,0.3032104293734177,{'model__alpha': 0.01}
2024-04-19 07:00:00,Random Forest,7,-0.5754849602117854,-0.3349971372234111,2022-04-19 07:00:00,2024-04-19 07:00:00,2024-04-19 07:00:00,731,1,-0.28640559026943707,0.28640559026943707,"{'max_depth': 10, 'max_features': 0.5, 'min_samples_leaf': 2, 'n_estimators': 100}"
2024-04-19 07:00:00,Neural Network,7,-0.5754849602117854,-0.12006779179286725,2022-04-19 07:00:00,2024-04-19 07:00:00,2024-04-19 07:00:00,731,1,-0.35941423956503044,0.35941423956503044,"{'regressor__model__alpha': 0.0001, 'regressor__model__hidden_layer_sizes': (64, 32), 'regressor__model__learning_rate_init': 0.0001}"
2024-04-19 07:00:00,Naive,7,-0.5754849602117854,0.705325149370268,2022-04-19 07:00:00,2024-04-19 07:00:00,2024-04-19 07:00:00,731,1,,,not_applicable
2024-04-20 07:00:00,Decision Tree,7,-0.5883268573682369,-1.0042080380180147,2022-04-20 07:00:00,2024-04-20 07:00:00,2024-04-20 07:00:00,731,1,-0.42290985504429074,0.42290985504429074,"{'max_depth': None, 'min_samples_leaf': 1, 'min_samples_split': 20}"
2024-04-20 07:00:00,ARX,7,-0.5883268573682369,-0.770803874273428,2022-04-20 07:00:00,2024-04-20 07:00:00,2024-04-20 07:00:00,731,1,-0.3032104293734177,0.3032104293734177,{'model__alpha': 0.01}
2024-04-20 07:00:00,Random Forest,7,-0.5883268573682369,-0.8293300992171235,2022-04-20 07:00:00,2024-04-20 07:00:00,2024-04-20 07:00:00,731,1,-0.28640559026943707,0.28640559026943707,"{'max_depth': 10, 'max_features': 0.5, 'min_samples_leaf': 2, 'n_estimators': 100}"
2024-04-20 07:00:00,Neural Network,7,-0.5883268573682369,-1.2455722527978939,2022-04-20 07:00:00,2024-04-20 07:00:00,2024-04-20 07:00:00,731,1,-0.35941423956503044,0.35941423956503044,"{'regressor__model__alpha': 0.0001, 'regressor__model__hidden_layer_sizes': (64, 32), 'regressor__model__learning_rate_init': 0.0001}"
2024-04-20 07:00:00,Naive,7,-0.5883268573682369,-0.5754849602117854,2022-04-20 07:00:00,2024-04-20 07:00:00,2024-04-20 07:00:00,731,1,,,not_applicable
2024-04-21 07:00:00,Decision Tree,7,-0.6859986432624479,-0.6219577811329903,2022-04-21 07:00:00,2024-04-21 07:00:00,2024-04-21 07:00:00,731,1,-0.42290985504429074,0.42290985504429074,"{'max_depth': None, 'min_samples_leaf': 1, 'min_samples_split': 20}"
2024-04-21 07:00:00,ARX,7,-0.6859986432624479,-0.6317270782178076,2022-04-21 07:00:00,2024-04-21 07:00:00,2024-04-21 07:00:00,731,1,-0.3032104293734177,0.3032104293734177,{'model__alpha': 0.01}
2024-04-21 07:00:00,Random Forest,7,-0.6859986432624479,-0.6094190732988483,2022-04-21 07:00:00,2024-04-21 07:00:00,2024-04-21 07:00:00,731,1,-0.28640559026943707,0.28640559026943707,"{'max_depth': 10, 'max_features': 0.5, 'min_samples_leaf': 2, 'n_estimators': 100}"
2024-04-21 07:00:00,Neural Network,7,-0.6859986432624479,-0.8127981497786029,2022-04-21 07:00:00,2024-04-21 07:00:00,2024-04-21 07:00:00,731,1,-0.35941423956503044,0.35941423956503044,"{'regressor__model__alpha': 0.0001, 'regressor__model__hidden_layer_sizes': (64, 32), 'regressor__model__learning_rate_init': 0.0001}"
2024-04-21 07:00:00,Naive,7,-0.6859986432624479,-0.5883268573682369,2022-04-21 07:00:00,2024-04-21 07:00:00,2024-04-21 07:00:00,731,1,,,not_applicable
2024-04-22 07:00:00,Decision Tree,7,0.37932206691698434,0.1824001370083801,2022-04-22 07:00:00,2024-04-22 07:00:00,2024-04-22 07:00:00,731,1,-0.42290985504429074,0.42290985504429074,"{'max_depth': None, 'min_samples_leaf': 1, 'min_samples_split': 20}"
2024-04-22 07:00:00,ARX,7,0.37932206691698434,0.14475376588751976,2022-04-22 07:00:00,2024-04-22 07:00:00,2024-04-22 07:00:00,731,1,-0.3032104293734177,0.3032104293734177,{'model__alpha': 0.01}
2024-04-22 07:00:00,Random Forest,7,0.37932206691698434,0.20387145399600523,2022-04-22 07:00:00,2024-04-22 07:00:00,2024-04-22 07:00:00,731,1,-0.28640559026943707,0.28640559026943707,"{'max_depth': 10, 'max_features': 0.5, 'min_samples_leaf': 2, 'n_estimators': 100}"
2024-04-22 07:00:00,Neural Network,7,0.37932206691698434,-0.06624174086605061,2022-04-22 07:00:00,2024-04-22 07:00:00,2024-04-22 07:00:00,731,1,-0.35941423956503044,0.35941423956503044,"{'regressor__model__alpha': 0.0001, 'regressor__model__hidden_layer_sizes': (64, 32), 'regressor__model__learning_rate_init': 0.0001}"
2024-04-22 07:00:00,Naive,7,0.37932206691698434,-0.6859986432624479,2022-04-22 07:00:00,2024-04-22 07:00:00,2024-04-22 07:00:00,731,1,,,not_applicable
2024-04-23 07:00:00,Decision Tree,7,1.0176643057044445,0.7268480123185742,2022-04-23 07:00:00,2024-04-23 07:00:00,2024-04-23 07:00:00,731,1,-0.42290985504429074,0.42290985504429074,"{'max_depth': None, 'min_samples_leaf': 1, 'min_samples_split': 20}"
2024-04-23 07:00:00,ARX,7,1.0176643057044445,0.41342025847716635,2022-04-23 07:00:00,2024-04-23 07:00:00,2024-04-23 07:00:00,731,1,-0.3032104293734177,0.3032104293734177,{'model__alpha': 0.01}
2024-04-23 07:00:00,Random Forest,7,1.0176643057044445,0.38068103510449497,2022-04-23 07:00:00,2024-04-23 07:00:00,2024-04-23 07:00:00,731,1,-0.28640559026943707,0.28640559026943707,"{'max_depth': 10, 'max_features': 0.5, 'min_samples_leaf': 2, 'n_estimators': 100}"
2024-04-23 07:00:00,Neural Network,7,1.0176643057044445,0.5354978408878021,2022-04-23 07:00:00,2024-04-23 07:00:00,2024-04-23 07:00:00,731,1,-0.35941423956503044,0.35941423956503044,"{'regressor__model__alpha': 0.0001, 'regressor__model__hidden_layer_sizes': (64, 32), 'regressor__model__learning_rate_init': 0.0001}"
2024-04-23 07:00:00,Naive,7,1.0176643057044445,0.37932206691698434,2022-04-23 07:00:00,2024-04-23 07:00:00,2024-04-23 07:00:00,731,1,,,not_applicable
2024-04-24 07:00:00,Decision Tree,7,0.34278353251362964,-0.023918479959336644,2022-04-24 07:00:00,2024-04-24 07:00:00,2024-04-24 07:00:00,731,1,-0.42290985504429074,0.42290985504429074,"{'max_depth': None, 'min_samples_leaf': 1, 'min_samples_split': 20}"
2024-04-24 07:00:00,ARX,7,0.34278353251362964,0.11682200017970562,2022-04-24 07:00:00,2024-04-24 07:00:00,2024-04-24 07:00:00,731,1,-0.3032104293734177,0.3032104293734177,{'model__alpha': 0.01}
2024-04-24 07:00:00,Random Forest,7,0.34278353251362964,0.25587787613415536,2022-04-24 07:00:00,2024-04-24 07:00:00,2024-04-24 07:00:00,731,1,-0.28640559026943707,0.28640559026943707,"{'max_depth': 10, 'max_features': 0.5, 'min_samples_leaf': 2, 'n_estimators': 100}"
2024-04-24 07:00:00,Neural Network,7,0.34278353251362964,0.3979061869658317,2022-04-24 07:00:00,2024-04-24 07:00:00,2024-04-24 07:00:00,731,1,-0.35941423956503044,0.35941423956503044,"{'regressor__model__alpha': 0.0001, 'regressor__model__hidden_layer_sizes': (64, 32), 'regressor__model__learning_rate_init': 0.0001}"
2024-04-24 07:00:00,Naive,7,0.34278353251362964,1.0176643057044445,2022-04-24 07:00:00,2024-04-24 07:00:00,2024-04-24 07:00:00,731,1,,,not_applicable
2024-04-25 07:00:00,Decision Tree,7,0.3608409385752177,0.22790664362712762,2022-04-25 07:00:00,2024-04-25 07:00:00,2024-04-25 07:00:00,731,1,-0.42290985504429074,0.42290985504429074,"{'max_depth': None, 'min_samples_leaf': 1, 'min_samples_split': 20}"
2024-04-25 07:00:00,ARX,7,0.3608409385752177,0.24620292214449452,2022-04-25 07:00:00,2024-04-25 07:00:00,2024-04-25 07:00:00,731,1,-0.3032104293734177,0.3032104293734177,{'model__alpha': 0.01}
2024-04-25 07:00:00,Random Forest,7,0.3608409385752177,0.25006663734027446,2022-04-25 07:00:00,2024-04-25 07:00:00,2024-04-25 07:00:00,731,1,-0.28640559026943707,0.28640559026943707,"{'max_depth': 10, 'max_features': 0.5, 'min_samples_leaf': 2, 'n_estimators': 100}"
2024-04-25 07:00:00,Neural Network,7,0.3608409385752177,0.3323054098411938,2022-04-25 07:00:00,2024-04-25 07:00:00,2024-04-25 07:00:00,731,1,-0.35941423956503044,0.35941423956503044,"{'regressor__model__alpha': 0.0001, 'regressor__model__hidden_layer_sizes': (64, 32), 'regressor__model__learning_rate_init': 0.0001}"
2024-04-25 07:00:00,Naive,7,0.3608409385752177,0.34278353251362964,2022-04-25 07:00:00,2024-04-25 07:00:00,2024-04-25 07:00:00,731,1,,,not_applicable
2024-04-26 07:00:00,Decision Tree,7,-0.03418299034592476,0.3615831798899517,2022-04-26 07:00:00,2024-04-26 07:00:00,2024-04-26 07:00:00,731,1,-0.42290985504429074,0.42290985504429074,"{'max_depth': None, 'min_samples_leaf': 1, 'min_samples_split': 20}"
2024-04-26 07:00:00,ARX,7,-0.03418299034592476,0.012362830873859587,2022-04-26 07:00:00,2024-04-26 07:00:00,2024-04-26 07:00:00,731,1,-0.3032104293734177,0.3032104293734177,{'model__alpha': 0.01}
2024-04-26 07:00:00,Random Forest,7,-0.03418299034592476,0.09471225498467126,2022-04-26 07:00:00,2024-04-26 07:00:00,2024-04-26 07:00:00,731,1,-0.28640559026943707,0.28640559026943707,"{'max_depth': 10, 'max_features': 0.5, 'min_samples_leaf': 2, 'n_estimators': 100}"
2024-04-26 07:00:00,Neural Network,7,-0.03418299034592476,-0.24520709163486587,2022-04-26 07:00:00,2024-04-26 07:00:00,2024-04-26 07:00:00,731,1,-0.35941423956503044,0.35941423956503044,"{'regressor__model__alpha': 0.0001, 'regressor__model__hidden_layer_sizes': (64, 32), 'regressor__model__learning_rate_init': 0.0001}"
2024-04-26 07:00:00,Naive,7,-0.03418299034592476,0.3608409385752177,2022-04-26 07:00:00,2024-04-26 07:00:00,2024-04-26 07:00:00,731,1,,,not_applicable
2024-04-27 07:00:00,Decision Tree,7,-0.42904220847745067,-0.3548965900895118,2022-04-27 07:00:00,2024-04-27 07:00:00,2024-04-27 07:00:00,731,1,-0.42290985504429074,0.42290985504429074,"{'max_depth': None, 'min_samples_leaf': 1, 'min_samples_split': 20}"
2024-04-27 07:00:00,ARX,7,-0.42904220847745067,-0.26811048321389336,2022-04-27 07:00:00,2024-04-27 07:00:00,2024-04-27 07:00:00,731,1,-0.3032104293734177,0.3032104293734177,{'model__alpha': 0.01}
2024-04-27 07:00:00,Random Forest,7,-0.42904220847745067,-0.43255060951989976,2022-04-27 07:00:00,2024-04-27 07:00:00,2024-04-27 07:00:00,731,1,-0.28640559026943707,0.28640559026943707,"{'max_depth': 10, 'max_features': 0.5, 'min_samples_leaf': 2, 'n_estimators': 100}"
2024-04-27 07:00:00,Neural Network,7,-0.42904220847745067,-0.3006359116408702,2022-04-27 07:00:00,2024-04-27 07:00:00,2024-04-27 07:00:00,731,1,-0.35941423956503044,0.35941423956503044,"{'regressor__model__alpha': 0.0001, 'regressor__model__hidden_layer_sizes': (64, 32), 'regressor__model__learning_rate_init': 0.0001}"
2024-04-27 07:00:00,Naive,7,-0.42904220847745067,-0.03418299034592476,2022-04-27 07:00:00,2024-04-27 07:00:00,2024-04-27 07:00:00,731,1,,,not_applicable
2024-04-28 07:00:00,Decision Tree,7,-1.3221141537556527,-1.2357569942372655,2022-04-28 07:00:00,2024-04-28 07:00:00,2024-04-28 07:00:00,731,1,-0.42290985504429074,0.42290985504429074,"{'max_depth': None, 'min_samples_leaf': 1, 'min_samples_split': 20}"
2024-04-28 07:00:00,ARX,7,-1.3221141537556527,-0.7987255236290511,2022-04-28 07:00:00,2024-04-28 07:00:00,2024-04-28 07:00:00,731,1,-0.3032104293734177,0.3032104293734177,{'model__alpha': 0.01}
2024-04-28 07:00:00,Random Forest,7,-1.3221141537556527,-0.9021148007685664,2022-04-28 07:00:00,2024-04-28 07:00:00,2024-04-28 07:00:00,731,1,-0.28640559026943707,0.28640559026943707,"{'max_depth': 10, 'max_features': 0.5, 'min_samples_leaf': 2, 'n_estimators': 100}"
2024-04-28 07:00:00,Neural Network,7,-1.3221141537556527,-0.9412677928916003,2022-04-28 07:00:00,2024-04-28 07:00:00,2024-04-28 07:00:00,731,1,-0.35941423956503044,0.35941423956503044,"{'regressor__model__alpha': 0.0001, 'regressor__model__hidden_layer_sizes': (64, 32), 'regressor__model__learning_rate_init': 0.0001}"
2024-04-28 07:00:00,Naive,7,-1.3221141537556527,-0.42904220847745067,2022-04-28 07:00:00,2024-04-28 07:00:00,2024-04-28 07:00:00,731,1,,,not_applicable
2024-04-29 07:00:00,Decision Tree,7,0.2027583783704073,-0.3354221331420583,2022-04-29 07:00:00,2024-04-29 07:00:00,2024-04-29 07:00:00,731,1,-0.42290985504429074,0.42290985504429074,"{'max_depth': None, 'min_samples_leaf': 1, 'min_samples_split': 20}"
2024-04-29 07:00:00,ARX,7,0.2027583783704073,-0.0907953875405984,2022-04-29 07:00:00,2024-04-29 07:00:00,2024-04-29 07:00:00,731,1,-0.3032104293734177,0.3032104293734177,{'model__alpha': 0.01}
2024-04-29 07:00:00,Random Forest,7,0.2027583783704073,-0.18710722275820443,2022-04-29 07:00:00,2024-04-29 07:00:00,2024-04-29 07:00:00,731,1,-0.28640559026943707,0.28640559026943707,"{'max_depth': 10, 'max_features': 0.5, 'min_samples_leaf': 2, 'n_estimators': 100}"
2024-04-29 07:00:00,Neural Network,7,0.2027583783704073,-0.19070560794723035,2022-04-29 07:00:00,2024-04-29 07:00:00,2024-04-29 07:00:00,731,1,-0.35941423956503044,0.35941423956503044,"{'regressor__model__alpha': 0.0001, 'regressor__model__hidden_layer_sizes': (64, 32), 'regressor__model__learning_rate_init': 0.0001}"
2024-04-29 07:00:00,Naive,7,0.2027583783704073,-1.3221141537556527,2022-04-29 07:00:00,2024-04-29 07:00:00,2024-04-29 07:00:00,731,1,,,not_applicable
2024-04-30 07:00:00,Decision Tree,7,-0.05791868954379029,-0.16515210837973507,2022-04-30 07:00:00,2024-04-30 07:00:00,2024-04-30 07:00:00,731,1,-0.42290985504429074,0.42290985504429074,"{'max_depth': None, 'min_samples_leaf': 1, 'min_samples_split': 20}"
2024-04-30 07:00:00,ARX,7,-0.05791868954379029,0.1364010071326769,2022-04-30 07:00:00,2024-04-30 07:00:00,2024-04-30 07:00:00,731,1,-0.3032104293734177,0.3032104293734177,{'model__alpha': 0.01}
2024-04-30 07:00:00,Random Forest,7,-0.05791868954379029,0.2242941292159688,2022-04-30 07:00:00,2024-04-30 07:00:00,2024-04-30 07:00:00,731,1,-0.28640559026943707,0.28640559026943707,"{'max_depth': 10, 'max_features': 0.5, 'min_samples_leaf': 2, 'n_estimators': 100}"
2024-04-30 07:00:00,Neural Network,7,-0.05791868954379029,0.21970515468897872,2022-04-30 07:00:00,2024-04-30 07:00:00,2024-04-30 07:00:00,731,1,-0.35941423956503044,0.35941423956503044,"{'regressor__model__alpha': 0.0001, 'regressor__model__hidden_layer_sizes': (64, 32), 'regressor__model__learning_rate_init': 0.0001}"
2024-04-30 07:00:00,Naive,7,-0.05791868954379029,0.2027583783704073,2022-04-30 07:00:00,2024-04-30 07:00:00,2024-04-30 07:00:00,731,1,,,not_applicable
2024-05-01 07:00:00,Decision Tree,7,-1.0698753253251256,-0.5562883135298405,2022-05-01 07:00:00,2024-05-01 07:00:00,2024-05-01 07:00:00,731,1,-0.42290985504429074,0.42290985504429074,"{'max_depth': None, 'min_samples_leaf': 1, 'min_samples_split': 20}"
2024-05-01 07:00:00,ARX,7,-1.0698753253251256,-0.5573707117297992,2022-05-01 07:00:00,2024-05-01 07:00:00,2024-05-01 07:00:00,731,1,-0.3032104293734177,0.3032104293734177,{'model__alpha': 0.01}
2024-05-01 07:00:00,Random Forest,7,-1.0698753253251256,-0.6530249572315573,2022-05-01 07:00:00,2024-05-01 07:00:00,2024-05-01 07:00:00,731,1,-0.28640559026943707,0.28640559026943707,"{'max_depth': 10, 'max_features': 0.5, 'min_samples_leaf': 2, 'n_estimators': 100}"
2024-05-01 07:00:00,Neural Network,7,-1.0698753253251256,-0.5759056198362493,2022-05-01 07:00:00,2024-05-01 07:00:00,2024-05-01 07:00:00,731,1,-0.35941423956503044,0.35941423956503044,"{'regressor__model__alpha': 0.0001, 'regressor__model__hidden_layer_sizes': (64, 32), 'regressor__model__learning_rate_init': 0.0001}"
2024-05-01 07:00:00,Naive,7,-1.0698753253251256,-0.05791868954379029,2022-05-01 07:00:00,2024-05-01 07:00:00,2024-05-01 07:00:00,731,1,,,not_applicable
2024-05-02 07:00:00,Decision Tree,7,-0.4336327813138251,-0.9593286539100211,2022-05-02 07:00:00,2024-05-02 07:00:00,2024-05-02 07:00:00,731,1,-0.42290985504429074,0.42290985504429074,"{'max_depth': None, 'min_samples_leaf': 1, 'min_samples_split': 20}"
2024-05-02 07:00:00,ARX,7,-0.4336327813138251,-0.7444074987819926,2022-05-02 07:00:00,2024-05-02 07:00:00,2024-05-02 07:00:00,731,1,-0.3032104293734177,0.3032104293734177,{'model__alpha': 0.01}
2024-05-02 07:00:00,Random Forest,7,-0.4336327813138251,-0.6743767851220214,2022-05-02 07:00:00,2024-05-02 07:00:00,2024-05-02 07:00:00,731,1,-0.28640559026943707,0.28640559026943707,"{'max_depth': 10, 'max_features': 0.5, 'min_samples_leaf': 2, 'n_estimators': 100}"
2024-05-02 07:00:00,Neural Network,7,-0.4336327813138251,-0.8592427637242674,2022-05-02 07:00:00,2024-05-02 07:00:00,2024-05-02 07:00:00,731,1,-0.35941423956503044,0.35941423956503044,"{'regressor__model__alpha': 0.0001, 'regressor__model__hidden_layer_sizes': (64, 32), 'regressor__model__learning_rate_init': 0.0001}"
2024-05-02 07:00:00,Naive,7,-0.4336327813138251,-1.0698753253251256,2022-05-02 07:00:00,2024-05-02 07:00:00,2024-05-02 07:00:00,731,1,,,not_applicable
2024-05-03 07:00:00,Decision Tree,7,-0.3210776200006299,-0.2678199381597475,2022-05-03 07:00:00,2024-05-03 07:00:00,2024-05-03 07:00:00,731,1,-0.42290985504429074,0.42290985504429074,"{'max_depth': None, 'min_samples_leaf': 1, 'min_samples_split': 20}"
2024-05-03 07:00:00,ARX,7,-0.3210776200006299,-0.33542404044067226,2022-05-03 07:00:00,2024-05-03 07:00:00,2024-05-03 07:00:00,731,1,-0.3032104293734177,0.3032104293734177,{'model__alpha': 0.01}
2024-05-03 07:00:00,Random Forest,7,-0.3210776200006299,-0.2901574253431959,2022-05-03 07:00:00,2024-05-03 07:00:00,2024-05-03 07:00:00,731,1,-0.28640559026943707,0.28640559026943707,"{'max_depth': 10, 'max_features': 0.5, 'min_samples_leaf': 2, 'n_estimators': 100}"
2024-05-03 07:00:00,Neural Network,7,-0.3210776200006299,-0.3140070320068938,2022-05-03 07:00:00,2024-05-03 07:00:00,2024-05-03 07:00:00,731,1,-0.35941423956503044,0.35941423956503044,"{'regressor__model__alpha': 0.0001, 'regressor__model__hidden_layer_sizes': (64, 32), 'regressor__model__learning_rate_init': 0.0001}"
2024-05-03 07:00:00,Naive,7,-0.3210776200006299,-0.4336327813138251,2022-05-03 07:00:00,2024-05-03 07:00:00,2024-05-03 07:00:00,731,1,,,not_applicable
2024-05-04 07:00:00,Decision Tree,7,-0.24680971085472259,-0.5295987108635644,2022-05-04 07:00:00,2024-05-04 07:00:00,2024-05-04 07:00:00,731,1,-0.42290985504429074,0.42290985504429074,"{'max_depth': None, 'min_samples_leaf': 1, 'min_samples_split': 20}"
2024-05-04 07:00:00,ARX,7,-0.24680971085472259,-0.3910467277288687,2022-05-04 07:00:00,2024-05-04 07:00:00,2024-05-04 07:00:00,731,1,-0.3032104293734177,0.3032104293734177,{'model__alpha': 0.01}
2024-05-04 07:00:00,Random Forest,7,-0.24680971085472259,-0.4940879760165797,2022-05-04 07:00:00,2024-05-04 07:00:00,2024-05-04 07:00:00,731,1,-0.28640559026943707,0.28640559026943707,"{'max_depth': 10, 'max_features': 0.5, 'min_samples_leaf': 2, 'n_estimators': 100}"
2024-05-04 07:00:00,Neural Network,7,-0.24680971085472259,-0.08567799816041533,2022-05-04 07:00:00,2024-05-04 07:00:00,2024-05-04 07:00:00,731,1,-0.35941423956503044,0.35941423956503044,"{'regressor__model__alpha': 0.0001, 'regressor__model__hidden_layer_sizes': (64, 32), 'regressor__model__learning_rate_init': 0.0001}"
2024-05-04 07:00:00,Naive,7,-0.24680971085472259,-0.3210776200006299,2022-05-04 07:00:00,2024-05-04 07:00:00,2024-05-04 07:00:00,731,1,,,not_applicable
2024-05-05 07:00:00,Decision Tree,7,-0.7589688256687191,-1.1639539812329665,2022-05-05 07:00:00,2024-05-05 07:00:00,2024-05-05 07:00:00,731,1,-0.42290985504429074,0.42290985504429074,"{'max_depth': None, 'min_samples_leaf': 1, 'min_samples_split': 20}"
2024-05-05 07:00:00,ARX,7,-0.7589688256687191,-0.5944908033273015,2022-05-05 07:00:00,2024-05-05 07:00:00,2024-05-05 07:00:00,731,1,-0.3032104293734177,0.3032104293734177,{'model__alpha': 0.01}
2024-05-05 07:00:00,Random Forest,7,-0.7589688256687191,-0.6780895927625277,2022-05-05 07:00:00,2024-05-05 07:00:00,2024-05-05 07:00:00,731,1,-0.28640559026943707,0.28640559026943707,"{'max_depth': 10, 'max_features': 0.5, 'min_samples_leaf': 2, 'n_estimators': 100}"
2024-05-05 07:00:00,Neural Network,7,-0.7589688256687191,-0.6557184185870741,2022-05-05 07:00:00,2024-05-05 07:00:00,2024-05-05 07:00:00,731,1,-0.35941423956503044,0.35941423956503044,"{'regressor__model__alpha': 0.0001, 'regressor__model__hidden_layer_sizes': (64, 32), 'regressor__model__learning_rate_init': 0.0001}"
2024-05-05 07:00:00,Naive,7,-0.7589688256687191,-0.24680971085472259,2022-05-05 07:00:00,2024-05-05 07:00:00,2024-05-05 07:00:00,731,1,,,not_applicable
2024-05-06 07:00:00,Decision Tree,7,0.4230101965531472,0.02506543193911202,2022-05-06 07:00:00,2024-05-06 07:00:00,2024-05-06 07:00:00,731,1,-0.42290985504429074,0.42290985504429074,"{'max_depth': None, 'min_samples_leaf': 1, 'min_samples_split': 20}"
2024-05-06 07:00:00,ARX,7,0.4230101965531472,0.22364073842109666,2022-05-06 07:00:00,2024-05-06 07:00:00,2024-05-06 07:00:00,731,1,-0.3032104293734177,0.3032104293734177,{'model__alpha': 0.01}
2024-05-06 07:00:00,Random Forest,7,0.4230101965531472,0.09950079129208778,2022-05-06 07:00:00,2024-05-06 07:00:00,2024-05-06 07:00:00,731,1,-0.28640559026943707,0.28640559026943707,"{'max_depth': 10, 'max_features': 0.5, 'min_samples_leaf': 2, 'n_estimators': 100}"
2024-05-06 07:00:00,Neural Network,7,0.4230101965531472,-0.05481651639252905,2022-05-06 07:00:00,2024-05-06 07:00:00,2024-05-06 07:00:00,731,1,-0.35941423956503044,0.35941423956503044,"{'regressor__model__alpha': 0.0001, 'regressor__model__hidden_layer_sizes': (64, 32), 'regressor__model__learning_rate_init': 0.0001}"
2024-05-06 07:00:00,Naive,7,0.4230101965531472,-0.7589688256687191,2022-05-06 07:00:00,2024-05-06 07:00:00,2024-05-06 07:00:00,731,1,,,not_applicable
2024-05-07 07:00:00,Decision Tree,7,0.29129744411857783,0.02702179203376386,2022-05-07 07:00:00,2024-05-07 07:00:00,2024-05-07 07:00:00,731,1,-0.42290985504429074,0.42290985504429074,"{'max_depth': None, 'min_samples_leaf': 1, 'min_samples_split': 20}"
2024-05-07 07:00:00,ARX,7,0.29129744411857783,0.17918988651493623,2022-05-07 07:00:00,2024-05-07 07:00:00,2024-05-07 07:00:00,731,1,-0.3032104293734177,0.3032104293734177,{'model__alpha': 0.01}
2024-05-07 07:00:00,Random Forest,7,0.29129744411857783,0.12226714480497869,2022-05-07 07:00:00,2024-05-07 07:00:00,2024-05-07 07:00:00,731,1,-0.28640559026943707,0.28640559026943707,"{'max_depth': 10, 'max_features': 0.5, 'min_samples_leaf': 2, 'n_estimators': 100}"
2024-05-07 07:00:00,Neural Network,7,0.29129744411857783,0.23221790871444198,2022-05-07 07:00:00,2024-05-07 07:00:00,2024-05-07 07:00:00,731,1,-0.35941423956503044,0.35941423956503044,"{'regressor__model__alpha': 0.0001, 'regressor__model__hidden_layer_sizes': (64, 32), 'regressor__model__learning_rate_init': 0.0001}"
2024-05-07 07:00:00,Naive,7,0.29129744411857783,0.4230101965531472,2022-05-07 07:00:00,2024-05-07 07:00:00,2024-05-07 07:00:00,731,1,,,not_applicable
2024-05-08 07:00:00,Decision Tree,7,0.2504255592807023,0.8654323128207076,2022-05-08 07:00:00,2024-05-08 07:00:00,2024-05-08 07:00:00,731,1,-0.42290985504429074,0.42290985504429074,"{'max_depth': None, 'min_samples_leaf': 1, 'min_samples_split': 20}"
2024-05-08 07:00:00,ARX,7,0.2504255592807023,0.1536283978414139,2022-05-08 07:00:00,2024-05-08 07:00:00,2024-05-08 07:00:00,731,1,-0.3032104293734177,0.3032104293734177,{'model__alpha': 0.01}
2024-05-08 07:00:00,Random Forest,7,0.2504255592807023,0.20188617965263425,2022-05-08 07:00:00,2024-05-08 07:00:00,2024-05-08 07:00:00,731,1,-0.28640559026943707,0.28640559026943707,"{'max_depth': 10, 'max_features': 0.5, 'min_samples_leaf': 2, 'n_estimators': 100}"
2024-05-08 07:00:00,Neural Network,7,0.2504255592807023,0.19586798746815567,2022-05-08 07:00:00,2024-05-08 07:00:00,2024-05-08 07:00:00,731,1,-0.35941423956503044,0.35941423956503044,"{'regressor__model__alpha': 0.0001, 'regressor__model__hidden_layer_sizes': (64, 32), 'regressor__model__learning_rate_init': 0.0001}"
2024-05-08 07:00:00,Naive,7,0.2504255592807023,0.29129744411857783,2022-05-08 07:00:00,2024-05-08 07:00:00,2024-05-08 07:00:00,731,1,,,not_applicable
2024-05-09 07:00:00,Decision Tree,7,-0.39025614503157324,-0.6337843638780013,2022-05-09 07:00:00,2024-05-09 07:00:00,2024-05-09 07:00:00,731,1,-0.42290985504429074,0.42290985504429074,"{'max_depth': None, 'min_samples_leaf': 1, 'min_samples_split': 20}"
2024-05-09 07:00:00,ARX,7,-0.39025614503157324,-0.35517921924415086,2022-05-09 07:00:00,2024-05-09 07:00:00,2024-05-09 07:00:00,731,1,-0.3032104293734177,0.3032104293734177,{'model__alpha': 0.01}
2024-05-09 07:00:00,Random Forest,7,-0.39025614503157324,-0.426708900277835,2022-05-09 07:00:00,2024-05-09 07:00:00,2024-05-09 07:00:00,731,1,-0.28640559026943707,0.28640559026943707,"{'max_depth': 10, 'max_features': 0.5, 'min_samples_leaf': 2, 'n_estimators': 100}"
2024-05-09 07:00:00,Neural Network,7,-0.39025614503157324,-0.7668352218197318,2022-05-09 07:00:00,2024-05-09 07:00:00,2024-05-09 07:00:00,731,1,-0.35941423956503044,0.35941423956503044,"{'regressor__model__alpha': 0.0001, 'regressor__model__hidden_layer_sizes': (64, 32), 'regressor__model__learning_rate_init': 0.0001}"
2024-05-09 07:00:00,Naive,7,-0.39025614503157324,0.2504255592807023,2022-05-09 07:00:00,2024-05-09 07:00:00,2024-05-09 07:00:00,731,1,,,not_applicable
2024-05-10 07:00:00,Decision Tree,7,0.09673344021255738,-0.0368985267454018,2022-05-10 07:00:00,2024-05-10 07:00:00,2024-05-10 07:00:00,731,1,-0.42290985504429074,0.42290985504429074,"{'max_depth': None, 'min_samples_leaf': 1, 'min_samples_split': 20}"
2024-05-10 07:00:00,ARX,7,0.09673344021255738,0.03552104706540837,2022-05-10 07:00:00,2024-05-10 07:00:00,2024-05-10 07:00:00,731,1,-0.3032104293734177,0.3032104293734177,{'model__alpha': 0.01}
2024-05-10 07:00:00,Random Forest,7,0.09673344021255738,-0.11927959448859682,2022-05-10 07:00:00,2024-05-10 07:00:00,2024-05-10 07:00:00,731,1,-0.28640559026943707,0.28640559026943707,"{'max_depth': 10, 'max_features': 0.5, 'min_samples_leaf': 2, 'n_estimators': 100}"
2024-05-10 07:00:00,Neural Network,7,0.09673344021255738,-0.20186047180726557,2022-05-10 07:00:00,2024-05-10 07:00:00,2024-05-10 07:00:00,731,1,-0.35941423956503044,0.35941423956503044,"{'regressor__model__alpha': 0.0001, 'regressor__model__hidden_layer_sizes': (64, 32), 'regressor__model__learning_rate_init': 0.0001}"
2024-05-10 07:00:00,Naive,7,0.09673344021255738,-0.39025614503157324,2022-05-10 07:00:00,2024-05-10 07:00:00,2024-05-10 07:00:00,731,1,,,not_applicable
2024-05-11 07:00:00,Decision Tree,7,-0.40147899500983397,-0.842073807104479,2022-05-11 07:00:00,2024-05-11 07:00:00,2024-05-11 07:00:00,731,1,-0.42290985504429074,0.42290985504429074,"{'max_depth': None, 'min_samples_leaf': 1, 'min_samples_split': 20}"
2024-05-11 07:00:00,ARX,7,-0.40147899500983397,-0.13869648759560055,2022-05-11 07:00:00,2024-05-11 07:00:00,2024-05-11 07:00:00,731,1,-0.3032104293734177,0.3032104293734177,{'model__alpha': 0.01}
2024-05-11 07:00:00,Random Forest,7,-0.40147899500983397,-0.42279522399214625,2022-05-11 07:00:00,2024-05-11 07:00:00,2024-05-11 07:00:00,731,1,-0.28640559026943707,0.28640559026943707,"{'max_depth': 10, 'max_features': 0.5, 'min_samples_leaf': 2, 'n_estimators': 100}"
2024-05-11 07:00:00,Neural Network,7,-0.40147899500983397,-0.2053577762668204,2022-05-11 07:00:00,2024-05-11 07:00:00,2024-05-11 07:00:00,731,1,-0.35941423956503044,0.35941423956503044,"{'regressor__model__alpha': 0.0001, 'regressor__model__hidden_layer_sizes': (64, 32), 'regressor__model__learning_rate_init': 0.0001}"
2024-05-11 07:00:00,Naive,7,-0.40147899500983397,0.09673344021255738,2022-05-11 07:00:00,2024-05-11 07:00:00,2024-05-11 07:00:00,731,1,,,not_applicable
2024-05-12 07:00:00,Decision Tree,7,-1.3052281465016817,-0.8434923452260996,2022-05-12 07:00:00,2024-05-12 07:00:00,2024-05-12 07:00:00,731,1,-0.42290985504429074,0.42290985504429074,"{'max_depth': None, 'min_samples_leaf': 1, 'min_samples_split': 20}"
2024-05-12 07:00:00,ARX,7,-1.3052281465016817,-0.6772881630635181,2022-05-12 07:00:00,2024-05-12 07:00:00,2024-05-12 07:00:00,731,1,-0.3032104293734177,0.3032104293734177,{'model__alpha': 0.01}
2024-05-12 07:00:00,Random Forest,7,-1.3052281465016817,-0.7166146438883589,2022-05-12 07:00:00,2024-05-12 07:00:00,2024-05-12 07:00:00,731,1,-0.28640559026943707,0.28640559026943707,"{'max_depth': 10, 'max_features': 0.5, 'min_samples_leaf': 2, 'n_estimators': 100}"
2024-05-12 07:00:00,Neural Network,7,-1.3052281465016817,-0.6832979777934116,2022-05-12 07:00:00,2024-05-12 07:00:00,2024-05-12 07:00:00,731,1,-0.35941423956503044,0.35941423956503044,"{'regressor__model__alpha': 0.0001, 'regressor__model__hidden_layer_sizes': (64, 32), 'regressor__model__learning_rate_init': 0.0001}"
2024-05-12 07:00:00,Naive,7,-1.3052281465016817,-0.40147899500983397,2022-05-12 07:00:00,2024-05-12 07:00:00,2024-05-12 07:00:00,731,1,,,not_applicable
2024-05-13 07:00:00,Decision Tree,7,0.05514741399622664,-0.33781742926796277,2022-05-13 07:00:00,2024-05-13 07:00:00,2024-05-13 07:00:00,731,1,-0.42290985504429074,0.42290985504429074,"{'max_depth': None, 'min_samples_leaf': 1, 'min_samples_split': 20}"
2024-05-13 07:00:00,ARX,7,0.05514741399622664,-0.42596011251590776,2022-05-13 07:00:00,2024-05-13 07:00:00,2024-05-13 07:00:00,731,1,-0.3032104293734177,0.3032104293734177,{'model__alpha': 0.01}
2024-05-13 07:00:00,Random Forest,7,0.05514741399622664,-0.3920288653323086,2022-05-13 07:00:00,2024-05-13 07:00:00,2024-05-13 07:00:00,731,1,-0.28640559026943707,0.28640559026943707,"{'max_depth': 10, 'max_features': 0.5, 'min_samples_leaf': 2, 'n_estimators': 100}"
2024-05-13 07:00:00,Neural Network,7,0.05514741399622664,-0.3815076434015325,2022-05-13 07:00:00,2024-05-13 07:00:00,2024-05-13 07:00:00,731,1,-0.35941423956503044,0.35941423956503044,"{'regressor__model__alpha': 0.0001, 'regressor__model__hidden_layer_sizes': (64, 32), 'regressor__model__learning_rate_init': 0.0001}"
2024-05-13 07:00:00,Naive,7,0.05514741399622664,-1.3052281465016817,2022-05-13 07:00:00,2024-05-13 07:00:00,2024-05-13 07:00:00,731,1,,,not_applicable
2024-05-14 07:00:00,Decision Tree,7,-0.4361620505754466,-0.5014881191568912,2022-05-14 07:00:00,2024-05-14 07:00:00,2024-05-14 07:00:00,731,1,-0.42290985504429074,0.42290985504429074,"{'max_depth': None, 'min_samples_leaf': 1, 'min_samples_split': 20}"
2024-05-14 07:00:00,ARX,7,-0.4361620505754466,-0.31769124981115826,2022-05-14 07:00:00,2024-05-14 07:00:00,2024-05-14 07:00:00,731,1,-0.3032104293734177,0.3032104293734177,{'model__alpha': 0.01}
2024-05-14 07:00:00,Random Forest,7,-0.4361620505754466,-0.4985211903303455,2022-05-14 07:00:00,2024-05-14 07:00:00,2024-05-14 07:00:00,731,1,-0.28640559026943707,0.28640559026943707,"{'max_depth': 10, 'max_features': 0.5, 'min_samples_leaf': 2, 'n_estimators': 100}"
2024-05-14 07:00:00,Neural Network,7,-0.4361620505754466,-0.2944100694005166,2022-05-14 07:00:00,2024-05-14 07:00:00,2024-05-14 07:00:00,731,1,-0.35941423956503044,0.35941423956503044,"{'regressor__model__alpha': 0.0001, 'regressor__model__hidden_layer_sizes': (64, 32), 'regressor__model__learning_rate_init': 0.0001}"
2024-05-14 07:00:00,Naive,7,-0.4361620505754466,0.05514741399622664,2022-05-14 07:00:00,2024-05-14 07:00:00,2024-05-14 07:00:00,731,1,,,not_applicable
2024-05-15 07:00:00,Decision Tree,7,-0.25689182053723925,-0.47662798034101483,2022-05-15 07:00:00,2024-05-15 07:00:00,2024-05-15 07:00:00,731,1,-0.42290985504429074,0.42290985504429074,"{'max_depth': None, 'min_samples_leaf': 1, 'min_samples_split': 20}"
2024-05-15 07:00:00,ARX,7,-0.25689182053723925,-0.687184304418232,2022-05-15 07:00:00,2024-05-15 07:00:00,2024-05-15 07:00:00,731,1,-0.3032104293734177,0.3032104293734177,{'model__alpha': 0.01}
2024-05-15 07:00:00,Random Forest,7,-0.25689182053723925,-0.5012055139813303,2022-05-15 07:00:00,2024-05-15 07:00:00,2024-05-15 07:00:00,731,1,-0.28640559026943707,0.28640559026943707,"{'max_depth': 10, 'max_features': 0.5, 'min_samples_leaf': 2, 'n_estimators': 100}"
2024-05-15 07:00:00,Neural Network,7,-0.25689182053723925,-0.3825124570083558,2022-05-15 07:00:00,2024-05-15 07:00:00,2024-05-15 07:00:00,731,1,-0.35941423956503044,0.35941423956503044,"{'regressor__model__alpha': 0.0001, 'regressor__model__hidden_layer_sizes': (64, 32), 'regressor__model__learning_rate_init': 0.0001}"
2024-05-15 07:00:00,Naive,7,-0.25689182053723925,-0.4361620505754466,2022-05-15 07:00:00,2024-05-15 07:00:00,2024-05-15 07:00:00,731,1,,,not_applicable
2024-05-16 07:00:00,Decision Tree,7,-0.1246758794611563,-0.4045936560127794,2022-05-16 07:00:00,2024-05-16 07:00:00,2024-05-16 07:00:00,731,1,-0.42290985504429074,0.42290985504429074,"{'max_depth': None, 'min_samples_leaf': 1, 'min_samples_split': 20}"
2024-05-16 07:00:00,ARX,7,-0.1246758794611563,-0.49397777709851026,2022-05-16 07:00:00,2024-05-16 07:00:00,2024-05-16 07:00:00,731,1,-0.3032104293734177,0.3032104293734177,{'model__alpha': 0.01}
2024-05-16 07:00:00,Random Forest,7,-0.1246758794611563,-0.4668360596065788,2022-05-16 07:00:00,2024-05-16 07:00:00,2024-05-16 07:00:00,731,1,-0.28640559026943707,0.28640559026943707,"{'max_depth': 10, 'max_features': 0.5, 'min_samples_leaf': 2, 'n_estimators': 100}"
2024-05-16 07:00:00,Neural Network,7,-0.1246758794611563,-0.46074010820184125,2022-05-16 07:00:00,2024-05-16 07:00:00,2024-05-16 07:00:00,731,1,-0.35941423956503044,0.35941423956503044,"{'regressor__model__alpha': 0.0001, 'regressor__model__hidden_layer_sizes': (64, 32), 'regressor__model__learning_rate_init': 0.0001}"
2024-05-16 07:00:00,Naive,7,-0.1246758794611563,-0.25689182053723925,2022-05-16 07:00:00,2024-05-16 07:00:00,2024-05-16 07:00:00,731,1,,,not_applicable
2024-05-17 07:00:00,Decision Tree,7,-0.05008657329699196,-0.6440000321019899,2022-05-17 07:00:00,2024-05-17 07:00:00,2024-05-17 07:00:00,731,1,-0.42290985504429074,0.42290985504429074,"{'max_depth': None, 'min_samples_leaf': 1, 'min_samples_split': 20}"
2024-05-17 07:00:00,ARX,7,-0.05008657329699196,-0.33193553596137526,2022-05-17 07:00:00,2024-05-17 07:00:00,2024-05-17 07:00:00,731,1,-0.3032104293734177,0.3032104293734177,{'model__alpha': 0.01}
2024-05-17 07:00:00,Random Forest,7,-0.05008657329699196,-0.262585625161722,2022-05-17 07:00:00,2024-05-17 07:00:00,2024-05-17 07:00:00,731,1,-0.28640559026943707,0.28640559026943707,"{'max_depth': 10, 'max_features': 0.5, 'min_samples_leaf': 2, 'n_estimators': 100}"
2024-05-17 07:00:00,Neural Network,7,-0.05008657329699196,-0.07554207275360025,2022-05-17 07:00:00,2024-05-17 07:00:00,2024-05-17 07:00:00,731,1,-0.35941423956503044,0.35941423956503044,"{'regressor__model__alpha': 0.0001, 'regressor__model__hidden_layer_sizes': (64, 32), 'regressor__model__learning_rate_init': 0.0001}"
2024-05-17 07:00:00,Naive,7,-0.05008657329699196,-0.1246758794611563,2022-05-17 07:00:00,2024-05-17 07:00:00,2024-05-17 07:00:00,731,1,,,not_applicable
2024-05-18 07:00:00,Decision Tree,7,-0.538218134116291,-0.6433408333549798,2022-05-18 07:00:00,2024-05-18 07:00:00,2024-05-18 07:00:00,731,1,-0.42290985504429074,0.42290985504429074,"{'max_depth': None, 'min_samples_leaf': 1, 'min_samples_split': 20}"
2024-05-18 07:00:00,ARX,7,-0.538218134116291,-0.49156906190336236,2022-05-18 07:00:00,2024-05-18 07:00:00,2024-05-18 07:00:00,731,1,-0.3032104293734177,0.3032104293734177,{'model__alpha': 0.01}
2024-05-18 07:00:00,Random Forest,7,-0.538218134116291,-0.5332115367718593,2022-05-18 07:00:00,2024-05-18 07:00:00,2024-05-18 07:00:00,731,1,-0.28640559026943707,0.28640559026943707,"{'max_depth': 10, 'max_features': 0.5, 'min_samples_leaf': 2, 'n_estimators': 100}"
2024-05-18 07:00:00,Neural Network,7,-0.538218134116291,-0.659189283215451,2022-05-18 07:00:00,2024-05-18 07:00:00,2024-05-18 07:00:00,731,1,-0.35941423956503044,0.35941423956503044,"{'regressor__model__alpha': 0.0001, 'regressor__model__hidden_layer_sizes': (64, 32), 'regressor__model__learning_rate_init': 0.0001}"
2024-05-18 07:00:00,Naive,7,-0.538218134116291,-0.05008657329699196,2022-05-18 07:00:00,2024-05-18 07:00:00,2024-05-18 07:00:00,731,1,,,not_applicable
2024-05-19 07:00:00,Decision Tree,7,-0.5387740260431556,-1.1198827387410886,2022-05-19 07:00:00,2024-05-19 07:00:00,2024-05-19 07:00:00,731,1,-0.42290985504429074,0.42290985504429074,"{'max_depth': None, 'min_samples_leaf': 1, 'min_samples_split': 20}"
2024-05-19 07:00:00,ARX,7,-0.5387740260431556,-0.5652621994158502,2022-05-19 07:00:00,2024-05-19 07:00:00,2024-05-19 07:00:00,731,1,-0.3032104293734177,0.3032104293734177,{'model__alpha': 0.01}
2024-05-19 07:00:00,Random Forest,7,-0.5387740260431556,-0.7564090810852416,2022-05-19 07:00:00,2024-05-19 07:00:00,2024-05-19 07:00:00,731,1,-0.28640559026943707,0.28640559026943707,"{'max_depth': 10, 'max_features': 0.5, 'min_samples_leaf': 2, 'n_estimators': 100}"
2024-05-19 07:00:00,Neural Network,7,-0.5387740260431556,-0.6594221528882913,2022-05-19 07:00:00,2024-05-19 07:00:00,2024-05-19 07:00:00,731,1,-0.35941423956503044,0.35941423956503044,"{'regressor__model__alpha': 0.0001, 'regressor__model__hidden_layer_sizes': (64, 32), 'regressor__model__learning_rate_init': 0.0001}"
2024-05-19 07:00:00,Naive,7,-0.5387740260431556,-0.538218134116291,2022-05-19 07:00:00,2024-05-19 07:00:00,2024-05-19 07:00:00,731,1,,,not_applicable
2024-05-20 07:00:00,Decision Tree,7,0.060607118565416215,-1.128713200183851,2022-05-20 07:00:00,2024-05-20 07:00:00,2024-05-20 07:00:00,731,1,-0.42290985504429074,0.42290985504429074,"{'max_depth': None, 'min_samples_leaf': 1, 'min_samples_split': 20}"
2024-05-20 07:00:00,ARX,7,0.060607118565416215,-0.3272901791315553,2022-05-20 07:00:00,2024-05-20 07:00:00,2024-05-20 07:00:00,731,1,-0.3032104293734177,0.3032104293734177,{'model__alpha': 0.01}
2024-05-20 07:00:00,Random Forest,7,0.060607118565416215,-0.575621205013115,2022-05-20 07:00:00,2024-05-20 07:00:00,2024-05-20 07:00:00,731,1,-0.28640559026943707,0.28640559026943707,"{'max_depth': 10, 'max_features': 0.5, 'min_samples_leaf': 2, 'n_estimators': 100}"
2024-05-20 07:00:00,Neural Network,7,0.060607118565416215,-0.7036403623746732,2022-05-20 07:00:00,2024-05-20 07:00:00,2024-05-20 07:00:00,731,1,-0.35941423956503044,0.35941423956503044,"{'regressor__model__alpha': 0.0001, 'regressor__model__hidden_layer_sizes': (64, 32), 'regressor__model__learning_rate_init': 0.0001}"
2024-05-20 07:00:00,Naive,7,0.060607118565416215,-0.5387740260431556,2022-05-20 07:00:00,2024-05-20 07:00:00,2024-05-20 07:00:00,731,1,,,not_applicable
2024-05-21 07:00:00,Decision Tree,7,0.358574809243317,-0.4661945464960623,2022-05-21 07:00:00,2024-05-21 07:00:00,2024-05-21 07:00:00,731,1,-0.42290985504429074,0.42290985504429074,"{'max_depth': None, 'min_samples_leaf': 1, 'min_samples_split': 20}"
2024-05-21 07:00:00,ARX,7,0.358574809243317,-0.02394511670584154,2022-05-21 07:00:00,2024-05-21 07:00:00,2024-05-21 07:00:00,731,1,-0.3032104293734177,0.3032104293734177,{'model__alpha': 0.01}
2024-05-21 07:00:00,Random Forest,7,0.358574809243317,-0.25292530500351557,2022-05-21 07:00:00,2024-05-21 07:00:00,2024-05-21 07:00:00,731,1,-0.28640559026943707,0.28640559026943707,"{'max_depth': 10, 'max_features': 0.5, 'min_samples_leaf': 2, 'n_estimators': 100}"
2024-05-21 07:00:00,Neural Network,7,0.358574809243317,-0.09951149755277205,2022-05-21 07:00:00,2024-05-21 07:00:00,2024-05-21 07:00:00,731,1,-0.35941423956503044,0.35941423956503044,"{'regressor__model__alpha': 0.0001, 'regressor__model__hidden_layer_sizes': (64, 32), 'regressor__model__learning_rate_init': 0.0001}"
2024-05-21 07:00:00,Naive,7,0.358574809243317,0.060607118565416215,2022-05-21 07:00:00,2024-05-21 07:00:00,2024-05-21 07:00:00,731,1,,,not_applicable
2024-05-22 07:00:00,Decision Tree,7,0.019022270509074717,0.358574809243317,2022-05-22 07:00:00,2024-05-22 07:00:00,2024-05-22 07:00:00,731,1,-0.42290985504429074,0.42290985504429074,"{'max_depth': None, 'min_samples_leaf': 1, 'min_samples_split': 20}"
2024-05-22 07:00:00,ARX,7,0.019022270509074717,-0.2277689664717163,2022-05-22 07:00:00,2024-05-22 07:00:00,2024-05-22 07:00:00,731,1,-0.3032104293734177,0.3032104293734177,{'model__alpha': 0.01}
2024-05-22 07:00:00,Random Forest,7,0.019022270509074717,-0.2223326295202823,2022-05-22 07:00:00,2024-05-22 07:00:00,2024-05-22 07:00:00,731,1,-0.28640559026943707,0.28640559026943707,"{'max_depth': 10, 'max_features': 0.5, 'min_samples_leaf': 2, 'n_estimators': 100}"
2024-05-22 07:00:00,Neural Network,7,0.019022270509074717,-0.029401405266724412,2022-05-22 07:00:00,2024-05-22 07:00:00,2024-05-22 07:00:00,731,1,-0.35941423956503044,0.35941423956503044,"{'regressor__model__alpha': 0.0001, 'regressor__model__hidden_layer_sizes': (64, 32), 'regressor__model__learning_rate_init': 0.0001}"
2024-05-22 07:00:00,Naive,7,0.019022270509074717,0.358574809243317,2022-05-22 07:00:00,2024-05-22 07:00:00,2024-05-22 07:00:00,731,1,,,not_applicable
2024-05-23 07:00:00,Decision Tree,7,0.28085366042436327,-0.12245046006818429,2022-05-23 07:00:00,2024-05-23 07:00:00,2024-05-23 07:00:00,731,1,-0.42290985504429074,0.42290985504429074,"{'max_depth': None, 'min_samples_leaf': 1, 'min_samples_split': 20}"
2024-05-23 07:00:00,ARX,7,0.28085366042436327,0.20397002264977854,2022-05-23 07:00:00,2024-05-23 07:00:00,2024-05-23 07:00:00,731,1,-0.3032104293734177,0.3032104293734177,{'model__alpha': 0.01}
2024-05-23 07:00:00,Random Forest,7,0.28085366042436327,0.04377297735249835,2022-05-23 07:00:00,2024-05-23 07:00:00,2024-05-23 07:00:00,731,1,-0.28640559026943707,0.28640559026943707,"{'max_depth': 10, 'max_features': 0.5, 'min_samples_leaf': 2, 'n_estimators': 100}"
2024-05-23 07:00:00,Neural Network,7,0.28085366042436327,-0.09705656428943527,2022-05-23 07:00:00,2024-05-23 07:00:00,2024-05-23 07:00:00,731,1,-0.35941423956503044,0.35941423956503044,"{'regressor__model__alpha': 0.0001, 'regressor__model__hidden_layer_sizes': (64, 32), 'regressor__model__learning_rate_init': 0.0001}"
2024-05-23 07:00:00,Naive,7,0.28085366042436327,0.019022270509074717,2022-05-23 07:00:00,2024-05-23 07:00:00,2024-05-23 07:00:00,731,1,,,not_applicable
2024-05-24 07:00:00,Decision Tree,7,0.3521838891778153,0.028095550891032328,2022-05-24 07:00:00,2024-05-24 07:00:00,2024-05-24 07:00:00,731,1,-0.42290985504429074,0.42290985504429074,"{'max_depth': None, 'min_samples_leaf': 1, 'min_samples_split': 20}"
2024-05-24 07:00:00,ARX,7,0.3521838891778153,0.4340880149728711,2022-05-24 07:00:00,2024-05-24 07:00:00,2024-05-24 07:00:00,731,1,-0.3032104293734177,0.3032104293734177,{'model__alpha': 0.01}
2024-05-24 07:00:00,Random Forest,7,0.3521838891778153,0.4639100873451656,2022-05-24 07:00:00,2024-05-24 07:00:00,2024-05-24 07:00:00,731,1,-0.28640559026943707,0.28640559026943707,"{'max_depth': 10, 'max_features': 0.5, 'min_samples_leaf': 2, 'n_estimators': 100}"
2024-05-24 07:00:00,Neural Network,7,0.3521838891778153,0.1412347781112273,2022-05-24 07:00:00,2024-05-24 07:00:00,2024-05-24 07:00:00,731,1,-0.35941423956503044,0.35941423956503044,"{'regressor__model__alpha': 0.0001, 'regressor__model__hidden_layer_sizes': (64, 32), 'regressor__model__learning_rate_init': 0.0001}"
2024-05-24 07:00:00,Naive,7,0.3521838891778153,0.28085366042436327,2022-05-24 07:00:00,2024-05-24 07:00:00,2024-05-24 07:00:00,731,1,,,not_applicable
2024-05-25 07:00:00,Decision Tree,7,-0.2725063315382219,-0.08061200897940612,2022-05-25 07:00:00,2024-05-25 07:00:00,2024-05-25 07:00:00,731,1,-0.42290985504429074,0.42290985504429074,"{'max_depth': None, 'min_samples_leaf': 1, 'min_samples_split': 20}"
2024-05-25 07:00:00,ARX,7,-0.2725063315382219,-0.11420160411244723,2022-05-25 07:00:00,2024-05-25 07:00:00,2024-05-25 07:00:00,731,1,-0.3032104293734177,0.3032104293734177,{'model__alpha': 0.01}
2024-05-25 07:00:00,Random Forest,7,-0.2725063315382219,-0.41191077060421605,2022-05-25 07:00:00,2024-05-25 07:00:00,2024-05-25 07:00:00,731,1,-0.28640559026943707,0.28640559026943707,"{'max_depth': 10, 'max_features': 0.5, 'min_samples_leaf': 2, 'n_estimators': 100}"
2024-05-25 07:00:00,Neural Network,7,-0.2725063315382219,-0.29923091338755314,2022-05-25 07:00:00,2024-05-25 07:00:00,2024-05-25 07:00:00,731,1,-0.35941423956503044,0.35941423956503044,"{'regressor__model__alpha': 0.0001, 'regressor__model__hidden_layer_sizes': (64, 32), 'regressor__model__learning_rate_init': 0.0001}"
2024-05-25 07:00:00,Naive,7,-0.2725063315382219,0.3521838891778153,2022-05-25 07:00:00,2024-05-25 07:00:00,2024-05-25 07:00:00,731,1,,,not_applicable
2024-05-26 07:00:00,Decision Tree,7,-0.5092175711858316,-0.14457678316567804,2022-05-26 07:00:00,2024-05-26 07:00:00,2024-05-26 07:00:00,731,1,-0.42290985504429074,0.42290985504429074,"{'max_depth': None, 'min_samples_leaf': 1, 'min_samples_split': 20}"
2024-05-26 07:00:00,ARX,7,-0.5092175711858316,-0.17219967479013132,2022-05-26 07:00:00,2024-05-26 07:00:00,2024-05-26 07:00:00,731,1,-0.3032104293734177,0.3032104293734177,{'model__alpha': 0.01}
2024-05-26 07:00:00,Random Forest,7,-0.5092175711858316,-0.4782364967395249,2022-05-26 07:00:00,2024-05-26 07:00:00,2024-05-26 07:00:00,731,1,-0.28640559026943707,0.28640559026943707,"{'max_depth': 10, 'max_features': 0.5, 'min_samples_leaf': 2, 'n_estimators': 100}"
2024-05-26 07:00:00,Neural Network,7,-0.5092175711858316,-0.35905093086882345,2022-05-26 07:00:00,2024-05-26 07:00:00,2024-05-26 07:00:00,731,1,-0.35941423956503044,0.35941423956503044,"{'regressor__model__alpha': 0.0001, 'regressor__model__hidden_layer_sizes': (64, 32), 'regressor__model__learning_rate_init': 0.0001}"
2024-05-26 07:00:00,Naive,7,-0.5092175711858316,-0.2725063315382219,2022-05-26 07:00:00,2024-05-26 07:00:00,2024-05-26 07:00:00,731,1,,,not_applicable
2024-05-27 07:00:00,Decision Tree,7,0.4651769592112315,0.43434161396373877,2022-05-27 07:00:00,2024-05-27 07:00:00,2024-05-27 07:00:00,731,1,-0.42290985504429074,0.42290985504429074,"{'max_depth': None, 'min_samples_leaf': 1, 'min_samples_split': 20}"
2024-05-27 07:00:00,ARX,7,0.4651769592112315,0.30464336902134903,2022-05-27 07:00:00,2024-05-27 07:00:00,2024-05-27 07:00:00,731,1,-0.3032104293734177,0.3032104293734177,{'model__alpha': 0.01}
2024-05-27 07:00:00,Random Forest,7,0.4651769592112315,0.12957328042275637,2022-05-27 07:00:00,2024-05-27 07:00:00,2024-05-27 07:00:00,731,1,-0.28640559026943707,0.28640559026943707,"{'max_depth': 10, 'max_features': 0.5, 'min_samples_leaf': 2, 'n_estimators': 100}"
2024-05-27 07:00:00,Neural Network,7,0.4651769592112315,0.547706579609853,2022-05-27 07:00:00,2024-05-27 07:00:00,2024-05-27 07:00:00,731,1,-0.35941423956503044,0.35941423956503044,"{'regressor__model__alpha': 0.0001, 'regressor__model__hidden_layer_sizes': (64, 32), 'regressor__model__learning_rate_init': 0.0001}"
2024-05-27 07:00:00,Naive,7,0.4651769592112315,-0.5092175711858316,2022-05-27 07:00:00,2024-05-27 07:00:00,2024-05-27 07:00:00,731,1,,,not_applicable
2024-05-28 07:00:00,Decision Tree,7,0.32217096152752805,0.44153761558800914,2022-05-28 07:00:00,2024-05-28 07:00:00,2024-05-28 07:00:00,731,1,-0.42290985504429074,0.42290985504429074,"{'max_depth': None, 'min_samples_leaf': 1, 'min_samples_split': 20}"
2024-05-28 07:00:00,ARX,7,0.32217096152752805,0.6697412958875244,2022-05-28 07:00:00,2024-05-28 07:00:00,2024-05-28 07:00:00,731,1,-0.3032104293734177,0.3032104293734177,{'model__alpha': 0.01}
2024-05-28 07:00:00,Random Forest,7,0.32217096152752805,0.6636629482890397,2022-05-28 07:00:00,2024-05-28 07:00:00,2024-05-28 07:00:00,731,1,-0.28640559026943707,0.28640559026943707,"{'max_depth': 10, 'max_features': 0.5, 'min_samples_leaf': 2, 'n_estimators': 100}"
2024-05-28 07:00:00,Neural Network,7,0.32217096152752805,0.7100871161817026,2022-05-28 07:00:00,2024-05-28 07:00:00,2024-05-28 07:00:00,731,1,-0.35941423956503044,0.35941423956503044,"{'regressor__model__alpha': 0.0001, 'regressor__model__hidden_layer_sizes': (64, 32), 'regressor__model__learning_rate_init': 0.0001}"
2024-05-28 07:00:00,Naive,7,0.32217096152752805,0.4651769592112315,2022-05-28 07:00:00,2024-05-28 07:00:00,2024-05-28 07:00:00,731,1,,,not_applicable
2024-05-29 07:00:00,Decision Tree,7,-0.26928942117499877,-0.37372102688842396,2022-05-29 07:00:00,2024-05-29 07:00:00,2024-05-29 07:00:00,731,1,-0.42290985504429074,0.42290985504429074,"{'max_depth': None, 'min_samples_leaf': 1, 'min_samples_split': 20}"
2024-05-29 07:00:00,ARX,7,-0.26928942117499877,0.11793324549498385,2022-05-29 07:00:00,2024-05-29 07:00:00,2024-05-29 07:00:00,731,1,-0.3032104293734177,0.3032104293734177,{'model__alpha': 0.01}
2024-05-29 07:00:00,Random Forest,7,-0.26928942117499877,-0.23264197845289197,2022-05-29 07:00:00,2024-05-29 07:00:00,2024-05-29 07:00:00,731,1,-0.28640559026943707,0.28640559026943707,"{'max_depth': 10, 'max_features': 0.5, 'min_samples_leaf': 2, 'n_estimators': 100}"
2024-05-29 07:00:00,Neural Network,7,-0.26928942117499877,-0.07122280974471584,2022-05-29 07:00:00,2024-05-29 07:00:00,2024-05-29 07:00:00,731,1,-0.35941423956503044,0.35941423956503044,"{'regressor__model__alpha': 0.0001, 'regressor__model__hidden_layer_sizes': (64, 32), 'regressor__model__learning_rate_init': 0.0001}"
2024-05-29 07:00:00,Naive,7,-0.26928942117499877,0.32217096152752805,2022-05-29 07:00:00,2024-05-29 07:00:00,2024-05-29 07:00:00,731,1,,,not_applicable
2024-05-30 07:00:00,Decision Tree,7,0.09237171410254622,-0.05023475452456778,2022-05-30 07:00:00,2024-05-30 07:00:00,2024-05-30 07:00:00,731,1,-0.42290985504429074,0.42290985504429074,"{'max_depth': None, 'min_samples_leaf': 1, 'min_samples_split': 20}"
2024-05-30 07:00:00,ARX,7,0.09237171410254622,0.18000835137617913,2022-05-30 07:00:00,2024-05-30 07:00:00,2024-05-30 07:00:00,731,1,-0.3032104293734177,0.3032104293734177,{'model__alpha': 0.01}
2024-05-30 07:00:00,Random Forest,7,0.09237171410254622,-0.11184706676188712,2022-05-30 07:00:00,2024-05-30 07:00:00,2024-05-30 07:00:00,731,1,-0.28640559026943707,0.28640559026943707,"{'max_depth': 10, 'max_features': 0.5, 'min_samples_leaf': 2, 'n_estimators': 100}"
2024-05-30 07:00:00,Neural Network,7,0.09237171410254622,0.34768857956204136,2022-05-30 07:00:00,2024-05-30 07:00:00,2024-05-30 07:00:00,731,1,-0.35941423956503044,0.35941423956503044,"{'regressor__model__alpha': 0.0001, 'regressor__model__hidden_layer_sizes': (64, 32), 'regressor__model__learning_rate_init': 0.0001}"
2024-05-30 07:00:00,Naive,7,0.09237171410254622,-0.26928942117499877,2022-05-30 07:00:00,2024-05-30 07:00:00,2024-05-30 07:00:00,731,1,,,not_applicable
2024-05-31 07:00:00,Decision Tree,7,0.13970257637290528,-0.05089469096224627,2022-05-31 07:00:00,2024-05-31 07:00:00,2024-05-31 07:00:00,731,1,-0.42290985504429074,0.42290985504429074,"{'max_depth': None, 'min_samples_leaf': 1, 'min_samples_split': 20}"
2024-05-31 07:00:00,ARX,7,0.13970257637290528,0.2636080134854811,2022-05-31 07:00:00,2024-05-31 07:00:00,2024-05-31 07:00:00,731,1,-0.3032104293734177,0.3032104293734177,{'model__alpha': 0.01}
2024-05-31 07:00:00,Random Forest,7,0.13970257637290528,0.008143271247647162,2022-05-31 07:00:00,2024-05-31 07:00:00,2024-05-31 07:00:00,731,1,-0.28640559026943707,0.28640559026943707,"{'max_depth': 10, 'max_features': 0.5, 'min_samples_leaf': 2, 'n_estimators': 100}"
2024-05-31 07:00:00,Neural Network,7,0.13970257637290528,0.529884018628799,2022-05-31 07:00:00,2024-05-31 07:00:00,2024-05-31 07:00:00,731,1,-0.35941423956503044,0.35941423956503044,"{'regressor__model__alpha': 0.0001, 'regressor__model__hidden_layer_sizes': (64, 32), 'regressor__model__learning_rate_init': 0.0001}"
2024-05-31 07:00:00,Naive,7,0.13970257637290528,0.09237171410254622,2022-05-31 07:00:00,2024-05-31 07:00:00,2024-05-31 07:00:00,731,1,,,not_applicable
2024-06-01 07:00:00,Decision Tree,7,-0.46994510676107476,-0.3344155659817179,2022-06-01 07:00:00,2024-06-01 07:00:00,2024-06-01 07:00:00,731,1,-0.42290985504429074,0.42290985504429074,"{'max_depth': None, 'min_samples_leaf': 1, 'min_samples_split': 20}"
2024-06-01 07:00:00,ARX,7,-0.46994510676107476,-0.29004961228178916,2022-06-01 07:00:00,2024-06-01 07:00:00,2024-06-01 07:00:00,731,1,-0.3032104293734177,0.3032104293734177,{'model__alpha': 0.01}
2024-06-01 07:00:00,Random Forest,7,-0.46994510676107476,-0.4060852631916292,2022-06-01 07:00:00,2024-06-01 07:00:00,2024-06-01 07:00:00,731,1,-0.28640559026943707,0.28640559026943707,"{'max_depth': 10, 'max_features': 0.5, 'min_samples_leaf': 2, 'n_estimators': 100}"
2024-06-01 07:00:00,Neural Network,7,-0.46994510676107476,-0.6095970749836188,2022-06-01 07:00:00,2024-06-01 07:00:00,2024-06-01 07:00:00,731,1,-0.35941423956503044,0.35941423956503044,"{'regressor__model__alpha': 0.0001, 'regressor__model__hidden_layer_sizes': (64, 32), 'regressor__model__learning_rate_init': 0.0001}"
2024-06-01 07:00:00,Naive,7,-0.46994510676107476,0.13970257637290528,2022-06-01 07:00:00,2024-06-01 07:00:00,2024-06-01 07:00:00,731,1,,,not_applicable
2024-06-02 07:00:00,Decision Tree,7,-1.3341542207004762,-0.7736959783552522,2022-06-02 07:00:00,2024-06-02 07:00:00,2024-06-02 07:00:00,731,1,-0.42290985504429074,0.42290985504429074,"{'max_depth': None, 'min_samples_leaf': 1, 'min_samples_split': 20}"
2024-06-02 07:00:00,ARX,7,-1.3341542207004762,-0.6349976208265761,2022-06-02 07:00:00,2024-06-02 07:00:00,2024-06-02 07:00:00,731,1,-0.3032104293734177,0.3032104293734177,{'model__alpha': 0.01}
2024-06-02 07:00:00,Random Forest,7,-1.3341542207004762,-0.660321849670496,2022-06-02 07:00:00,2024-06-02 07:00:00,2024-06-02 07:00:00,731,1,-0.28640559026943707,0.28640559026943707,"{'max_depth': 10, 'max_features': 0.5, 'min_samples_leaf': 2, 'n_estimators': 100}"
2024-06-02 07:00:00,Neural Network,7,-1.3341542207004762,-0.5663960872691636,2022-06-02 07:00:00,2024-06-02 07:00:00,2024-06-02 07:00:00,731,1,-0.35941423956503044,0.35941423956503044,"{'regressor__model__alpha': 0.0001, 'regressor__model__hidden_layer_sizes': (64, 32), 'regressor__model__learning_rate_init': 0.0001}"
2024-06-02 07:00:00,Naive,7,-1.3341542207004762,-0.46994510676107476,2022-06-02 07:00:00,2024-06-02 07:00:00,2024-06-02 07:00:00,731,1,,,not_applicable
2024-06-03 07:00:00,Decision Tree,7,1.2905314859359251,0.38136594512006844,2022-06-03 07:00:00,2024-06-03 07:00:00,2024-06-03 07:00:00,731,1,-0.42290985504429074,0.42290985504429074,"{'max_depth': None, 'min_samples_leaf': 1, 'min_samples_split': 20}"
2024-06-03 07:00:00,ARX,7,1.2905314859359251,0.3704697830301481,2022-06-03 07:00:00,2024-06-03 07:00:00,2024-06-03 07:00:00,731,1,-0.3032104293734177,0.3032104293734177,{'model__alpha': 0.01}
2024-06-03 07:00:00,Random Forest,7,1.2905314859359251,0.2615498324026742,2022-06-03 07:00:00,2024-06-03 07:00:00,2024-06-03 07:00:00,731,1,-0.28640559026943707,0.28640559026943707,"{'max_depth': 10, 'max_features': 0.5, 'min_samples_leaf': 2, 'n_estimators': 100}"
2024-06-03 07:00:00,Neural Network,7,1.2905314859359251,0.6079417713881861,2022-06-03 07:00:00,2024-06-03 07:00:00,2024-06-03 07:00:00,731,1,-0.35941423956503044,0.35941423956503044,"{'regressor__model__alpha': 0.0001, 'regressor__model__hidden_layer_sizes': (64, 32), 'regressor__model__learning_rate_init': 0.0001}"
2024-06-03 07:00:00,Naive,7,1.2905314859359251,-1.3341542207004762,2022-06-03 07:00:00,2024-06-03 07:00:00,2024-06-03 07:00:00,731,1,,,not_applicable
2024-06-04 07:00:00,Decision Tree,7,1.1409767591758708,0.3017522676657576,2022-06-04 07:00:00,2024-06-04 07:00:00,2024-06-04 07:00:00,731,1,-0.42290985504429074,0.42290985504429074,"{'max_depth': None, 'min_samples_leaf': 1, 'min_samples_split': 20}"
2024-06-04 07:00:00,ARX,7,1.1409767591758708,0.6957479674427741,2022-06-04 07:00:00,2024-06-04 07:00:00,2024-06-04 07:00:00,731,1,-0.3032104293734177,0.3032104293734177,{'model__alpha': 0.01}
2024-06-04 07:00:00,Random Forest,7,1.1409767591758708,0.5914056986773922,2022-06-04 07:00:00,2024-06-04 07:00:00,2024-06-04 07:00:00,731,1,-0.28640559026943707,0.28640559026943707,"{'max_depth': 10, 'max_features': 0.5, 'min_samples_leaf': 2, 'n_estimators': 100}"
2024-06-04 07:00:00,Neural Network,7,1.1409767591758708,0.26955994814157647,2022-06-04 07:00:00,2024-06-04 07:00:00,2024-06-04 07:00:00,731,1,-0.35941423956503044,0.35941423956503044,"{'regressor__model__alpha': 0.0001, 'regressor__model__hidden_layer_sizes': (64, 32), 'regressor__model__learning_rate_init': 0.0001}"
2024-06-04 07:00:00,Naive,7,1.1409767591758708,1.2905314859359251,2022-06-04 07:00:00,2024-06-04 07:00:00,2024-06-04 07:00:00,731,1,,,not_applicable
2024-06-05 07:00:00,Decision Tree,7,0.7076158277252454,-0.17112574158787253,2022-06-05 07:00:00,2024-06-05 07:00:00,2024-06-05 07:00:00,731,1,-0.42290985504429074,0.42290985504429074,"{'max_depth': None, 'min_samples_leaf': 1, 'min_samples_split': 20}"
2024-06-05 07:00:00,ARX,7,0.7076158277252454,0.003699439669719584,2022-06-05 07:00:00,2024-06-05 07:00:00,2024-06-05 07:00:00,731,1,-0.3032104293734177,0.3032104293734177,{'model__alpha': 0.01}
2024-06-05 07:00:00,Random Forest,7,0.7076158277252454,-0.08587548411042706,2022-06-05 07:00:00,2024-06-05 07:00:00,2024-06-05 07:00:00,731,1,-0.28640559026943707,0.28640559026943707,"{'max_depth': 10, 'max_features': 0.5, 'min_samples_leaf': 2, 'n_estimators': 100}"
2024-06-05 07:00:00,Neural Network,7,0.7076158277252454,-0.09461512528886523,2022-06-05 07:00:00,2024-06-05 07:00:00,2024-06-05 07:00:00,731,1,-0.35941423956503044,0.35941423956503044,"{'regressor__model__alpha': 0.0001, 'regressor__model__hidden_layer_sizes': (64, 32), 'regressor__model__learning_rate_init': 0.0001}"
2024-06-05 07:00:00,Naive,7,0.7076158277252454,1.1409767591758708,2022-06-05 07:00:00,2024-06-05 07:00:00,2024-06-05 07:00:00,731,1,,,not_applicable
2024-06-06 07:00:00,Decision Tree,7,0.4776966004333272,-0.05845106852419139,2022-06-06 07:00:00,2024-06-06 07:00:00,2024-06-06 07:00:00,731,1,-0.42290985504429074,0.42290985504429074,"{'max_depth': None, 'min_samples_leaf': 1, 'min_samples_split': 20}"
2024-06-06 07:00:00,ARX,7,0.4776966004333272,0.5376907364342574,2022-06-06 07:00:00,2024-06-06 07:00:00,2024-06-06 07:00:00,731,1,-0.3032104293734177,0.3032104293734177,{'model__alpha': 0.01}
2024-06-06 07:00:00,Random Forest,7,0.4776966004333272,0.30126418720226544,2022-06-06 07:00:00,2024-06-06 07:00:00,2024-06-06 07:00:00,731,1,-0.28640559026943707,0.28640559026943707,"{'max_depth': 10, 'max_features': 0.5, 'min_samples_leaf': 2, 'n_estimators': 100}"
2024-06-06 07:00:00,Neural Network,7,0.4776966004333272,0.5587745793637784,2022-06-06 07:00:00,2024-06-06 07:00:00,2024-06-06 07:00:00,731,1,-0.35941423956503044,0.35941423956503044,"{'regressor__model__alpha': 0.0001, 'regressor__model__hidden_layer_sizes': (64, 32), 'regressor__model__learning_rate_init': 0.0001}"
2024-06-06 07:00:00,Naive,7,0.4776966004333272,0.7076158277252454,2022-06-06 07:00:00,2024-06-06 07:00:00,2024-06-06 07:00:00,731,1,,,not_applicable
2024-06-07 07:00:00,Decision Tree,7,0.33055001340308177,0.30106533630831195,2022-06-07 07:00:00,2024-06-07 07:00:00,2024-06-07 07:00:00,731,1,-0.42290985504429074,0.42290985504429074,"{'max_depth': None, 'min_samples_leaf': 1, 'min_samples_split': 20}"
2024-06-07 07:00:00,ARX,7,0.33055001340308177,0.4615684605238357,2022-06-07 07:00:00,2024-06-07 07:00:00,2024-06-07 07:00:00,731,1,-0.3032104293734177,0.3032104293734177,{'model__alpha': 0.01}
2024-06-07 07:00:00,Random Forest,7,0.33055001340308177,0.5145484178440456,2022-06-07 07:00:00,2024-06-07 07:00:00,2024-06-07 07:00:00,731,1,-0.28640559026943707,0.28640559026943707,"{'max_depth': 10, 'max_features': 0.5, 'min_samples_leaf': 2, 'n_estimators': 100}"
2024-06-07 07:00:00,Neural Network,7,0.33055001340308177,0.5345206374806628,2022-06-07 07:00:00,2024-06-07 07:00:00,2024-06-07 07:00:00,731,1,-0.35941423956503044,0.35941423956503044,"{'regressor__model__alpha': 0.0001, 'regressor__model__hidden_layer_sizes': (64, 32), 'regressor__model__learning_rate_init': 0.0001}"
2024-06-07 07:00:00,Naive,7,0.33055001340308177,0.4776966004333272,2022-06-07 07:00:00,2024-06-07 07:00:00,2024-06-07 07:00:00,731,1,,,not_applicable
2024-06-08 07:00:00,Decision Tree,7,-0.6498100886299228,-0.4775327880148678,2022-06-08 07:00:00,2024-06-08 07:00:00,2024-06-08 07:00:00,731,1,-0.42290985504429074,0.42290985504429074,"{'max_depth': None, 'min_samples_leaf': 1, 'min_samples_split': 20}"
2024-06-08 07:00:00,ARX,7,-0.6498100886299228,-0.15085830627147856,2022-06-08 07:00:00,2024-06-08 07:00:00,2024-06-08 07:00:00,731,1,-0.3032104293734177,0.3032104293734177,{'model__alpha': 0.01}
2024-06-08 07:00:00,Random Forest,7,-0.6498100886299228,-0.39400569364744487,2022-06-08 07:00:00,2024-06-08 07:00:00,2024-06-08 07:00:00,731,1,-0.28640559026943707,0.28640559026943707,"{'max_depth': 10, 'max_features': 0.5, 'min_samples_leaf': 2, 'n_estimators': 100}"
2024-06-08 07:00:00,Neural Network,7,-0.6498100886299228,-0.9483980448356419,2022-06-08 07:00:00,2024-06-08 07:00:00,2024-06-08 07:00:00,731,1,-0.35941423956503044,0.35941423956503044,"{'regressor__model__alpha': 0.0001, 'regressor__model__hidden_layer_sizes': (64, 32), 'regressor__model__learning_rate_init': 0.0001}"
2024-06-08 07:00:00,Naive,7,-0.6498100886299228,0.33055001340308177,2022-06-08 07:00:00,2024-06-08 07:00:00,2024-06-08 07:00:00,731,1,,,not_applicable
2024-06-09 07:00:00,Decision Tree,7,-1.3587067101329904,-0.9401750098696231,2022-06-09 07:00:00,2024-06-09 07:00:00,2024-06-09 07:00:00,731,1,-0.42290985504429074,0.42290985504429074,"{'max_depth': None, 'min_samples_leaf': 1, 'min_samples_split': 20}"
2024-06-09 07:00:00,ARX,7,-1.3587067101329904,-0.5573547099641145,2022-06-09 07:00:00,2024-06-09 07:00:00,2024-06-09 07:00:00,731,1,-0.3032104293734177,0.3032104293734177,{'model__alpha': 0.01}
2024-06-09 07:00:00,Random Forest,7,-1.3587067101329904,-0.8118570469056395,2022-06-09 07:00:00,2024-06-09 07:00:00,2024-06-09 07:00:00,731,1,-0.28640559026943707,0.28640559026943707,"{'max_depth': 10, 'max_features': 0.5, 'min_samples_leaf': 2, 'n_estimators': 100}"
2024-06-09 07:00:00,Neural Network,7,-1.3587067101329904,-0.8486062812285791,2022-06-09 07:00:00,2024-06-09 07:00:00,2024-06-09 07:00:00,731,1,-0.35941423956503044,0.35941423956503044,"{'regressor__model__alpha': 0.0001, 'regressor__model__hidden_layer_sizes': (64, 32), 'regressor__model__learning_rate_init': 0.0001}"
2024-06-09 07:00:00,Naive,7,-1.3587067101329904,-0.6498100886299228,2022-06-09 07:00:00,2024-06-09 07:00:00,2024-06-09 07:00:00,731,1,,,not_applicable
2024-06-10 07:00:00,Decision Tree,7,1.2354523580963153,1.337463020731239,2022-06-10 07:00:00,2024-06-10 07:00:00,2024-06-10 07:00:00,731,1,-0.42290985504429074,0.42290985504429074,"{'max_depth': None, 'min_samples_leaf': 1, 'min_samples_split': 20}"
2024-06-10 07:00:00,ARX,7,1.2354523580963153,0.4847584824717063,2022-06-10 07:00:00,2024-06-10 07:00:00,2024-06-10 07:00:00,731,1,-0.3032104293734177,0.3032104293734177,{'model__alpha': 0.01}
2024-06-10 07:00:00,Random Forest,7,1.2354523580963153,0.6812568010792411,2022-06-10 07:00:00,2024-06-10 07:00:00,2024-06-10 07:00:00,731,1,-0.28640559026943707,0.28640559026943707,"{'max_depth': 10, 'max_features': 0.5, 'min_samples_leaf': 2, 'n_estimators': 100}"
2024-06-10 07:00:00,Neural Network,7,1.2354523580963153,1.1466377843890434,2022-06-10 07:00:00,2024-06-10 07:00:00,2024-06-10 07:00:00,731,1,-0.35941423956503044,0.35941423956503044,"{'regressor__model__alpha': 0.0001, 'regressor__model__hidden_layer_sizes': (64, 32), 'regressor__model__learning_rate_init': 0.0001}"
2024-06-10 07:00:00,Naive,7,1.2354523580963153,-1.3587067101329904,2022-06-10 07:00:00,2024-06-10 07:00:00,2024-06-10 07:00:00,731,1,,,not_applicable
2024-06-11 07:00:00,Decision Tree,7,0.000650873308929684,-0.12568522653468708,2022-06-11 07:00:00,2024-06-11 07:00:00,2024-06-11 07:00:00,731,1,-0.42290985504429074,0.42290985504429074,"{'max_depth': None, 'min_samples_leaf': 1, 'min_samples_split': 20}"
2024-06-11 07:00:00,ARX,7,0.000650873308929684,0.065810459428671,2022-06-11 07:00:00,2024-06-11 07:00:00,2024-06-11 07:00:00,731,1,-0.3032104293734177,0.3032104293734177,{'model__alpha': 0.01}
2024-06-11 07:00:00,Random Forest,7,0.000650873308929684,-0.06033593656751278,2022-06-11 07:00:00,2024-06-11 07:00:00,2024-06-11 07:00:00,731,1,-0.28640559026943707,0.28640559026943707,"{'max_depth': 10, 'max_features': 0.5, 'min_samples_leaf': 2, 'n_estimators': 100}"
2024-06-11 07:00:00,Neural Network,7,0.000650873308929684,-0.014837678791796954,2022-06-11 07:00:00,2024-06-11 07:00:00,2024-06-11 07:00:00,731,1,-0.35941423956503044,0.35941423956503044,"{'regressor__model__alpha': 0.0001, 'regressor__model__hidden_layer_sizes': (64, 32), 'regressor__model__learning_rate_init': 0.0001}"
2024-06-11 07:00:00,Naive,7,0.000650873308929684,1.2354523580963153,2022-06-11 07:00:00,2024-06-11 07:00:00,2024-06-11 07:00:00,731,1,,,not_applicable
2024-06-12 07:00:00,Decision Tree,7,0.6316433983551035,0.30667846369220475,2022-06-12 07:00:00,2024-06-12 07:00:00,2024-06-12 07:00:00,731,1,-0.42290985504429074,0.42290985504429074,"{'max_depth': None, 'min_samples_leaf': 1, 'min_samples_split': 20}"
2024-06-12 07:00:00,ARX,7,0.6316433983551035,0.23452860355341862,2022-06-12 07:00:00,2024-06-12 07:00:00,2024-06-12 07:00:00,731,1,-0.3032104293734177,0.3032104293734177,{'model__alpha': 0.01}
2024-06-12 07:00:00,Random Forest,7,0.6316433983551035,0.1506224689410903,2022-06-12 07:00:00,2024-06-12 07:00:00,2024-06-12 07:00:00,731,1,-0.28640559026943707,0.28640559026943707,"{'max_depth': 10, 'max_features': 0.5, 'min_samples_leaf': 2, 'n_estimators': 100}"
2024-06-12 07:00:00,Neural Network,7,0.6316433983551035,0.23894431042806608,2022-06-12 07:00:00,2024-06-12 07:00:00,2024-06-12 07:00:00,731,1,-0.35941423956503044,0.35941423956503044,"{'regressor__model__alpha': 0.0001, 'regressor__model__hidden_layer_sizes': (64, 32), 'regressor__model__learning_rate_init': 0.0001}"
2024-06-12 07:00:00,Naive,7,0.6316433983551035,0.000650873308929684,2022-06-12 07:00:00,2024-06-12 07:00:00,2024-06-12 07:00:00,731,1,,,not_applicable
2024-06-13 07:00:00,Decision Tree,7,0.550147071084325,0.1844213222239828,2022-06-13 07:00:00,2024-06-13 07:00:00,2024-06-13 07:00:00,731,1,-0.42290985504429074,0.42290985504429074,"{'max_depth': None, 'min_samples_leaf': 1, 'min_samples_split': 20}"
2024-06-13 07:00:00,ARX,7,0.550147071084325,0.5454251971082203,2022-06-13 07:00:00,2024-06-13 07:00:00,2024-06-13 07:00:00,731,1,-0.3032104293734177,0.3032104293734177,{'model__alpha': 0.01}
2024-06-13 07:00:00,Random Forest,7,0.550147071084325,0.5317717216091337,2022-06-13 07:00:00,2024-06-13 07:00:00,2024-06-13 07:00:00,731,1,-0.28640559026943707,0.28640559026943707,"{'max_depth': 10, 'max_features': 0.5, 'min_samples_leaf': 2, 'n_estimators': 100}"
2024-06-13 07:00:00,Neural Network,7,0.550147071084325,0.5868027226624558,2022-06-13 07:00:00,2024-06-13 07:00:00,2024-06-13 07:00:00,731,1,-0.35941423956503044,0.35941423956503044,"{'regressor__model__alpha': 0.0001, 'regressor__model__hidden_layer_sizes': (64, 32), 'regressor__model__learning_rate_init': 0.0001}"
2024-06-13 07:00:00,Naive,7,0.550147071084325,0.6316433983551035,2022-06-13 07:00:00,2024-06-13 07:00:00,2024-06-13 07:00:00,731,1,,,not_applicable
2024-06-14 07:00:00,Decision Tree,7,0.01684042146378374,-0.09516526771602578,2022-06-14 07:00:00,2024-06-14 07:00:00,2024-06-14 07:00:00,731,1,-0.42290985504429074,0.42290985504429074,"{'max_depth': None, 'min_samples_leaf': 1, 'min_samples_split': 20}"
2024-06-14 07:00:00,ARX,7,0.01684042146378374,0.0882028823868844,2022-06-14 07:00:00,2024-06-14 07:00:00,2024-06-14 07:00:00,731,1,-0.3032104293734177,0.3032104293734177,{'model__alpha': 0.01}
2024-06-14 07:00:00,Random Forest,7,0.01684042146378374,0.12068698145878193,2022-06-14 07:00:00,2024-06-14 07:00:00,2024-06-14 07:00:00,731,1,-0.28640559026943707,0.28640559026943707,"{'max_depth': 10, 'max_features': 0.5, 'min_samples_leaf': 2, 'n_estimators': 100}"
2024-06-14 07:00:00,Neural Network,7,0.01684042146378374,0.41337568328204066,2022-06-14 07:00:00,2024-06-14 07:00:00,2024-06-14 07:00:00,731,1,-0.35941423956503044,0.35941423956503044,"{'regressor__model__alpha': 0.0001, 'regressor__model__hidden_layer_sizes': (64, 32), 'regressor__model__learning_rate_init': 0.0001}"
2024-06-14 07:00:00,Naive,7,0.01684042146378374,0.550147071084325,2022-06-14 07:00:00,2024-06-14 07:00:00,2024-06-14 07:00:00,731,1,,,not_applicable
2024-06-15 07:00:00,Decision Tree,7,-1.385569627398815,-0.7681340859719377,2022-06-15 07:00:00,2024-06-15 07:00:00,2024-06-15 07:00:00,731,1,-0.42290985504429074,0.42290985504429074,"{'max_depth': None, 'min_samples_leaf': 1, 'min_samples_split': 20}"
2024-06-15 07:00:00,ARX,7,-1.385569627398815,-0.723992260028642,2022-06-15 07:00:00,2024-06-15 07:00:00,2024-06-15 07:00:00,731,1,-0.3032104293734177,0.3032104293734177,{'model__alpha': 0.01}
2024-06-15 07:00:00,Random Forest,7,-1.385569627398815,-0.8210524116360379,2022-06-15 07:00:00,2024-06-15 07:00:00,2024-06-15 07:00:00,731,1,-0.28640559026943707,0.28640559026943707,"{'max_depth': 10, 'max_features': 0.5, 'min_samples_leaf': 2, 'n_estimators': 100}"
2024-06-15 07:00:00,Neural Network,7,-1.385569627398815,-0.7840930709228737,2022-06-15 07:00:00,2024-06-15 07:00:00,2024-06-15 07:00:00,731,1,-0.35941423956503044,0.35941423956503044,"{'regressor__model__alpha': 0.0001, 'regressor__model__hidden_layer_sizes': (64, 32), 'regressor__model__learning_rate_init': 0.0001}"
2024-06-15 07:00:00,Naive,7,-1.385569627398815,0.01684042146378374,2022-06-15 07:00:00,2024-06-15 07:00:00,2024-06-15 07:00:00,731,1,,,not_applicable
2024-06-16 07:00:00,Decision Tree,7,-1.380136837325862,-1.3124372628831007,2022-06-16 07:00:00,2024-06-16 07:00:00,2024-06-16 07:00:00,731,1,-0.42290985504429074,0.42290985504429074,"{'max_depth': None, 'min_samples_leaf': 1, 'min_samples_split': 20}"
2024-06-16 07:00:00,ARX,7,-1.380136837325862,-0.9645464242527286,2022-06-16 07:00:00,2024-06-16 07:00:00,2024-06-16 07:00:00,731,1,-0.3032104293734177,0.3032104293734177,{'model__alpha': 0.01}
2024-06-16 07:00:00,Random Forest,7,-1.380136837325862,-1.1165755023269144,2022-06-16 07:00:00,2024-06-16 07:00:00,2024-06-16 07:00:00,731,1,-0.28640559026943707,0.28640559026943707,"{'max_depth': 10, 'max_features': 0.5, 'min_samples_leaf': 2, 'n_estimators': 100}"
2024-06-16 07:00:00,Neural Network,7,-1.380136837325862,-1.4199087082537802,2022-06-16 07:00:00,2024-06-16 07:00:00,2024-06-16 07:00:00,731,1,-0.35941423956503044,0.35941423956503044,"{'regressor__model__alpha': 0.0001, 'regressor__model__hidden_layer_sizes': (64, 32), 'regressor__model__learning_rate_init': 0.0001}"
2024-06-16 07:00:00,Naive,7,-1.380136837325862,-1.385569627398815,2022-06-16 07:00:00,2024-06-16 07:00:00,2024-06-16 07:00:00,731,1,,,not_applicable
2024-06-17 07:00:00,Decision Tree,7,0.5816084920903297,-0.08629703030490186,2022-06-17 07:00:00,2024-06-17 07:00:00,2024-06-17 07:00:00,731,1,-0.42290985504429074,0.42290985504429074,"{'max_depth': None, 'min_samples_leaf': 1, 'min_samples_split': 20}"
2024-06-17 07:00:00,ARX,7,0.5816084920903297,0.3636754922199822,2022-06-17 07:00:00,2024-06-17 07:00:00,2024-06-17 07:00:00,731,1,-0.3032104293734177,0.3032104293734177,{'model__alpha': 0.01}
2024-06-17 07:00:00,Random Forest,7,0.5816084920903297,0.0675905705519399,2022-06-17 07:00:00,2024-06-17 07:00:00,2024-06-17 07:00:00,731,1,-0.28640559026943707,0.28640559026943707,"{'max_depth': 10, 'max_features': 0.5, 'min_samples_leaf': 2, 'n_estimators': 100}"
2024-06-17 07:00:00,Neural Network,7,0.5816084920903297,0.23126012339212382,2022-06-17 07:00:00,2024-06-17 07:00:00,2024-06-17 07:00:00,731,1,-0.35941423956503044,0.35941423956503044,"{'regressor__model__alpha': 0.0001, 'regressor__model__hidden_layer_sizes': (64, 32), 'regressor__model__learning_rate_init': 0.0001}"
2024-06-17 07:00:00,Naive,7,0.5816084920903297,-1.380136837325862,2022-06-17 07:00:00,2024-06-17 07:00:00,2024-06-17 07:00:00,731,1,,,not_applicable
2024-06-18 07:00:00,Decision Tree,7,0.5427095179685575,1.0879908686726252,2022-06-18 07:00:00,2024-06-18 07:00:00,2024-06-18 07:00:00,731,1,-0.42290985504429074,0.42290985504429074,"{'max_depth': None, 'min_samples_leaf': 1, 'min_samples_split': 20}"
2024-06-18 07:00:00,ARX,7,0.5427095179685575,0.5340726726056944,2022-06-18 07:00:00,2024-06-18 07:00:00,2024-06-18 07:00:00,731,1,-0.3032104293734177,0.3032104293734177,{'model__alpha': 0.01}
2024-06-18 07:00:00,Random Forest,7,0.5427095179685575,0.7372838014128276,2022-06-18 07:00:00,2024-06-18 07:00:00,2024-06-18 07:00:00,731,1,-0.28640559026943707,0.28640559026943707,"{'max_depth': 10, 'max_features': 0.5, 'min_samples_leaf': 2, 'n_estimators': 100}"
2024-06-18 07:00:00,Neural Network,7,0.5427095179685575,0.44072933664043235,2022-06-18 07:00:00,2024-06-18 07:00:00,2024-06-18 07:00:00,731,1,-0.35941423956503044,0.35941423956503044,"{'regressor__model__alpha': 0.0001, 'regressor__model__hidden_layer_sizes': (64, 32), 'regressor__model__learning_rate_init': 0.0001}"
2024-06-18 07:00:00,Naive,7,0.5427095179685575,0.5816084920903297,2022-06-18 07:00:00,2024-06-18 07:00:00,2024-06-18 07:00:00,731,1,,,not_applicable
2024-06-19 07:00:00,Decision Tree,7,0.31463582849879407,0.24506412959576607,2022-06-19 07:00:00,2024-06-19 07:00:00,2024-06-19 07:00:00,731,1,-0.42290985504429074,0.42290985504429074,"{'max_depth': None, 'min_samples_leaf': 1, 'min_samples_split': 20}"
2024-06-19 07:00:00,ARX,7,0.31463582849879407,0.3807856697941404,2022-06-19 07:00:00,2024-06-19 07:00:00,2024-06-19 07:00:00,731,1,-0.3032104293734177,0.3032104293734177,{'model__alpha': 0.01}
2024-06-19 07:00:00,Random Forest,7,0.31463582849879407,0.38758145202486083,2022-06-19 07:00:00,2024-06-19 07:00:00,2024-06-19 07:00:00,731,1,-0.28640559026943707,0.28640559026943707,"{'max_depth': 10, 'max_features': 0.5, 'min_samples_leaf': 2, 'n_estimators': 100}"
2024-06-19 07:00:00,Neural Network,7,0.31463582849879407,0.7401840684799577,2022-06-19 07:00:00,2024-06-19 07:00:00,2024-06-19 07:00:00,731,1,-0.35941423956503044,0.35941423956503044,"{'regressor__model__alpha': 0.0001, 'regressor__model__hidden_layer_sizes': (64, 32), 'regressor__model__learning_rate_init': 0.0001}"
2024-06-19 07:00:00,Naive,7,0.31463582849879407,0.5427095179685575,2022-06-19 07:00:00,2024-06-19 07:00:00,2024-06-19 07:00:00,731,1,,,not_applicable
2024-06-20 07:00:00,Decision Tree,7,0.24487749348036122,0.36430377481815185,2022-06-20 07:00:00,2024-06-20 07:00:00,2024-06-20 07:00:00,731,1,-0.42290985504429074,0.42290985504429074,"{'max_depth': None, 'min_samples_leaf': 1, 'min_samples_split': 20}"
2024-06-20 07:00:00,ARX,7,0.24487749348036122,0.3481152224636066,2022-06-20 07:00:00,2024-06-20 07:00:00,2024-06-20 07:00:00,731,1,-0.3032104293734177,0.3032104293734177,{'model__alpha': 0.01}
2024-06-20 07:00:00,Random Forest,7,0.24487749348036122,0.16594009426730985,2022-06-20 07:00:00,2024-06-20 07:00:00,2024-06-20 07:00:00,731,1,-0.28640559026943707,0.28640559026943707,"{'max_depth': 10, 'max_features': 0.5, 'min_samples_leaf': 2, 'n_estimators': 100}"
2024-06-20 07:00:00,Neural Network,7,0.24487749348036122,0.30341686946045926,2022-06-20 07:00:00,2024-06-20 07:00:00,2024-06-20 07:00:00,731,1,-0.35941423956503044,0.35941423956503044,"{'regressor__model__alpha': 0.0001, 'regressor__model__hidden_layer_sizes': (64, 32), 'regressor__model__learning_rate_init': 0.0001}"
2024-06-20 07:00:00,Naive,7,0.24487749348036122,0.31463582849879407,2022-06-20 07:00:00,2024-06-20 07:00:00,2024-06-20 07:00:00,731,1,,,not_applicable
2024-06-21 07:00:00,Decision Tree,7,0.4270653784935004,0.3523611466843728,2022-06-21 07:00:00,2024-06-21 07:00:00,2024-06-21 07:00:00,731,1,-0.42290985504429074,0.42290985504429074,"{'max_depth': None, 'min_samples_leaf': 1, 'min_samples_split': 20}"
2024-06-21 07:00:00,ARX,7,0.4270653784935004,0.29595064957078404,2022-06-21 07:00:00,2024-06-21 07:00:00,2024-06-21 07:00:00,731,1,-0.3032104293734177,0.3032104293734177,{'model__alpha': 0.01}
2024-06-21 07:00:00,Random Forest,7,0.4270653784935004,0.2431944766771495,2022-06-21 07:00:00,2024-06-21 07:00:00,2024-06-21 07:00:00,731,1,-0.28640559026943707,0.28640559026943707,"{'max_depth': 10, 'max_features': 0.5, 'min_samples_leaf': 2, 'n_estimators': 100}"
2024-06-21 07:00:00,Neural Network,7,0.4270653784935004,0.01340496884306877,2022-06-21 07:00:00,2024-06-21 07:00:00,2024-06-21 07:00:00,731,1,-0.35941423956503044,0.35941423956503044,"{'regressor__model__alpha': 0.0001, 'regressor__model__hidden_layer_sizes': (64, 32), 'regressor__model__learning_rate_init': 0.0001}"
2024-06-21 07:00:00,Naive,7,0.4270653784935004,0.24487749348036122,2022-06-21 07:00:00,2024-06-21 07:00:00,2024-06-21 07:00:00,731,1,,,not_applicable
2024-06-22 07:00:00,Decision Tree,7,-0.8553887758622575,-1.3192072203273768,2022-06-22 07:00:00,2024-06-22 07:00:00,2024-06-22 07:00:00,731,1,-0.42290985504429074,0.42290985504429074,"{'max_depth': None, 'min_samples_leaf': 1, 'min_samples_split': 20}"
2024-06-22 07:00:00,ARX,7,-0.8553887758622575,-0.5391649713895754,2022-06-22 07:00:00,2024-06-22 07:00:00,2024-06-22 07:00:00,731,1,-0.3032104293734177,0.3032104293734177,{'model__alpha': 0.01}
2024-06-22 07:00:00,Random Forest,7,-0.8553887758622575,-0.6212962884214904,2022-06-22 07:00:00,2024-06-22 07:00:00,2024-06-22 07:00:00,731,1,-0.28640559026943707,0.28640559026943707,"{'max_depth': 10, 'max_features': 0.5, 'min_samples_leaf': 2, 'n_estimators': 100}"
2024-06-22 07:00:00,Neural Network,7,-0.8553887758622575,-0.9871112798312188,2022-06-22 07:00:00,2024-06-22 07:00:00,2024-06-22 07:00:00,731,1,-0.35941423956503044,0.35941423956503044,"{'regressor__model__alpha': 0.0001, 'regressor__model__hidden_layer_sizes': (64, 32), 'regressor__model__learning_rate_init': 0.0001}"
2024-06-22 07:00:00,Naive,7,-0.8553887758622575,0.4270653784935004,2022-06-22 07:00:00,2024-06-22 07:00:00,2024-06-22 07:00:00,731,1,,,not_applicable
2024-06-23 07:00:00,Decision Tree,7,-0.8896144523597922,-0.6790494929017484,2022-06-23 07:00:00,2024-06-23 07:00:00,2024-06-23 07:00:00,731,1,-0.42290985504429074,0.42290985504429074,"{'max_depth': None, 'min_samples_leaf': 1, 'min_samples_split': 20}"
2024-06-23 07:00:00,ARX,7,-0.8896144523597922,-0.46352347676674466,2022-06-23 07:00:00,2024-06-23 07:00:00,2024-06-23 07:00:00,731,1,-0.3032104293734177,0.3032104293734177,{'model__alpha': 0.01}
2024-06-23 07:00:00,Random Forest,7,-0.8896144523597922,-0.683165811970465,2022-06-23 07:00:00,2024-06-23 07:00:00,2024-06-23 07:00:00,731,1,-0.28640559026943707,0.28640559026943707,"{'max_depth': 10, 'max_features': 0.5, 'min_samples_leaf': 2, 'n_estimators': 100}"
2024-06-23 07:00:00,Neural Network,7,-0.8896144523597922,-0.6608383525066275,2022-06-23 07:00:00,2024-06-23 07:00:00,2024-06-23 07:00:00,731,1,-0.35941423956503044,0.35941423956503044,"{'regressor__model__alpha': 0.0001, 'regressor__model__hidden_layer_sizes': (64, 32), 'regressor__model__learning_rate_init': 0.0001}"
2024-06-23 07:00:00,Naive,7,-0.8896144523597922,-0.8553887758622575,2022-06-23 07:00:00,2024-06-23 07:00:00,2024-06-23 07:00:00,731,1,,,not_applicable
2024-06-24 07:00:00,Decision Tree,7,0.6554465719765934,0.7032074938633164,2022-06-24 07:00:00,2024-06-24 07:00:00,2024-06-24 07:00:00,731,1,-0.42290985504429074,0.42290985504429074,"{'max_depth': None, 'min_samples_leaf': 1, 'min_samples_split': 20}"
2024-06-24 07:00:00,ARX,7,0.6554465719765934,0.5027135313669276,2022-06-24 07:00:00,2024-06-24 07:00:00,2024-06-24 07:00:00,731,1,-0.3032104293734177,0.3032104293734177,{'model__alpha': 0.01}
2024-06-24 07:00:00,Random Forest,7,0.6554465719765934,0.5145735893420952,2022-06-24 07:00:00,2024-06-24 07:00:00,2024-06-24 07:00:00,731,1,-0.28640559026943707,0.28640559026943707,"{'max_depth': 10, 'max_features': 0.5, 'min_samples_leaf': 2, 'n_estimators': 100}"
2024-06-24 07:00:00,Neural Network,7,0.6554465719765934,0.5558858326095516,2022-06-24 07:00:00,2024-06-24 07:00:00,2024-06-24 07:00:00,731,1,-0.35941423956503044,0.35941423956503044,"{'regressor__model__alpha': 0.0001, 'regressor__model__hidden_layer_sizes': (64, 32), 'regressor__model__learning_rate_init': 0.0001}"
2024-06-24 07:00:00,Naive,7,0.6554465719765934,-0.8896144523597922,2022-06-24 07:00:00,2024-06-24 07:00:00,2024-06-24 07:00:00,731,1,,,not_applicable
2024-06-25 07:00:00,Decision Tree,7,0.42544833461532755,0.7003980278699796,2022-06-25 07:00:00,2024-06-25 07:00:00,2024-06-25 07:00:00,731,1,-0.42290985504429074,0.42290985504429074,"{'max_depth': None, 'min_samples_leaf': 1, 'min_samples_split': 20}"
2024-06-25 07:00:00,ARX,7,0.42544833461532755,0.49444129997714936,2022-06-25 07:00:00,2024-06-25 07:00:00,2024-06-25 07:00:00,731,1,-0.3032104293734177,0.3032104293734177,{'model__alpha': 0.01}
2024-06-25 07:00:00,Random Forest,7,0.42544833461532755,0.47629949086746337,2022-06-25 07:00:00,2024-06-25 07:00:00,2024-06-25 07:00:00,731,1,-0.28640559026943707,0.28640559026943707,"{'max_depth': 10, 'max_features': 0.5, 'min_samples_leaf': 2, 'n_estimators': 100}"
2024-06-25 07:00:00,Neural Network,7,0.42544833461532755,0.7113695100267302,2022-06-25 07:00:00,2024-06-25 07:00:00,2024-06-25 07:00:00,731,1,-0.35941423956503044,0.35941423956503044,"{'regressor__model__alpha': 0.0001, 'regressor__model__hidden_layer_sizes': (64, 32), 'regressor__model__learning_rate_init': 0.0001}"
2024-06-25 07:00:00,Naive,7,0.42544833461532755,0.6554465719765934,2022-06-25 07:00:00,2024-06-25 07:00:00,2024-06-25 07:00:00,731,1,,,not_applicable
2024-06-26 07:00:00,Decision Tree,7,0.5640783188550923,0.35915244048520256,2022-06-26 07:00:00,2024-06-26 07:00:00,2024-06-26 07:00:00,731,1,-0.42290985504429074,0.42290985504429074,"{'max_depth': None, 'min_samples_leaf': 1, 'min_samples_split': 20}"
2024-06-26 07:00:00,ARX,7,0.5640783188550923,0.32033341348721606,2022-06-26 07:00:00,2024-06-26 07:00:00,2024-06-26 07:00:00,731,1,-0.3032104293734177,0.3032104293734177,{'model__alpha': 0.01}
2024-06-26 07:00:00,Random Forest,7,0.5640783188550923,0.33919999478461355,2022-06-26 07:00:00,2024-06-26 07:00:00,2024-06-26 07:00:00,731,1,-0.28640559026943707,0.28640559026943707,"{'max_depth': 10, 'max_features': 0.5, 'min_samples_leaf': 2, 'n_estimators': 100}"
2024-06-26 07:00:00,Neural Network,7,0.5640783188550923,0.4885412532562201,2022-06-26 07:00:00,2024-06-26 07:00:00,2024-06-26 07:00:00,731,1,-0.35941423956503044,0.35941423956503044,"{'regressor__model__alpha': 0.0001, 'regressor__model__hidden_layer_sizes': (64, 32), 'regressor__model__learning_rate_init': 0.0001}"
2024-06-26 07:00:00,Naive,7,0.5640783188550923,0.42544833461532755,2022-06-26 07:00:00,2024-06-26 07:00:00,2024-06-26 07:00:00,731,1,,,not_applicable
2024-06-27 07:00:00,Decision Tree,7,0.48378263621442474,0.2169736230631539,2022-06-27 07:00:00,2024-06-27 07:00:00,2024-06-27 07:00:00,731,1,-0.42290985504429074,0.42290985504429074,"{'max_depth': None, 'min_samples_leaf': 1, 'min_samples_split': 20}"
2024-06-27 07:00:00,ARX,7,0.48378263621442474,0.5341513816594835,2022-06-27 07:00:00,2024-06-27 07:00:00,2024-06-27 07:00:00,731,1,-0.3032104293734177,0.3032104293734177,{'model__alpha': 0.01}
2024-06-27 07:00:00,Random Forest,7,0.48378263621442474,0.46388216018840067,2022-06-27 07:00:00,2024-06-27 07:00:00,2024-06-27 07:00:00,731,1,-0.28640559026943707,0.28640559026943707,"{'max_depth': 10, 'max_features': 0.5, 'min_samples_leaf': 2, 'n_estimators': 100}"
2024-06-27 07:00:00,Neural Network,7,0.48378263621442474,0.5104682328485584,2022-06-27 07:00:00,2024-06-27 07:00:00,2024-06-27 07:00:00,731,1,-0.35941423956503044,0.35941423956503044,"{'regressor__model__alpha': 0.0001, 'regressor__model__hidden_layer_sizes': (64, 32), 'regressor__model__learning_rate_init': 0.0001}"
2024-06-27 07:00:00,Naive,7,0.48378263621442474,0.5640783188550923,2022-06-27 07:00:00,2024-06-27 07:00:00,2024-06-27 07:00:00,731,1,,,not_applicable
2024-06-28 07:00:00,Decision Tree,7,0.1912393435516406,0.4353549137597863,2022-06-28 07:00:00,2024-06-28 07:00:00,2024-06-28 07:00:00,731,1,-0.42290985504429074,0.42290985504429074,"{'max_depth': None, 'min_samples_leaf': 1, 'min_samples_split': 20}"
2024-06-28 07:00:00,ARX,7,0.1912393435516406,0.3339051304463586,2022-06-28 07:00:00,2024-06-28 07:00:00,2024-06-28 07:00:00,731,1,-0.3032104293734177,0.3032104293734177,{'model__alpha': 0.01}
2024-06-28 07:00:00,Random Forest,7,0.1912393435516406,0.2192928346278966,2022-06-28 07:00:00,2024-06-28 07:00:00,2024-06-28 07:00:00,731,1,-0.28640559026943707,0.28640559026943707,"{'max_depth': 10, 'max_features': 0.5, 'min_samples_leaf': 2, 'n_estimators': 100}"
2024-06-28 07:00:00,Neural Network,7,0.1912393435516406,0.36290550081544526,2022-06-28 07:00:00,2024-06-28 07:00:00,2024-06-28 07:00:00,731,1,-0.35941423956503044,0.35941423956503044,"{'regressor__model__alpha': 0.0001, 'regressor__model__hidden_layer_sizes': (64, 32), 'regressor__model__learning_rate_init': 0.0001}"
2024-06-28 07:00:00,Naive,7,0.1912393435516406,0.48378263621442474,2022-06-28 07:00:00,2024-06-28 07:00:00,2024-06-28 07:00:00,731,1,,,not_applicable
2024-06-29 07:00:00,Decision Tree,7,-0.28292951341364125,-0.34371252426113996,2022-06-29 07:00:00,2024-06-29 07:00:00,2024-06-29 07:00:00,731,1,-0.42290985504429074,0.42290985504429074,"{'max_depth': None, 'min_samples_leaf': 1, 'min_samples_split': 20}"
2024-06-29 07:00:00,ARX,7,-0.28292951341364125,-0.011569459647670227,2022-06-29 07:00:00,2024-06-29 07:00:00,2024-06-29 07:00:00,731,1,-0.3032104293734177,0.3032104293734177,{'model__alpha': 0.01}
2024-06-29 07:00:00,Random Forest,7,-0.28292951341364125,-0.48637527480902043,2022-06-29 07:00:00,2024-06-29 07:00:00,2024-06-29 07:00:00,731,1,-0.28640559026943707,0.28640559026943707,"{'max_depth': 10, 'max_features': 0.5, 'min_samples_leaf': 2, 'n_estimators': 100}"
2024-06-29 07:00:00,Neural Network,7,-0.28292951341364125,-0.7190063597732218,2022-06-29 07:00:00,2024-06-29 07:00:00,2024-06-29 07:00:00,731,1,-0.35941423956503044,0.35941423956503044,"{'regressor__model__alpha': 0.0001, 'regressor__model__hidden_layer_sizes': (64, 32), 'regressor__model__learning_rate_init': 0.0001}"
2024-06-29 07:00:00,Naive,7,-0.28292951341364125,0.1912393435516406,2022-06-29 07:00:00,2024-06-29 07:00:00,2024-06-29 07:00:00,731,1,,,not_applicable
2024-06-30 07:00:00,Decision Tree,7,-1.2107506949806681,-0.9649035080035526,2022-06-30 07:00:00,2024-06-30 07:00:00,2024-06-30 07:00:00,731,1,-0.42290985504429074,0.42290985504429074,"{'max_depth': None, 'min_samples_leaf': 1, 'min_samples_split': 20}"
2024-06-30 07:00:00,ARX,7,-1.2107506949806681,-0.3617741035374264,2022-06-30 07:00:00,2024-06-30 07:00:00,2024-06-30 07:00:00,731,1,-0.3032104293734177,0.3032104293734177,{'model__alpha': 0.01}
2024-06-30 07:00:00,Random Forest,7,-1.2107506949806681,-0.768252122216602,2022-06-30 07:00:00,2024-06-30 07:00:00,2024-06-30 07:00:00,731,1,-0.28640559026943707,0.28640559026943707,"{'max_depth': 10, 'max_features': 0.5, 'min_samples_leaf': 2, 'n_estimators': 100}"
2024-06-30 07:00:00,Neural Network,7,-1.2107506949806681,-0.22814105409935784,2022-06-30 07:00:00,2024-06-30 07:00:00,2024-06-30 07:00:00,731,1,-0.35941423956503044,0.35941423956503044,"{'regressor__model__alpha': 0.0001, 'regressor__model__hidden_layer_sizes': (64, 32), 'regressor__model__learning_rate_init': 0.0001}"
2024-06-30 07:00:00,Naive,7,-1.2107506949806681,-0.28292951341364125,2022-06-30 07:00:00,2024-06-30 07:00:00,2024-06-30 07:00:00,731,1,,,not_applicable
2024-07-01 07:00:00,Decision Tree,7,0.7595408710620658,0.40676161810525135,2022-07-01 07:00:00,2024-07-01 07:00:00,2024-07-01 07:00:00,731,1,-0.42290985504429074,0.42290985504429074,"{'max_depth': None, 'min_samples_leaf': 1, 'min_samples_split': 20}"
2024-07-01 07:00:00,ARX,7,0.7595408710620658,0.407094567021601,2022-07-01 07:00:00,2024-07-01 07:00:00,2024-07-01 07:00:00,731,1,-0.3032104293734177,0.3032104293734177,{'model__alpha': 0.01}
2024-07-01 07:00:00,Random Forest,7,0.7595408710620658,0.6244405038380588,2022-07-01 07:00:00,2024-07-01 07:00:00,2024-07-01 07:00:00,731,1,-0.28640559026943707,0.28640559026943707,"{'max_depth': 10, 'max_features': 0.5, 'min_samples_leaf': 2, 'n_estimators': 100}"
2024-07-01 07:00:00,Neural Network,7,0.7595408710620658,0.566053725135273,2022-07-01 07:00:00,2024-07-01 07:00:00,2024-07-01 07:00:00,731,1,-0.35941423956503044,0.35941423956503044,"{'regressor__model__alpha': 0.0001, 'regressor__model__hidden_layer_sizes': (64, 32), 'regressor__model__learning_rate_init': 0.0001}"
2024-07-01 07:00:00,Naive,7,0.7595408710620658,-1.2107506949806681,2022-07-01 07:00:00,2024-07-01 07:00:00,2024-07-01 07:00:00,731,1,,,not_applicable
2024-07-02 07:00:00,Decision Tree,7,0.04230836571986021,1.0542711189458196,2022-07-02 07:00:00,2024-07-02 07:00:00,2024-07-02 07:00:00,731,1,-0.42290985504429074,0.42290985504429074,"{'max_depth': None, 'min_samples_leaf': 1, 'min_samples_split': 20}"
2024-07-02 07:00:00,ARX,7,0.04230836571986021,0.3207570372187499,2022-07-02 07:00:00,2024-07-02 07:00:00,2024-07-02 07:00:00,731,1,-0.3032104293734177,0.3032104293734177,{'model__alpha': 0.01}
2024-07-02 07:00:00,Random Forest,7,0.04230836571986021,0.3076943692532163,2022-07-02 07:00:00,2024-07-02 07:00:00,2024-07-02 07:00:00,731,1,-0.28640559026943707,0.28640559026943707,"{'max_depth': 10, 'max_features': 0.5, 'min_samples_leaf': 2, 'n_estimators': 100}"
2024-07-02 07:00:00,Neural Network,7,0.04230836571986021,0.12737798236553577,2022-07-02 07:00:00,2024-07-02 07:00:00,2024-07-02 07:00:00,731,1,-0.35941423956503044,0.35941423956503044,"{'regressor__model__alpha': 0.0001, 'regressor__model__hidden_layer_sizes': (64, 32), 'regressor__model__learning_rate_init': 0.0001}"
2024-07-02 07:00:00,Naive,7,0.04230836571986021,0.7595408710620658,2022-07-02 07:00:00,2024-07-02 07:00:00,2024-07-02 07:00:00,731,1,,,not_applicable
2024-07-03 07:00:00,Decision Tree,7,0.34785468143062204,0.379770617750997,2022-07-03 07:00:00,2024-07-03 07:00:00,2024-07-03 07:00:00,731,1,-0.42290985504429074,0.42290985504429074,"{'max_depth': None, 'min_samples_leaf': 1, 'min_samples_split': 20}"
2024-07-03 07:00:00,ARX,7,0.34785468143062204,0.20042340779956427,2022-07-03 07:00:00,2024-07-03 07:00:00,2024-07-03 07:00:00,731,1,-0.3032104293734177,0.3032104293734177,{'model__alpha': 0.01}
2024-07-03 07:00:00,Random Forest,7,0.34785468143062204,0.21145110386163585,2022-07-03 07:00:00,2024-07-03 07:00:00,2024-07-03 07:00:00,731,1,-0.28640559026943707,0.28640559026943707,"{'max_depth': 10, 'max_features': 0.5, 'min_samples_leaf': 2, 'n_estimators': 100}"
2024-07-03 07:00:00,Neural Network,7,0.34785468143062204,0.3529171067931978,2022-07-03 07:00:00,2024-07-03 07:00:00,2024-07-03 07:00:00,731,1,-0.35941423956503044,0.35941423956503044,"{'regressor__model__alpha': 0.0001, 'regressor__model__hidden_layer_sizes': (64, 32), 'regressor__model__learning_rate_init': 0.0001}"
2024-07-03 07:00:00,Naive,7,0.34785468143062204,0.04230836571986021,2022-07-03 07:00:00,2024-07-03 07:00:00,2024-07-03 07:00:00,731,1,,,not_applicable
2024-07-04 07:00:00,Decision Tree,7,-0.9833488160714032,-0.13572886838935122,2022-07-04 07:00:00,2024-07-04 07:00:00,2024-07-04 07:00:00,731,1,-0.42290985504429074,0.42290985504429074,"{'max_depth': None, 'min_samples_leaf': 1, 'min_samples_split': 20}"
2024-07-04 07:00:00,ARX,7,-0.9833488160714032,-0.141514431819343,2022-07-04 07:00:00,2024-07-04 07:00:00,2024-07-04 07:00:00,731,1,-0.3032104293734177,0.3032104293734177,{'model__alpha': 0.01}
2024-07-04 07:00:00,Random Forest,7,-0.9833488160714032,-0.192068328139052,2022-07-04 07:00:00,2024-07-04 07:00:00,2024-07-04 07:00:00,731,1,-0.28640559026943707,0.28640559026943707,"{'max_depth': 10, 'max_features': 0.5, 'min_samples_leaf': 2, 'n_estimators': 100}"
2024-07-04 07:00:00,Neural Network,7,-0.9833488160714032,0.26945704533831744,2022-07-04 07:00:00,2024-07-04 07:00:00,2024-07-04 07:00:00,731,1,-0.35941423956503044,0.35941423956503044,"{'regressor__model__alpha': 0.0001, 'regressor__model__hidden_layer_sizes': (64, 32), 'regressor__model__learning_rate_init': 0.0001}"
2024-07-04 07:00:00,Naive,7,-0.9833488160714032,0.34785468143062204,2022-07-04 07:00:00,2024-07-04 07:00:00,2024-07-04 07:00:00,731,1,,,not_applicable
2024-07-05 07:00:00,Decision Tree,7,-0.9067962603688621,-0.09775674716808916,2022-07-05 07:00:00,2024-07-05 07:00:00,2024-07-05 07:00:00,731,1,-0.42290985504429074,0.42290985504429074,"{'max_depth': None, 'min_samples_leaf': 1, 'min_samples_split': 20}"
2024-07-05 07:00:00,ARX,7,-0.9067962603688621,-0.4259354832280233,2022-07-05 07:00:00,2024-07-05 07:00:00,2024-07-05 07:00:00,731,1,-0.3032104293734177,0.3032104293734177,{'model__alpha': 0.01}
2024-07-05 07:00:00,Random Forest,7,-0.9067962603688621,-0.2683293356024571,2022-07-05 07:00:00,2024-07-05 07:00:00,2024-07-05 07:00:00,731,1,-0.28640559026943707,0.28640559026943707,"{'max_depth': 10, 'max_features': 0.5, 'min_samples_leaf': 2, 'n_estimators': 100}"
2024-07-05 07:00:00,Neural Network,7,-0.9067962603688621,-0.4686689217758869,2022-07-05 07:00:00,2024-07-05 07:00:00,2024-07-05 07:00:00,731,1,-0.35941423956503044,0.35941423956503044,"{'regressor__model__alpha': 0.0001, 'regressor__model__hidden_layer_sizes': (64, 32), 'regressor__model__learning_rate_init': 0.0001}"
2024-07-05 07:00:00,Naive,7,-0.9067962603688621,-0.9833488160714032,2022-07-05 07:00:00,2024-07-05 07:00:00,2024-07-05 07:00:00,731,1,,,not_applicable
2024-07-06 07:00:00,Decision Tree,7,-1.3670965152481467,-1.3093475362049487,2022-07-06 07:00:00,2024-07-06 07:00:00,2024-07-06 07:00:00,731,1,-0.42290985504429074,0.42290985504429074,"{'max_depth': None, 'min_samples_leaf': 1, 'min_samples_split': 20}"
2024-07-06 07:00:00,ARX,7,-1.3670965152481467,-0.4472383253147444,2022-07-06 07:00:00,2024-07-06 07:00:00,2024-07-06 07:00:00,731,1,-0.3032104293734177,0.3032104293734177,{'model__alpha': 0.01}
2024-07-06 07:00:00,Random Forest,7,-1.3670965152481467,-0.6812301505983622,2022-07-06 07:00:00,2024-07-06 07:00:00,2024-07-06 07:00:00,731,1,-0.28640559026943707,0.28640559026943707,"{'max_depth': 10, 'max_features': 0.5, 'min_samples_leaf': 2, 'n_estimators': 100}"
2024-07-06 07:00:00,Neural Network,7,-1.3670965152481467,-1.158380968032664,2022-07-06 07:00:00,2024-07-06 07:00:00,2024-07-06 07:00:00,731,1,-0.35941423956503044,0.35941423956503044,"{'regressor__model__alpha': 0.0001, 'regressor__model__hidden_layer_sizes': (64, 32), 'regressor__model__learning_rate_init': 0.0001}"
2024-07-06 07:00:00,Naive,7,-1.3670965152481467,-0.9067962603688621,2022-07-06 07:00:00,2024-07-06 07:00:00,2024-07-06 07:00:00,731,1,,,not_applicable
2024-07-07 07:00:00,Decision Tree,7,-1.416829023284223,-1.3141599511252153,2022-07-07 07:00:00,2024-07-07 07:00:00,2024-07-07 07:00:00,731,1,-0.42290985504429074,0.42290985504429074,"{'max_depth': None, 'min_samples_leaf': 1, 'min_samples_split': 20}"
2024-07-07 07:00:00,ARX,7,-1.416829023284223,-1.3867098503939799,2022-07-07 07:00:00,2024-07-07 07:00:00,2024-07-07 07:00:00,731,1,-0.3032104293734177,0.3032104293734177,{'model__alpha': 0.01}
2024-07-07 07:00:00,Random Forest,7,-1.416829023284223,-1.2076157350653618,2022-07-07 07:00:00,2024-07-07 07:00:00,2024-07-07 07:00:00,731,1,-0.28640559026943707,0.28640559026943707,"{'max_depth': 10, 'max_features': 0.5, 'min_samples_leaf': 2, 'n_estimators': 100}"
2024-07-07 07:00:00,Neural Network,7,-1.416829023284223,-1.5035007052095122,2022-07-07 07:00:00,2024-07-07 07:00:00,2024-07-07 07:00:00,731,1,-0.35941423956503044,0.35941423956503044,"{'regressor__model__alpha': 0.0001, 'regressor__model__hidden_layer_sizes': (64, 32), 'regressor__model__learning_rate_init': 0.0001}"
2024-07-07 07:00:00,Naive,7,-1.416829023284223,-1.3670965152481467,2022-07-07 07:00:00,2024-07-07 07:00:00,2024-07-07 07:00:00,731,1,,,not_applicable
2024-07-08 07:00:00,Decision Tree,7,0.5158697554041889,0.5816084920903297,2022-07-08 07:00:00,2024-07-08 07:00:00,2024-07-08 07:00:00,731,1,-0.42290985504429074,0.42290985504429074,"{'max_depth': None, 'min_samples_leaf': 1, 'min_samples_split': 20}"
2024-07-08 07:00:00,ARX,7,0.5158697554041889,0.3174233963275451,2022-07-08 07:00:00,2024-07-08 07:00:00,2024-07-08 07:00:00,731,1,-0.3032104293734177,0.3032104293734177,{'model__alpha': 0.01}
2024-07-08 07:00:00,Random Forest,7,0.5158697554041889,0.282739685210171,2022-07-08 07:00:00,2024-07-08 07:00:00,2024-07-08 07:00:00,731,1,-0.28640559026943707,0.28640559026943707,"{'max_depth': 10, 'max_features': 0.5, 'min_samples_leaf': 2, 'n_estimators': 100}"
2024-07-08 07:00:00,Neural Network,7,0.5158697554041889,0.24589178066078188,2022-07-08 07:00:00,2024-07-08 07:00:00,2024-07-08 07:00:00,731,1,-0.35941423956503044,0.35941423956503044,"{'regressor__model__alpha': 0.0001, 'regressor__model__hidden_layer_sizes': (64, 32), 'regressor__model__learning_rate_init': 0.0001}"
2024-07-08 07:00:00,Naive,7,0.5158697554041889,-1.416829023284223,2022-07-08 07:00:00,2024-07-08 07:00:00,2024-07-08 07:00:00,731,1,,,not_applicable
2024-07-09 07:00:00,Decision Tree,7,0.11814548163009653,0.41512909684485155,2022-07-09 07:00:00,2024-07-09 07:00:00,2024-07-09 07:00:00,731,1,-0.42290985504429074,0.42290985504429074,"{'max_depth': None, 'min_samples_leaf': 1, 'min_samples_split': 20}"
2024-07-09 07:00:00,ARX,7,0.11814548163009653,0.2826178826665542,2022-07-09 07:00:00,2024-07-09 07:00:00,2024-07-09 07:00:00,731,1,-0.3032104293734177,0.3032104293734177,{'model__alpha': 0.01}
2024-07-09 07:00:00,Random Forest,7,0.11814548163009653,0.411240346055187,2022-07-09 07:00:00,2024-07-09 07:00:00,2024-07-09 07:00:00,731,1,-0.28640559026943707,0.28640559026943707,"{'max_depth': 10, 'max_features': 0.5, 'min_samples_leaf': 2, 'n_estimators': 100}"
2024-07-09 07:00:00,Neural Network,7,0.11814548163009653,0.3316017943928648,2022-07-09 07:00:00,2024-07-09 07:00:00,2024-07-09 07:00:00,731,1,-0.35941423956503044,0.35941423956503044,"{'regressor__model__alpha': 0.0001, 'regressor__model__hidden_layer_sizes': (64, 32), 'regressor__model__learning_rate_init': 0.0001}"
2024-07-09 07:00:00,Naive,7,0.11814548163009653,0.5158697554041889,2022-07-09 07:00:00,2024-07-09 07:00:00,2024-07-09 07:00:00,731,1,,,not_applicable
2024-07-10 07:00:00,Decision Tree,7,0.17146215951915747,-0.40296321468838997,2022-07-10 07:00:00,2024-07-10 07:00:00,2024-07-10 07:00:00,731,1,-0.42290985504429074,0.42290985504429074,"{'max_depth': None, 'min_samples_leaf': 1, 'min_samples_split': 20}"
2024-07-10 07:00:00,ARX,7,0.17146215951915747,-0.08743274138108564,2022-07-10 07:00:00,2024-07-10 07:00:00,2024-07-10 07:00:00,731,1,-0.3032104293734177,0.3032104293734177,{'model__alpha': 0.01}
2024-07-10 07:00:00,Random Forest,7,0.17146215951915747,-0.04269327044049465,2022-07-10 07:00:00,2024-07-10 07:00:00,2024-07-10 07:00:00,731,1,-0.28640559026943707,0.28640559026943707,"{'max_depth': 10, 'max_features': 0.5, 'min_samples_leaf': 2, 'n_estimators': 100}"
2024-07-10 07:00:00,Neural Network,7,0.17146215951915747,-0.020316979307934968,2022-07-10 07:00:00,2024-07-10 07:00:00,2024-07-10 07:00:00,731,1,-0.35941423956503044,0.35941423956503044,"{'regressor__model__alpha': 0.0001, 'regressor__model__hidden_layer_sizes': (64, 32), 'regressor__model__learning_rate_init': 0.0001}"
2024-07-10 07:00:00,Naive,7,0.17146215951915747,0.11814548163009653,2022-07-10 07:00:00,2024-07-10 07:00:00,2024-07-10 07:00:00,731,1,,,not_applicable
2024-07-11 07:00:00,Decision Tree,7,0.43227909244336093,0.21231625334279391,2022-07-11 07:00:00,2024-07-11 07:00:00,2024-07-11 07:00:00,731,1,-0.42290985504429074,0.42290985504429074,"{'max_depth': None, 'min_samples_leaf': 1, 'min_samples_split': 20}"
2024-07-11 07:00:00,ARX,7,0.43227909244336093,0.13400081533483604,2022-07-11 07:00:00,2024-07-11 07:00:00,2024-07-11 07:00:00,731,1,-0.3032104293734177,0.3032104293734177,{'model__alpha': 0.01}
2024-07-11 07:00:00,Random Forest,7,0.43227909244336093,0.29104696523690365,2022-07-11 07:00:00,2024-07-11 07:00:00,2024-07-11 07:00:00,731,1,-0.28640559026943707,0.28640559026943707,"{'max_depth': 10, 'max_features': 0.5, 'min_samples_leaf': 2, 'n_estimators': 100}"
2024-07-11 07:00:00,Neural Network,7,0.43227909244336093,0.3004380020554731,2022-07-11 07:00:00,2024-07-11 07:00:00,2024-07-11 07:00:00,731,1,-0.35941423956503044,0.35941423956503044,"{'regressor__model__alpha': 0.0001, 'regressor__model__hidden_layer_sizes': (64, 32), 'regressor__model__learning_rate_init': 0.0001}"
2024-07-11 07:00:00,Naive,7,0.43227909244336093,0.17146215951915747,2022-07-11 07:00:00,2024-07-11 07:00:00,2024-07-11 07:00:00,731,1,,,not_applicable
2024-07-12 07:00:00,Decision Tree,7,0.24468733081087615,0.4560407455060654,2022-07-12 07:00:00,2024-07-12 07:00:00,2024-07-12 07:00:00,731,1,-0.42290985504429074,0.42290985504429074,"{'max_depth': None, 'min_samples_leaf': 1, 'min_samples_split': 20}"
2024-07-12 07:00:00,ARX,7,0.24468733081087615,0.17937087175642327,2022-07-12 07:00:00,2024-07-12 07:00:00,2024-07-12 07:00:00,731,1,-0.3032104293734177,0.3032104293734177,{'model__alpha': 0.01}
2024-07-12 07:00:00,Random Forest,7,0.24468733081087615,0.33235830632382096,2022-07-12 07:00:00,2024-07-12 07:00:00,2024-07-12 07:00:00,731,1,-0.28640559026943707,0.28640559026943707,"{'max_depth': 10, 'max_features': 0.5, 'min_samples_leaf': 2, 'n_estimators': 100}"
2024-07-12 07:00:00,Neural Network,7,0.24468733081087615,0.21227400209507602,2022-07-12 07:00:00,2024-07-12 07:00:00,2024-07-12 07:00:00,731,1,-0.35941423956503044,0.35941423956503044,"{'regressor__model__alpha': 0.0001, 'regressor__model__hidden_layer_sizes': (64, 32), 'regressor__model__learning_rate_init': 0.0001}"
2024-07-12 07:00:00,Naive,7,0.24468733081087615,0.43227909244336093,2022-07-12 07:00:00,2024-07-12 07:00:00,2024-07-12 07:00:00,731,1,,,not_applicable
2024-07-13 07:00:00,Decision Tree,7,-1.1391056918268874,-1.3220575720605234,2022-07-13 07:00:00,2024-07-13 07:00:00,2024-07-13 07:00:00,731,1,-0.42290985504429074,0.42290985504429074,"{'max_depth': None, 'min_samples_leaf': 1, 'min_samples_split': 20}"
2024-07-13 07:00:00,ARX,7,-1.1391056918268874,-0.6713746180524578,2022-07-13 07:00:00,2024-07-13 07:00:00,2024-07-13 07:00:00,731,1,-0.3032104293734177,0.3032104293734177,{'model__alpha': 0.01}
2024-07-13 07:00:00,Random Forest,7,-1.1391056918268874,-0.8577238697205709,2022-07-13 07:00:00,2024-07-13 07:00:00,2024-07-13 07:00:00,731,1,-0.28640559026943707,0.28640559026943707,"{'max_depth': 10, 'max_features': 0.5, 'min_samples_leaf': 2, 'n_estimators': 100}"
2024-07-13 07:00:00,Neural Network,7,-1.1391056918268874,-0.7366402909035012,2022-07-13 07:00:00,2024-07-13 07:00:00,2024-07-13 07:00:00,731,1,-0.35941423956503044,0.35941423956503044,"{'regressor__model__alpha': 0.0001, 'regressor__model__hidden_layer_sizes': (64, 32), 'regressor__model__learning_rate_init': 0.0001}"
2024-07-13 07:00:00,Naive,7,-1.1391056918268874,0.24468733081087615,2022-07-13 07:00:00,2024-07-13 07:00:00,2024-07-13 07:00:00,731,1,,,not_applicable
2024-07-14 07:00:00,Decision Tree,7,-1.2878315907167133,-0.7024455995081977,2022-07-14 07:00:00,2024-07-14 07:00:00,2024-07-14 07:00:00,731,1,-0.42290985504429074,0.42290985504429074,"{'max_depth': None, 'min_samples_leaf': 1, 'min_samples_split': 20}"
2024-07-14 07:00:00,ARX,7,-1.2878315907167133,-0.8448989342827665,2022-07-14 07:00:00,2024-07-14 07:00:00,2024-07-14 07:00:00,731,1,-0.3032104293734177,0.3032104293734177,{'model__alpha': 0.01}
2024-07-14 07:00:00,Random Forest,7,-1.2878315907167133,-1.0635099656018696,2022-07-14 07:00:00,2024-07-14 07:00:00,2024-07-14 07:00:00,731,1,-0.28640559026943707,0.28640559026943707,"{'max_depth': 10, 'max_features': 0.5, 'min_samples_leaf': 2, 'n_estimators': 100}"
2024-07-14 07:00:00,Neural Network,7,-1.2878315907167133,-1.0141300444883594,2022-07-14 07:00:00,2024-07-14 07:00:00,2024-07-14 07:00:00,731,1,-0.35941423956503044,0.35941423956503044,"{'regressor__model__alpha': 0.0001, 'regressor__model__hidden_layer_sizes': (64, 32), 'regressor__model__learning_rate_init': 0.0001}"
2024-07-14 07:00:00,Naive,7,-1.2878315907167133,-1.1391056918268874,2022-07-14 07:00:00,2024-07-14 07:00:00,2024-07-14 07:00:00,731,1,,,not_applicable
2024-07-15 07:00:00,Decision Tree,7,0.8446539370845311,-0.9450725382201326,2022-07-15 07:00:00,2024-07-15 07:00:00,2024-07-15 07:00:00,731,1,-0.42290985504429074,0.42290985504429074,"{'max_depth': None, 'min_samples_leaf': 1, 'min_samples_split': 20}"
2024-07-15 07:00:00,ARX,7,0.8446539370845311,0.24564393858129865,2022-07-15 07:00:00,2024-07-15 07:00:00,2024-07-15 07:00:00,731,1,-0.3032104293734177,0.3032104293734177,{'model__alpha': 0.01}
2024-07-15 07:00:00,Random Forest,7,0.8446539370845311,0.2083746779220829,2022-07-15 07:00:00,2024-07-15 07:00:00,2024-07-15 07:00:00,731,1,-0.28640559026943707,0.28640559026943707,"{'max_depth': 10, 'max_features': 0.5, 'min_samples_leaf': 2, 'n_estimators': 100}"
2024-07-15 07:00:00,Neural Network,7,0.8446539370845311,0.1262486945484213,2022-07-15 07:00:00,2024-07-15 07:00:00,2024-07-15 07:00:00,731,1,-0.35941423956503044,0.35941423956503044,"{'regressor__model__alpha': 0.0001, 'regressor__model__hidden_layer_sizes': (64, 32), 'regressor__model__learning_rate_init': 0.0001}"
2024-07-15 07:00:00,Naive,7,0.8446539370845311,-1.2878315907167133,2022-07-15 07:00:00,2024-07-15 07:00:00,2024-07-15 07:00:00,731,1,,,not_applicable
2024-07-16 07:00:00,Decision Tree,7,-0.12340728650738372,-0.10920357984593498,2022-07-16 07:00:00,2024-07-16 07:00:00,2024-07-16 07:00:00,731,1,-0.42290985504429074,0.42290985504429074,"{'max_depth': None, 'min_samples_leaf': 1, 'min_samples_split': 20}"
2024-07-16 07:00:00,ARX,7,-0.12340728650738372,0.06465555245287413,2022-07-16 07:00:00,2024-07-16 07:00:00,2024-07-16 07:00:00,731,1,-0.3032104293734177,0.3032104293734177,{'model__alpha': 0.01}
2024-07-16 07:00:00,Random Forest,7,-0.12340728650738372,0.3191734991376508,2022-07-16 07:00:00,2024-07-16 07:00:00,2024-07-16 07:00:00,731,1,-0.28640559026943707,0.28640559026943707,"{'max_depth': 10, 'max_features': 0.5, 'min_samples_leaf': 2, 'n_estimators': 100}"
2024-07-16 07:00:00,Neural Network,7,-0.12340728650738372,0.13346645800864176,2022-07-16 07:00:00,2024-07-16 07:00:00,2024-07-16 07:00:00,731,1,-0.35941423956503044,0.35941423956503044,"{'regressor__model__alpha': 0.0001, 'regressor__model__hidden_layer_sizes': (64, 32), 'regressor__model__learning_rate_init': 0.0001}"
2024-07-16 07:00:00,Naive,7,-0.12340728650738372,0.8446539370845311,2022-07-16 07:00:00,2024-07-16 07:00:00,2024-07-16 07:00:00,731,1,,,not_applicable
2024-07-17 07:00:00,Decision Tree,7,0.05593338855550804,-0.1101504936233649,2022-07-17 07:00:00,2024-07-17 07:00:00,2024-07-17 07:00:00,731,1,-0.42290985504429074,0.42290985504429074,"{'max_depth': None, 'min_samples_leaf': 1, 'min_samples_split': 20}"
2024-07-17 07:00:00,ARX,7,0.05593338855550804,0.041736289834084894,2022-07-17 07:00:00,2024-07-17 07:00:00,2024-07-17 07:00:00,731,1,-0.3032104293734177,0.3032104293734177,{'model__alpha': 0.01}
2024-07-17 07:00:00,Random Forest,7,0.05593338855550804,0.13675667226959198,2022-07-17 07:00:00,2024-07-17 07:00:00,2024-07-17 07:00:00,731,1,-0.28640559026943707,0.28640559026943707,"{'max_depth': 10, 'max_features': 0.5, 'min_samples_leaf': 2, 'n_estimators': 100}"
2024-07-17 07:00:00,Neural Network,7,0.05593338855550804,0.10776016193550131,2022-07-17 07:00:00,2024-07-17 07:00:00,2024-07-17 07:00:00,731,1,-0.35941423956503044,0.35941423956503044,"{'regressor__model__alpha': 0.0001, 'regressor__model__hidden_layer_sizes': (64, 32), 'regressor__model__learning_rate_init': 0.0001}"
2024-07-17 07:00:00,Naive,7,0.05593338855550804,-0.12340728650738372,2022-07-17 07:00:00,2024-07-17 07:00:00,2024-07-17 07:00:00,731,1,,,not_applicable
2024-07-18 07:00:00,Decision Tree,7,0.2089371341116496,0.45803535200335876,2022-07-18 07:00:00,2024-07-18 07:00:00,2024-07-18 07:00:00,731,1,-0.42290985504429074,0.42290985504429074,"{'max_depth': None, 'min_samples_leaf': 1, 'min_samples_split': 20}"
2024-07-18 07:00:00,ARX,7,0.2089371341116496,0.31697319236179855,2022-07-18 07:00:00,2024-07-18 07:00:00,2024-07-18 07:00:00,731,1,-0.3032104293734177,0.3032104293734177,{'model__alpha': 0.01}
2024-07-18 07:00:00,Random Forest,7,0.2089371341116496,0.3655711507668783,2022-07-18 07:00:00,2024-07-18 07:00:00,2024-07-18 07:00:00,731,1,-0.28640559026943707,0.28640559026943707,"{'max_depth': 10, 'max_features': 0.5, 'min_samples_leaf': 2, 'n_estimators': 100}"
2024-07-18 07:00:00,Neural Network,7,0.2089371341116496,0.26767412826699577,2022-07-18 07:00:00,2024-07-18 07:00:00,2024-07-18 07:00:00,731,1,-0.35941423956503044,0.35941423956503044,"{'regressor__model__alpha': 0.0001, 'regressor__model__hidden_layer_sizes': (64, 32), 'regressor__model__learning_rate_init': 0.0001}"
2024-07-18 07:00:00,Naive,7,0.2089371341116496,0.05593338855550804,2022-07-18 07:00:00,2024-07-18 07:00:00,2024-07-18 07:00:00,731,1,,,not_applicable
2024-07-19 07:00:00,Decision Tree,7,0.27876081240834955,0.2796735042164699,2022-07-19 07:00:00,2024-07-19 07:00:00,2024-07-19 07:00:00,731,1,-0.42290985504429074,0.42290985504429074,"{'max_depth': None, 'min_samples_leaf': 1, 'min_samples_split': 20}"
2024-07-19 07:00:00,ARX,7,0.27876081240834955,0.3082197684206619,2022-07-19 07:00:00,2024-07-19 07:00:00,2024-07-19 07:00:00,731,1,-0.3032104293734177,0.3032104293734177,{'model__alpha': 0.01}
2024-07-19 07:00:00,Random Forest,7,0.27876081240834955,0.39780146950023965,2022-07-19 07:00:00,2024-07-19 07:00:00,2024-07-19 07:00:00,731,1,-0.28640559026943707,0.28640559026943707,"{'max_depth': 10, 'max_features': 0.5, 'min_samples_leaf': 2, 'n_estimators': 100}"
2024-07-19 07:00:00,Neural Network,7,0.27876081240834955,0.5094892700265653,2022-07-19 07:00:00,2024-07-19 07:00:00,2024-07-19 07:00:00,731,1,-0.35941423956503044,0.35941423956503044,"{'regressor__model__alpha': 0.0001, 'regressor__model__hidden_layer_sizes': (64, 32), 'regressor__model__learning_rate_init': 0.0001}"
2024-07-19 07:00:00,Naive,7,0.27876081240834955,0.2089371341116496,2022-07-19 07:00:00,2024-07-19 07:00:00,2024-07-19 07:00:00,731,1,,,not_applicable
2024-07-20 07:00:00,Decision Tree,7,-0.21706170442893943,-0.28986764186518754,2022-07-20 07:00:00,2024-07-20 07:00:00,2024-07-20 07:00:00,731,1,-0.42290985504429074,0.42290985504429074,"{'max_depth': None, 'min_samples_leaf': 1, 'min_samples_split': 20}"
2024-07-20 07:00:00,ARX,7,-0.21706170442893943,-0.295252924031816,2022-07-20 07:00:00,2024-07-20 07:00:00,2024-07-20 07:00:00,731,1,-0.3032104293734177,0.3032104293734177,{'model__alpha': 0.01}
2024-07-20 07:00:00,Random Forest,7,-0.21706170442893943,-0.5151145202750567,2022-07-20 07:00:00,2024-07-20 07:00:00,2024-07-20 07:00:00,731,1,-0.28640559026943707,0.28640559026943707,"{'max_depth': 10, 'max_features': 0.5, 'min_samples_leaf': 2, 'n_estimators': 100}"
2024-07-20 07:00:00,Neural Network,7,-0.21706170442893943,-0.7700476956873274,2022-07-20 07:00:00,2024-07-20 07:00:00,2024-07-20 07:00:00,731,1,-0.35941423956503044,0.35941423956503044,"{'regressor__model__alpha': 0.0001, 'regressor__model__hidden_layer_sizes': (64, 32), 'regressor__model__learning_rate_init': 0.0001}"
2024-07-20 07:00:00,Naive,7,-0.21706170442893943,0.27876081240834955,2022-07-20 07:00:00,2024-07-20 07:00:00,2024-07-20 07:00:00,731,1,,,not_applicable
2024-07-21 07:00:00,Decision Tree,7,-0.6836763537403078,-0.8606718591011915,2022-07-21 07:00:00,2024-07-21 07:00:00,2024-07-21 07:00:00,731,1,-0.42290985504429074,0.42290985504429074,"{'max_depth': None, 'min_samples_leaf': 1, 'min_samples_split': 20}"
2024-07-21 07:00:00,ARX,7,-0.6836763537403078,-0.6031916506540542,2022-07-21 07:00:00,2024-07-21 07:00:00,2024-07-21 07:00:00,731,1,-0.3032104293734177,0.3032104293734177,{'model__alpha': 0.01}
2024-07-21 07:00:00,Random Forest,7,-0.6836763537403078,-0.8858878321449695,2022-07-21 07:00:00,2024-07-21 07:00:00,2024-07-21 07:00:00,731,1,-0.28640559026943707,0.28640559026943707,"{'max_depth': 10, 'max_features': 0.5, 'min_samples_leaf': 2, 'n_estimators': 100}"
2024-07-21 07:00:00,Neural Network,7,-0.6836763537403078,-0.9357513601535701,2022-07-21 07:00:00,2024-07-21 07:00:00,2024-07-21 07:00:00,731,1,-0.35941423956503044,0.35941423956503044,"{'regressor__model__alpha': 0.0001, 'regressor__model__hidden_layer_sizes': (64, 32), 'regressor__model__learning_rate_init': 0.0001}"
2024-07-21 07:00:00,Naive,7,-0.6836763537403078,-0.21706170442893943,2022-07-21 07:00:00,2024-07-21 07:00:00,2024-07-21 07:00:00,731,1,,,not_applicable
2024-07-22 07:00:00,Decision Tree,7,0.667755857762007,0.05240713252745111,2022-07-22 07:00:00,2024-07-22 07:00:00,2024-07-22 07:00:00,731,1,-0.42290985504429074,0.42290985504429074,"{'max_depth': None, 'min_samples_leaf': 1, 'min_samples_split': 20}"
2024-07-22 07:00:00,ARX,7,0.667755857762007,0.4344756415360934,2022-07-22 07:00:00,2024-07-22 07:00:00,2024-07-22 07:00:00,731,1,-0.3032104293734177,0.3032104293734177,{'model__alpha': 0.01}
2024-07-22 07:00:00,Random Forest,7,0.667755857762007,0.36413169748051133,2022-07-22 07:00:00,2024-07-22 07:00:00,2024-07-22 07:00:00,731,1,-0.28640559026943707,0.28640559026943707,"{'max_depth': 10, 'max_features': 0.5, 'min_samples_leaf': 2, 'n_estimators': 100}"
2024-07-22 07:00:00,Neural Network,7,0.667755857762007,0.5133202109088304,2022-07-22 07:00:00,2024-07-22 07:00:00,2024-07-22 07:00:00,731,1,-0.35941423956503044,0.35941423956503044,"{'regressor__model__alpha': 0.0001, 'regressor__model__hidden_layer_sizes': (64, 32), 'regressor__model__learning_rate_init': 0.0001}"
2024-07-22 07:00:00,Naive,7,0.667755857762007,-0.6836763537403078,2022-07-22 07:00:00,2024-07-22 07:00:00,2024-07-22 07:00:00,731,1,,,not_applicable
2024-07-23 07:00:00,Decision Tree,7,0.47637608265134734,0.3419206685763514,2022-07-23 07:00:00,2024-07-23 07:00:00,2024-07-23 07:00:00,731,1,-0.42290985504429074,0.42290985504429074,"{'max_depth': None, 'min_samples_leaf': 1, 'min_samples_split': 20}"
2024-07-23 07:00:00,ARX,7,0.47637608265134734,0.3016878250023747,2022-07-23 07:00:00,2024-07-23 07:00:00,2024-07-23 07:00:00,731,1,-0.3032104293734177,0.3032104293734177,{'model__alpha': 0.01}
2024-07-23 07:00:00,Random Forest,7,0.47637608265134734,0.35293399546776444,2022-07-23 07:00:00,2024-07-23 07:00:00,2024-07-23 07:00:00,731,1,-0.28640559026943707,0.28640559026943707,"{'max_depth': 10, 'max_features': 0.5, 'min_samples_leaf': 2, 'n_estimators': 100}"
2024-07-23 07:00:00,Neural Network,7,0.47637608265134734,0.1775115177214764,2022-07-23 07:00:00,2024-07-23 07:00:00,2024-07-23 07:00:00,731,1,-0.35941423956503044,0.35941423956503044,"{'regressor__model__alpha': 0.0001, 'regressor__model__hidden_layer_sizes': (64, 32), 'regressor__model__learning_rate_init': 0.0001}"
2024-07-23 07:00:00,Naive,7,0.47637608265134734,0.667755857762007,2022-07-23 07:00:00,2024-07-23 07:00:00,2024-07-23 07:00:00,731,1,,,not_applicable
2024-07-24 07:00:00,Decision Tree,7,0.627559601906571,-0.15358589352667673,2022-07-24 07:00:00,2024-07-24 07:00:00,2024-07-24 07:00:00,731,1,-0.42290985504429074,0.42290985504429074,"{'max_depth': None, 'min_samples_leaf': 1, 'min_samples_split': 20}"
2024-07-24 07:00:00,ARX,7,0.627559601906571,0.15891559691359286,2022-07-24 07:00:00,2024-07-24 07:00:00,2024-07-24 07:00:00,731,1,-0.3032104293734177,0.3032104293734177,{'model__alpha': 0.01}
2024-07-24 07:00:00,Random Forest,7,0.627559601906571,0.24171523858155633,2022-07-24 07:00:00,2024-07-24 07:00:00,2024-07-24 07:00:00,731,1,-0.28640559026943707,0.28640559026943707,"{'max_depth': 10, 'max_features': 0.5, 'min_samples_leaf': 2, 'n_estimators': 100}"
2024-07-24 07:00:00,Neural Network,7,0.627559601906571,0.20935934946818396,2022-07-24 07:00:00,2024-07-24 07:00:00,2024-07-24 07:00:00,731,1,-0.35941423956503044,0.35941423956503044,"{'regressor__model__alpha': 0.0001, 'regressor__model__hidden_layer_sizes': (64, 32), 'regressor__model__learning_rate_init': 0.0001}"
2024-07-24 07:00:00,Naive,7,0.627559601906571,0.47637608265134734,2022-07-24 07:00:00,2024-07-24 07:00:00,2024-07-24 07:00:00,731,1,,,not_applicable
2024-07-25 07:00:00,Decision Tree,7,0.41440900343890374,0.8888081408829088,2022-07-25 07:00:00,2024-07-25 07:00:00,2024-07-25 07:00:00,731,1,-0.42290985504429074,0.42290985504429074,"{'max_depth': None, 'min_samples_leaf': 1, 'min_samples_split': 20}"
2024-07-25 07:00:00,ARX,7,0.41440900343890374,0.3102946984761675,2022-07-25 07:00:00,2024-07-25 07:00:00,2024-07-25 07:00:00,731,1,-0.3032104293734177,0.3032104293734177,{'model__alpha': 0.01}
2024-07-25 07:00:00,Random Forest,7,0.41440900343890374,0.5955351381086705,2022-07-25 07:00:00,2024-07-25 07:00:00,2024-07-25 07:00:00,731,1,-0.28640559026943707,0.28640559026943707,"{'max_depth': 10, 'max_features': 0.5, 'min_samples_leaf': 2, 'n_estimators': 100}"
2024-07-25 07:00:00,Neural Network,7,0.41440900343890374,0.023028218639814316,2022-07-25 07:00:00,2024-07-25 07:00:00,2024-07-25 07:00:00,731,1,-0.35941423956503044,0.35941423956503044,"{'regressor__model__alpha': 0.0001, 'regressor__model__hidden_layer_sizes': (64, 32), 'regressor__model__learning_rate_init': 0.0001}"
2024-07-25 07:00:00,Naive,7,0.41440900343890374,0.627559601906571,2022-07-25 07:00:00,2024-07-25 07:00:00,2024-07-25 07:00:00,731,1,,,not_applicable
2024-07-26 07:00:00,Decision Tree,7,0.4109943124048707,0.05240713252745111,2022-07-26 07:00:00,2024-07-26 07:00:00,2024-07-26 07:00:00,731,1,-0.42290985504429074,0.42290985504429074,"{'max_depth': None, 'min_samples_leaf': 1, 'min_samples_split': 20}"
2024-07-26 07:00:00,ARX,7,0.4109943124048707,0.12495699079154649,2022-07-26 07:00:00,2024-07-26 07:00:00,2024-07-26 07:00:00,731,1,-0.3032104293734177,0.3032104293734177,{'model__alpha': 0.01}
2024-07-26 07:00:00,Random Forest,7,0.4109943124048707,0.25138083719902193,2022-07-26 07:00:00,2024-07-26 07:00:00,2024-07-26 07:00:00,731,1,-0.28640559026943707,0.28640559026943707,"{'max_depth': 10, 'max_features': 0.5, 'min_samples_leaf': 2, 'n_estimators': 100}"
2024-07-26 07:00:00,Neural Network,7,0.4109943124048707,0.46753349281360224,2022-07-26 07:00:00,2024-07-26 07:00:00,2024-07-26 07:00:00,731,1,-0.35941423956503044,0.35941423956503044,"{'regressor__model__alpha': 0.0001, 'regressor__model__hidden_layer_sizes': (64, 32), 'regressor__model__learning_rate_init': 0.0001}"
2024-07-26 07:00:00,Naive,7,0.4109943124048707,0.41440900343890374,2022-07-26 07:00:00,2024-07-26 07:00:00,2024-07-26 07:00:00,731,1,,,not_applicable
2024-07-27 07:00:00,Decision Tree,7,-0.27031688946287824,-0.09977025098718534,2022-07-27 07:00:00,2024-07-27 07:00:00,2024-07-27 07:00:00,731,1,-0.42290985504429074,0.42290985504429074,"{'max_depth': None, 'min_samples_leaf': 1, 'min_samples_split': 20}"
2024-07-27 07:00:00,ARX,7,-0.27031688946287824,-0.02428632007616925,2022-07-27 07:00:00,2024-07-27 07:00:00,2024-07-27 07:00:00,731,1,-0.3032104293734177,0.3032104293734177,{'model__alpha': 0.01}
2024-07-27 07:00:00,Random Forest,7,-0.27031688946287824,-0.3006033543470751,2022-07-27 07:00:00,2024-07-27 07:00:00,2024-07-27 07:00:00,731,1,-0.28640559026943707,0.28640559026943707,"{'max_depth': 10, 'max_features': 0.5, 'min_samples_leaf': 2, 'n_estimators': 100}"
2024-07-27 07:00:00,Neural Network,7,-0.27031688946287824,-0.29599583759003556,2022-07-27 07:00:00,2024-07-27 07:00:00,2024-07-27 07:00:00,731,1,-0.35941423956503044,0.35941423956503044,"{'regressor__model__alpha': 0.0001, 'regressor__model__hidden_layer_sizes': (64, 32), 'regressor__model__learning_rate_init': 0.0001}"
2024-07-27 07:00:00,Naive,7,-0.27031688946287824,0.4109943124048707,2022-07-27 07:00:00,2024-07-27 07:00:00,2024-07-27 07:00:00,731,1,,,not_applicable
2024-07-28 07:00:00,Decision Tree,7,-0.46642935865528357,-0.8491252031184918,2022-07-28 07:00:00,2024-07-28 07:00:00,2024-07-28 07:00:00,731,1,-0.42290985504429074,0.42290985504429074,"{'max_depth': None, 'min_samples_leaf': 1, 'min_samples_split': 20}"
2024-07-28 07:00:00,ARX,7,-0.46642935865528357,-0.2846446755654084,2022-07-28 07:00:00,2024-07-28 07:00:00,2024-07-28 07:00:00,731,1,-0.3032104293734177,0.3032104293734177,{'model__alpha': 0.01}
2024-07-28 07:00:00,Random Forest,7,-0.46642935865528357,-0.7775011226592072,2022-07-28 07:00:00,2024-07-28 07:00:00,2024-07-28 07:00:00,731,1,-0.28640559026943707,0.28640559026943707,"{'max_depth': 10, 'max_features': 0.5, 'min_samples_leaf': 2, 'n_estimators': 100}"
2024-07-28 07:00:00,Neural Network,7,-0.46642935865528357,-0.8751222745928823,2022-07-28 07:00:00,2024-07-28 07:00:00,2024-07-28 07:00:00,731,1,-0.35941423956503044,0.35941423956503044,"{'regressor__model__alpha': 0.0001, 'regressor__model__hidden_layer_sizes': (64, 32), 'regressor__model__learning_rate_init': 0.0001}"
2024-07-28 07:00:00,Naive,7,-0.46642935865528357,-0.27031688946287824,2022-07-28 07:00:00,2024-07-28 07:00:00,2024-07-28 07:00:00,731,1,,,not_applicable
2024-07-29 07:00:00,Decision Tree,7,0.5134312726670364,-0.28380048041216693,2022-07-29 07:00:00,2024-07-29 07:00:00,2024-07-29 07:00:00,731,1,-0.42290985504429074,0.42290985504429074,"{'max_depth': None, 'min_samples_leaf': 1, 'min_samples_split': 20}"
2024-07-29 07:00:00,ARX,7,0.5134312726670364,0.2657206699200291,2022-07-29 07:00:00,2024-07-29 07:00:00,2024-07-29 07:00:00,731,1,-0.3032104293734177,0.3032104293734177,{'model__alpha': 0.01}
2024-07-29 07:00:00,Random Forest,7,0.5134312726670364,0.08301625194814655,2022-07-29 07:00:00,2024-07-29 07:00:00,2024-07-29 07:00:00,731,1,-0.28640559026943707,0.28640559026943707,"{'max_depth': 10, 'max_features': 0.5, 'min_samples_leaf': 2, 'n_estimators': 100}"
2024-07-29 07:00:00,Neural Network,7,0.5134312726670364,0.6484555270357094,2022-07-29 07:00:00,2024-07-29 07:00:00,2024-07-29 07:00:00,731,1,-0.35941423956503044,0.35941423956503044,"{'regressor__model__alpha': 0.0001, 'regressor__model__hidden_layer_sizes': (64, 32), 'regressor__model__learning_rate_init': 0.0001}"
2024-07-29 07:00:00,Naive,7,0.5134312726670364,-0.46642935865528357,2022-07-29 07:00:00,2024-07-29 07:00:00,2024-07-29 07:00:00,731,1,,,not_applicable
2024-07-30 07:00:00,Decision Tree,7,0.36294374014496167,0.3702749535881574,2022-07-30 07:00:00,2024-07-30 07:00:00,2024-07-30 07:00:00,731,1,-0.42290985504429074,0.42290985504429074,"{'max_depth': None, 'min_samples_leaf': 1, 'min_samples_split': 20}"
2024-07-30 07:00:00,ARX,7,0.36294374014496167,0.34588446207638246,2022-07-30 07:00:00,2024-07-30 07:00:00,2024-07-30 07:00:00,731,1,-0.3032104293734177,0.3032104293734177,{'model__alpha': 0.01}
2024-07-30 07:00:00,Random Forest,7,0.36294374014496167,0.4613072783154902,2022-07-30 07:00:00,2024-07-30 07:00:00,2024-07-30 07:00:00,731,1,-0.28640559026943707,0.28640559026943707,"{'max_depth': 10, 'max_features': 0.5, 'min_samples_leaf': 2, 'n_estimators': 100}"
2024-07-30 07:00:00,Neural Network,7,0.36294374014496167,0.48811260437177867,2022-07-30 07:00:00,2024-07-30 07:00:00,2024-07-30 07:00:00,731,1,-0.35941423956503044,0.35941423956503044,"{'regressor__model__alpha': 0.0001, 'regressor__model__hidden_layer_sizes': (64, 32), 'regressor__model__learning_rate_init': 0.0001}"
2024-07-30 07:00:00,Naive,7,0.36294374014496167,0.5134312726670364,2022-07-30 07:00:00,2024-07-30 07:00:00,2024-07-30 07:00:00,731,1,,,not_applicable
2024-07-31 07:00:00,Decision Tree,7,0.29944337888450184,0.36981675274795767,2022-07-31 07:00:00,2024-07-31 07:00:00,2024-07-31 07:00:00,731,1,-0.42290985504429074,0.42290985504429074,"{'max_depth': None, 'min_samples_leaf': 1, 'min_samples_split': 20}"
2024-07-31 07:00:00,ARX,7,0.29944337888450184,0.45645840676293953,2022-07-31 07:00:00,2024-07-31 07:00:00,2024-07-31 07:00:00,731,1,-0.3032104293734177,0.3032104293734177,{'model__alpha': 0.01}
2024-07-31 07:00:00,Random Forest,7,0.29944337888450184,0.4716965312473455,2022-07-31 07:00:00,2024-07-31 07:00:00,2024-07-31 07:00:00,731,1,-0.28640559026943707,0.28640559026943707,"{'max_depth': 10, 'max_features': 0.5, 'min_samples_leaf': 2, 'n_estimators': 100}"
2024-07-31 07:00:00,Neural Network,7,0.29944337888450184,0.7384955176080222,2022-07-31 07:00:00,2024-07-31 07:00:00,2024-07-31 07:00:00,731,1,-0.35941423956503044,0.35941423956503044,"{'regressor__model__alpha': 0.0001, 'regressor__model__hidden_layer_sizes': (64, 32), 'regressor__model__learning_rate_init': 0.0001}"
2024-07-31 07:00:00,Naive,7,0.29944337888450184,0.36294374014496167,2022-07-31 07:00:00,2024-07-31 07:00:00,2024-07-31 07:00:00,731,1,,,not_applicable
2024-08-01 07:00:00,Decision Tree,7,0.28964922092366696,0.36567714252069555,2022-08-01 07:00:00,2024-08-01 07:00:00,2024-08-01 07:00:00,731,1,-0.42290985504429074,0.42290985504429074,"{'max_depth': None, 'min_samples_leaf': 1, 'min_samples_split': 20}"
2024-08-01 07:00:00,ARX,7,0.28964922092366696,0.3935319947000002,2022-08-01 07:00:00,2024-08-01 07:00:00,2024-08-01 07:00:00,731,1,-0.3032104293734177,0.3032104293734177,{'model__alpha': 0.01}
2024-08-01 07:00:00,Random Forest,7,0.28964922092366696,0.3781486518530115,2022-08-01 07:00:00,2024-08-01 07:00:00,2024-08-01 07:00:00,731,1,-0.28640559026943707,0.28640559026943707,"{'max_depth': 10, 'max_features': 0.5, 'min_samples_leaf': 2, 'n_estimators': 100}"
2024-08-01 07:00:00,Neural Network,7,0.28964922092366696,0.37713727978616063,2022-08-01 07:00:00,2024-08-01 07:00:00,2024-08-01 07:00:00,731,1,-0.35941423956503044,0.35941423956503044,"{'regressor__model__alpha': 0.0001, 'regressor__model__hidden_layer_sizes': (64, 32), 'regressor__model__learning_rate_init': 0.0001}"
2024-08-01 07:00:00,Naive,7,0.28964922092366696,0.29944337888450184,2022-08-01 07:00:00,2024-08-01 07:00:00,2024-08-01 07:00:00,731,1,,,not_applicable
2024-08-02 07:00:00,Decision Tree,7,0.5213596372740681,0.3614533690986384,2022-08-02 07:00:00,2024-08-02 07:00:00,2024-08-02 07:00:00,731,1,-0.42290985504429074,0.42290985504429074,"{'max_depth': None, 'min_samples_leaf': 1, 'min_samples_split': 20}"
2024-08-02 07:00:00,ARX,7,0.5213596372740681,0.47396464283660766,2022-08-02 07:00:00,2024-08-02 07:00:00,2024-08-02 07:00:00,731,1,-0.3032104293734177,0.3032104293734177,{'model__alpha': 0.01}
2024-08-02 07:00:00,Random Forest,7,0.5213596372740681,0.3708421671250802,2022-08-02 07:00:00,2024-08-02 07:00:00,2024-08-02 07:00:00,731,1,-0.28640559026943707,0.28640559026943707,"{'max_depth': 10, 'max_features': 0.5, 'min_samples_leaf': 2, 'n_estimators': 100}"
2024-08-02 07:00:00,Neural Network,7,0.5213596372740681,-0.21568723110947258,2022-08-02 07:00:00,2024-08-02 07:00:00,2024-08-02 07:00:00,731,1,-0.35941423956503044,0.35941423956503044,"{'regressor__model__alpha': 0.0001, 'regressor__model__hidden_layer_sizes': (64, 32), 'regressor__model__learning_rate_init': 0.0001}"
2024-08-02 07:00:00,Naive,7,0.5213596372740681,0.28964922092366696,2022-08-02 07:00:00,2024-08-02 07:00:00,2024-08-02 07:00:00,731,1,,,not_applicable
2024-08-03 07:00:00,Decision Tree,7,0.004952497438818591,-0.3269087946092552,2022-08-03 07:00:00,2024-08-03 07:00:00,2024-08-03 07:00:00,731,1,-0.42290985504429074,0.42290985504429074,"{'max_depth': None, 'min_samples_leaf': 1, 'min_samples_split': 20}"
2024-08-03 07:00:00,ARX,7,0.004952497438818591,0.0015003735458637563,2022-08-03 07:00:00,2024-08-03 07:00:00,2024-08-03 07:00:00,731,1,-0.3032104293734177,0.3032104293734177,{'model__alpha': 0.01}
2024-08-03 07:00:00,Random Forest,7,0.004952497438818591,-0.2543258056354769,2022-08-03 07:00:00,2024-08-03 07:00:00,2024-08-03 07:00:00,731,1,-0.28640559026943707,0.28640559026943707,"{'max_depth': 10, 'max_features': 0.5, 'min_samples_leaf': 2, 'n_estimators': 100}"
2024-08-03 07:00:00,Neural Network,7,0.004952497438818591,-0.26517075016441427,2022-08-03 07:00:00,2024-08-03 07:00:00,2024-08-03 07:00:00,731,1,-0.35941423956503044,0.35941423956503044,"{'regressor__model__alpha': 0.0001, 'regressor__model__hidden_layer_sizes': (64, 32), 'regressor__model__learning_rate_init': 0.0001}"
2024-08-03 07:00:00,Naive,7,0.004952497438818591,0.5213596372740681,2022-08-03 07:00:00,2024-08-03 07:00:00,2024-08-03 07:00:00,731,1,,,not_applicable
2024-08-04 07:00:00,Decision Tree,7,-0.4501576938691983,-0.8289833165677966,2022-08-04 07:00:00,2024-08-04 07:00:00,2024-08-04 07:00:00,731,1,-0.42290985504429074,0.42290985504429074,"{'max_depth': None, 'min_samples_leaf': 1, 'min_samples_split': 20}"
2024-08-04 07:00:00,ARX,7,-0.4501576938691983,-0.2201026933402575,2022-08-04 07:00:00,2024-08-04 07:00:00,2024-08-04 07:00:00,731,1,-0.3032104293734177,0.3032104293734177,{'model__alpha': 0.01}
2024-08-04 07:00:00,Random Forest,7,-0.4501576938691983,-0.6398548514574868,2022-08-04 07:00:00,2024-08-04 07:00:00,2024-08-04 07:00:00,731,1,-0.28640559026943707,0.28640559026943707,"{'max_depth': 10, 'max_features': 0.5, 'min_samples_leaf': 2, 'n_estimators': 100}"
2024-08-04 07:00:00,Neural Network,7,-0.4501576938691983,-0.7157296419803069,2022-08-04 07:00:00,2024-08-04 07:00:00,2024-08-04 07:00:00,731,1,-0.35941423956503044,0.35941423956503044,"{'regressor__model__alpha': 0.0001, 'regressor__model__hidden_layer_sizes': (64, 32), 'regressor__model__learning_rate_init': 0.0001}"
2024-08-04 07:00:00,Naive,7,-0.4501576938691983,0.004952497438818591,2022-08-04 07:00:00,2024-08-04 07:00:00,2024-08-04 07:00:00,731,1,,,not_applicable
2024-08-05 07:00:00,Decision Tree,7,0.7949889235335033,0.7633433898546969,2022-08-05 07:00:00,2024-08-05 07:00:00,2024-08-05 07:00:00,731,1,-0.42290985504429074,0.42290985504429074,"{'max_depth': None, 'min_samples_leaf': 1, 'min_samples_split': 20}"
2024-08-05 07:00:00,ARX,7,0.7949889235335033,0.6606138820759763,2022-08-05 07:00:00,2024-08-05 07:00:00,2024-08-05 07:00:00,731,1,-0.3032104293734177,0.3032104293734177,{'model__alpha': 0.01}
2024-08-05 07:00:00,Random Forest,7,0.7949889235335033,0.4162065163839913,2022-08-05 07:00:00,2024-08-05 07:00:00,2024-08-05 07:00:00,731,1,-0.28640559026943707,0.28640559026943707,"{'max_depth': 10, 'max_features': 0.5, 'min_samples_leaf': 2, 'n_estimators': 100}"
2024-08-05 07:00:00,Neural Network,7,0.7949889235335033,0.317641137051297,2022-08-05 07:00:00,2024-08-05 07:00:00,2024-08-05 07:00:00,731,1,-0.35941423956503044,0.35941423956503044,"{'regressor__model__alpha': 0.0001, 'regressor__model__hidden_layer_sizes': (64, 32), 'regressor__model__learning_rate_init': 0.0001}"
2024-08-05 07:00:00,Naive,7,0.7949889235335033,-0.4501576938691983,2022-08-05 07:00:00,2024-08-05 07:00:00,2024-08-05 07:00:00,731,1,,,not_applicable
2024-08-06 07:00:00,Decision Tree,7,0.6176757805204878,0.3698694884762926,2022-08-06 07:00:00,2024-08-06 07:00:00,2024-08-06 07:00:00,731,1,-0.42290985504429074,0.42290985504429074,"{'max_depth': None, 'min_samples_leaf': 1, 'min_samples_split': 20}"
2024-08-06 07:00:00,ARX,7,0.6176757805204878,0.6336283973799883,2022-08-06 07:00:00,2024-08-06 07:00:00,2024-08-06 07:00:00,731,1,-0.3032104293734177,0.3032104293734177,{'model__alpha': 0.01}
2024-08-06 07:00:00,Random Forest,7,0.6176757805204878,0.5326843157826896,2022-08-06 07:00:00,2024-08-06 07:00:00,2024-08-06 07:00:00,731,1,-0.28640559026943707,0.28640559026943707,"{'max_depth': 10, 'max_features': 0.5, 'min_samples_leaf': 2, 'n_estimators': 100}"
2024-08-06 07:00:00,Neural Network,7,0.6176757805204878,0.7843086492289727,2022-08-06 07:00:00,2024-08-06 07:00:00,2024-08-06 07:00:00,731,1,-0.35941423956503044,0.35941423956503044,"{'regressor__model__alpha': 0.0001, 'regressor__model__hidden_layer_sizes': (64, 32), 'regressor__model__learning_rate_init': 0.0001}"
2024-08-06 07:00:00,Naive,7,0.6176757805204878,0.7949889235335033,2022-08-06 07:00:00,2024-08-06 07:00:00,2024-08-06 07:00:00,731,1,,,not_applicable
2024-08-07 07:00:00,Decision Tree,7,0.6532924243607763,0.3882358286642293,2022-08-07 07:00:00,2024-08-07 07:00:00,2024-08-07 07:00:00,731,1,-0.42290985504429074,0.42290985504429074,"{'max_depth': None, 'min_samples_leaf': 1, 'min_samples_split': 20}"
2024-08-07 07:00:00,ARX,7,0.6532924243607763,0.5160495158145223,2022-08-07 07:00:00,2024-08-07 07:00:00,2024-08-07 07:00:00,731,1,-0.3032104293734177,0.3032104293734177,{'model__alpha': 0.01}
2024-08-07 07:00:00,Random Forest,7,0.6532924243607763,0.48940577368387217,2022-08-07 07:00:00,2024-08-07 07:00:00,2024-08-07 07:00:00,731,1,-0.28640559026943707,0.28640559026943707,"{'max_depth': 10, 'max_features': 0.5, 'min_samples_leaf': 2, 'n_estimators': 100}"
2024-08-07 07:00:00,Neural Network,7,0.6532924243607763,0.7726457186524958,2022-08-07 07:00:00,2024-08-07 07:00:00,2024-08-07 07:00:00,731,1,-0.35941423956503044,0.35941423956503044,"{'regressor__model__alpha': 0.0001, 'regressor__model__hidden_layer_sizes': (64, 32), 'regressor__model__learning_rate_init': 0.0001}"
2024-08-07 07:00:00,Naive,7,0.6532924243607763,0.6176757805204878,2022-08-07 07:00:00,2024-08-07 07:00:00,2024-08-07 07:00:00,731,1,,,not_applicable
2024-08-08 07:00:00,Decision Tree,7,0.6025300364980934,0.6284174321761937,2022-08-08 07:00:00,2024-08-08 07:00:00,2024-08-08 07:00:00,731,1,-0.42290985504429074,0.42290985504429074,"{'max_depth': None, 'min_samples_leaf': 1, 'min_samples_split': 20}"
2024-08-08 07:00:00,ARX,7,0.6025300364980934,0.49776197766347824,2022-08-08 07:00:00,2024-08-08 07:00:00,2024-08-08 07:00:00,731,1,-0.3032104293734177,0.3032104293734177,{'model__alpha': 0.01}
2024-08-08 07:00:00,Random Forest,7,0.6025300364980934,0.5146407668643886,2022-08-08 07:00:00,2024-08-08 07:00:00,2024-08-08 07:00:00,731,1,-0.28640559026943707,0.28640559026943707,"{'max_depth': 10, 'max_features': 0.5, 'min_samples_leaf': 2, 'n_estimators': 100}"
2024-08-08 07:00:00,Neural Network,7,0.6025300364980934,0.6842268123544173,2022-08-08 07:00:00,2024-08-08 07:00:00,2024-08-08 07:00:00,731,1,-0.35941423956503044,0.35941423956503044,"{'regressor__model__alpha': 0.0001, 'regressor__model__hidden_layer_sizes': (64, 32), 'regressor__model__learning_rate_init': 0.0001}"
2024-08-08 07:00:00,Naive,7,0.6025300364980934,0.6532924243607763,2022-08-08 07:00:00,2024-08-08 07:00:00,2024-08-08 07:00:00,731,1,,,not_applicable
2024-08-09 07:00:00,Decision Tree,7,-0.14059647794545174,-0.9450725382201326,2022-08-09 07:00:00,2024-08-09 07:00:00,2024-08-09 07:00:00,731,1,-0.42290985504429074,0.42290985504429074,"{'max_depth': None, 'min_samples_leaf': 1, 'min_samples_split': 20}"
2024-08-09 07:00:00,ARX,7,-0.14059647794545174,0.11102209246377787,2022-08-09 07:00:00,2024-08-09 07:00:00,2024-08-09 07:00:00,731,1,-0.3032104293734177,0.3032104293734177,{'model__alpha': 0.01}
2024-08-09 07:00:00,Random Forest,7,-0.14059647794545174,0.043251684353583036,2022-08-09 07:00:00,2024-08-09 07:00:00,2024-08-09 07:00:00,731,1,-0.28640559026943707,0.28640559026943707,"{'max_depth': 10, 'max_features': 0.5, 'min_samples_leaf': 2, 'n_estimators': 100}"
2024-08-09 07:00:00,Neural Network,7,-0.14059647794545174,0.1549443719701859,2022-08-09 07:00:00,2024-08-09 07:00:00,2024-08-09 07:00:00,731,1,-0.35941423956503044,0.35941423956503044,"{'regressor__model__alpha': 0.0001, 'regressor__model__hidden_layer_sizes': (64, 32), 'regressor__model__learning_rate_init': 0.0001}"
2024-08-09 07:00:00,Naive,7,-0.14059647794545174,0.6025300364980934,2022-08-09 07:00:00,2024-08-09 07:00:00,2024-08-09 07:00:00,731,1,,,not_applicable
2024-08-10 07:00:00,Decision Tree,7,-0.3964062674878483,-0.516427727609252,2022-08-10 07:00:00,2024-08-10 07:00:00,2024-08-10 07:00:00,731,1,-0.42290985504429074,0.42290985504429074,"{'max_depth': None, 'min_samples_leaf': 1, 'min_samples_split': 20}"
2024-08-10 07:00:00,ARX,7,-0.3964062674878483,-0.2160497627810014,2022-08-10 07:00:00,2024-08-10 07:00:00,2024-08-10 07:00:00,731,1,-0.3032104293734177,0.3032104293734177,{'model__alpha': 0.01}
2024-08-10 07:00:00,Random Forest,7,-0.3964062674878483,-0.547456628208996,2022-08-10 07:00:00,2024-08-10 07:00:00,2024-08-10 07:00:00,731,1,-0.28640559026943707,0.28640559026943707,"{'max_depth': 10, 'max_features': 0.5, 'min_samples_leaf': 2, 'n_estimators': 100}"
2024-08-10 07:00:00,Neural Network,7,-0.3964062674878483,-0.5729462713014699,2022-08-10 07:00:00,2024-08-10 07:00:00,2024-08-10 07:00:00,731,1,-0.35941423956503044,0.35941423956503044,"{'regressor__model__alpha': 0.0001, 'regressor__model__hidden_layer_sizes': (64, 32), 'regressor__model__learning_rate_init': 0.0001}"
2024-08-10 07:00:00,Naive,7,-0.3964062674878483,-0.14059647794545174,2022-08-10 07:00:00,2024-08-10 07:00:00,2024-08-10 07:00:00,731,1,,,not_applicable
2024-08-11 07:00:00,Decision Tree,7,-0.49368531265673865,-1.3215339222718765,2022-08-11 07:00:00,2024-08-11 07:00:00,2024-08-11 07:00:00,731,1,-0.42290985504429074,0.42290985504429074,"{'max_depth': None, 'min_samples_leaf': 1, 'min_samples_split': 20}"
2024-08-11 07:00:00,ARX,7,-0.49368531265673865,-0.12463899043479543,2022-08-11 07:00:00,2024-08-11 07:00:00,2024-08-11 07:00:00,731,1,-0.3032104293734177,0.3032104293734177,{'model__alpha': 0.01}
2024-08-11 07:00:00,Random Forest,7,-0.49368531265673865,-0.5888205785128959,2022-08-11 07:00:00,2024-08-11 07:00:00,2024-08-11 07:00:00,731,1,-0.28640559026943707,0.28640559026943707,"{'max_depth': 10, 'max_features': 0.5, 'min_samples_leaf': 2, 'n_estimators': 100}"
2024-08-11 07:00:00,Neural Network,7,-0.49368531265673865,-0.6061685593441055,2022-08-11 07:00:00,2024-08-11 07:00:00,2024-08-11 07:00:00,731,1,-0.35941423956503044,0.35941423956503044,"{'regressor__model__alpha': 0.0001, 'regressor__model__hidden_layer_sizes': (64, 32), 'regressor__model__learning_rate_init': 0.0001}"
2024-08-11 07:00:00,Naive,7,-0.49368531265673865,-0.3964062674878483,2022-08-11 07:00:00,2024-08-11 07:00:00,2024-08-11 07:00:00,731,1,,,not_applicable
2024-08-12 07:00:00,Decision Tree,7,1.0638403364078368,0.6584736144804751,2022-08-12 07:00:00,2024-08-12 07:00:00,2024-08-12 07:00:00,731,1,-0.42290985504429074,0.42290985504429074,"{'max_depth': None, 'min_samples_leaf': 1, 'min_samples_split': 20}"
2024-08-12 07:00:00,ARX,7,1.0638403364078368,0.5887038820530117,2022-08-12 07:00:00,2024-08-12 07:00:00,2024-08-12 07:00:00,731,1,-0.3032104293734177,0.3032104293734177,{'model__alpha': 0.01}
2024-08-12 07:00:00,Random Forest,7,1.0638403364078368,0.5525431194484461,2022-08-12 07:00:00,2024-08-12 07:00:00,2024-08-12 07:00:00,731,1,-0.28640559026943707,0.28640559026943707,"{'max_depth': 10, 'max_features': 0.5, 'min_samples_leaf': 2, 'n_estimators': 100}"
2024-08-12 07:00:00,Neural Network,7,1.0638403364078368,0.2763312826880724,2022-08-12 07:00:00,2024-08-12 07:00:00,2024-08-12 07:00:00,731,1,-0.35941423956503044,0.35941423956503044,"{'regressor__model__alpha': 0.0001, 'regressor__model__hidden_layer_sizes': (64, 32), 'regressor__model__learning_rate_init': 0.0001}"
2024-08-12 07:00:00,Naive,7,1.0638403364078368,-0.49368531265673865,2022-08-12 07:00:00,2024-08-12 07:00:00,2024-08-12 07:00:00,731,1,,,not_applicable
2024-08-13 07:00:00,Decision Tree,7,0.7679067945531604,0.62705493766682,2022-08-13 07:00:00,2024-08-13 07:00:00,2024-08-13 07:00:00,731,1,-0.42290985504429074,0.42290985504429074,"{'max_depth': None, 'min_samples_leaf': 1, 'min_samples_split': 20}"
2024-08-13 07:00:00,ARX,7,0.7679067945531604,0.5893346390148607,2022-08-13 07:00:00,2024-08-13 07:00:00,2024-08-13 07:00:00,731,1,-0.3032104293734177,0.3032104293734177,{'model__alpha': 0.01}
2024-08-13 07:00:00,Random Forest,7,0.7679067945531604,0.6365172601299084,2022-08-13 07:00:00,2024-08-13 07:00:00,2024-08-13 07:00:00,731,1,-0.28640559026943707,0.28640559026943707,"{'max_depth': 10, 'max_features': 0.5, 'min_samples_leaf': 2, 'n_estimators': 100}"
2024-08-13 07:00:00,Neural Network,7,0.7679067945531604,0.5802968532946109,2022-08-13 07:00:00,2024-08-13 07:00:00,2024-08-13 07:00:00,731,1,-0.35941423956503044,0.35941423956503044,"{'regressor__model__alpha': 0.0001, 'regressor__model__hidden_layer_sizes': (64, 32), 'regressor__model__learning_rate_init': 0.0001}"
2024-08-13 07:00:00,Naive,7,0.7679067945531604,1.0638403364078368,2022-08-13 07:00:00,2024-08-13 07:00:00,2024-08-13 07:00:00,731,1,,,not_applicable
2024-08-14 07:00:00,Decision Tree,7,0.818380821504853,0.5995022194319137,2022-08-14 07:00:00,2024-08-14 07:00:00,2024-08-14 07:00:00,731,1,-0.42290985504429074,0.42290985504429074,"{'max_depth': None, 'min_samples_leaf': 1, 'min_samples_split': 20}"
2024-08-14 07:00:00,ARX,7,0.818380821504853,0.6715592031273929,2022-08-14 07:00:00,2024-08-14 07:00:00,2024-08-14 07:00:00,731,1,-0.3032104293734177,0.3032104293734177,{'model__alpha': 0.01}
2024-08-14 07:00:00,Random Forest,7,0.818380821504853,0.5294077673083314,2022-08-14 07:00:00,2024-08-14 07:00:00,2024-08-14 07:00:00,731,1,-0.28640559026943707,0.28640559026943707,"{'max_depth': 10, 'max_features': 0.5, 'min_samples_leaf': 2, 'n_estimators': 100}"
2024-08-14 07:00:00,Neural Network,7,0.818380821504853,0.3221140480612826,2022-08-14 07:00:00,2024-08-14 07:00:00,2024-08-14 07:00:00,731,1,-0.35941423956503044,0.35941423956503044,"{'regressor__model__alpha': 0.0001, 'regressor__model__hidden_layer_sizes': (64, 32), 'regressor__model__learning_rate_init': 0.0001}"
2024-08-14 07:00:00,Naive,7,0.818380821504853,0.7679067945531604,2022-08-14 07:00:00,2024-08-14 07:00:00,2024-08-14 07:00:00,731,1,,,not_applicable
2024-08-15 07:00:00,Decision Tree,7,0.5429677917892723,0.5856350157537471,2022-08-15 07:00:00,2024-08-15 07:00:00,2024-08-15 07:00:00,731,1,-0.42290985504429074,0.42290985504429074,"{'max_depth': None, 'min_samples_leaf': 1, 'min_samples_split': 20}"
2024-08-15 07:00:00,ARX,7,0.5429677917892723,0.5113829835946311,2022-08-15 07:00:00,2024-08-15 07:00:00,2024-08-15 07:00:00,731,1,-0.3032104293734177,0.3032104293734177,{'model__alpha': 0.01}
2024-08-15 07:00:00,Random Forest,7,0.5429677917892723,0.43556567609724417,2022-08-15 07:00:00,2024-08-15 07:00:00,2024-08-15 07:00:00,731,1,-0.28640559026943707,0.28640559026943707,"{'max_depth': 10, 'max_features': 0.5, 'min_samples_leaf': 2, 'n_estimators': 100}"
2024-08-15 07:00:00,Neural Network,7,0.5429677917892723,-0.02985305161639195,2022-08-15 07:00:00,2024-08-15 07:00:00,2024-08-15 07:00:00,731,1,-0.35941423956503044,0.35941423956503044,"{'regressor__model__alpha': 0.0001, 'regressor__model__hidden_layer_sizes': (64, 32), 'regressor__model__learning_rate_init': 0.0001}"
2024-08-15 07:00:00,Naive,7,0.5429677917892723,0.818380821504853,2022-08-15 07:00:00,2024-08-15 07:00:00,2024-08-15 07:00:00,731,1,,,not_applicable
2024-08-16 07:00:00,Decision Tree,7,0.7964380060951359,0.5250290627184384,2022-08-16 07:00:00,2024-08-16 07:00:00,2024-08-16 07:00:00,731,1,-0.42290985504429074,0.42290985504429074,"{'max_depth': None, 'min_samples_leaf': 1, 'min_samples_split': 20}"
2024-08-16 07:00:00,ARX,7,0.7964380060951359,0.2919879785864421,2022-08-16 07:00:00,2024-08-16 07:00:00,2024-08-16 07:00:00,731,1,-0.3032104293734177,0.3032104293734177,{'model__alpha': 0.01}
2024-08-16 07:00:00,Random Forest,7,0.7964380060951359,0.38179907758407133,2022-08-16 07:00:00,2024-08-16 07:00:00,2024-08-16 07:00:00,731,1,-0.28640559026943707,0.28640559026943707,"{'max_depth': 10, 'max_features': 0.5, 'min_samples_leaf': 2, 'n_estimators': 100}"
2024-08-16 07:00:00,Neural Network,7,0.7964380060951359,-0.1907905504180732,2022-08-16 07:00:00,2024-08-16 07:00:00,2024-08-16 07:00:00,731,1,-0.35941423956503044,0.35941423956503044,"{'regressor__model__alpha': 0.0001, 'regressor__model__hidden_layer_sizes': (64, 32), 'regressor__model__learning_rate_init': 0.0001}"
2024-08-16 07:00:00,Naive,7,0.7964380060951359,0.5429677917892723,2022-08-16 07:00:00,2024-08-16 07:00:00,2024-08-16 07:00:00,731,1,,,not_applicable
2024-08-17 07:00:00,Decision Tree,7,0.20728082871750583,0.7641835901895152,2022-08-17 07:00:00,2024-08-17 07:00:00,2024-08-17 07:00:00,731,1,-0.42290985504429074,0.42290985504429074,"{'max_depth': None, 'min_samples_leaf': 1, 'min_samples_split': 20}"
2024-08-17 07:00:00,ARX,7,0.20728082871750583,0.42790810722942096,2022-08-17 07:00:00,2024-08-17 07:00:00,2024-08-17 07:00:00,731,1,-0.3032104293734177,0.3032104293734177,{'model__alpha': 0.01}
2024-08-17 07:00:00,Random Forest,7,0.20728082871750583,0.48074497784351783,2022-08-17 07:00:00,2024-08-17 07:00:00,2024-08-17 07:00:00,731,1,-0.28640559026943707,0.28640559026943707,"{'max_depth': 10, 'max_features': 0.5, 'min_samples_leaf': 2, 'n_estimators': 100}"
2024-08-17 07:00:00,Neural Network,7,0.20728082871750583,0.6157840203494531,2022-08-17 07:00:00,2024-08-17 07:00:00,2024-08-17 07:00:00,731,1,-0.35941423956503044,0.35941423956503044,"{'regressor__model__alpha': 0.0001, 'regressor__model__hidden_layer_sizes': (64, 32), 'regressor__model__learning_rate_init': 0.0001}"
2024-08-17 07:00:00,Naive,7,0.20728082871750583,0.7964380060951359,2022-08-17 07:00:00,2024-08-17 07:00:00,2024-08-17 07:00:00,731,1,,,not_applicable
2024-08-18 07:00:00,Decision Tree,7,0.01726276327252869,-0.32975882507741494,2022-08-18 07:00:00,2024-08-18 07:00:00,2024-08-18 07:00:00,731,1,-0.42290985504429074,0.42290985504429074,"{'max_depth': None, 'min_samples_leaf': 1, 'min_samples_split': 20}"
2024-08-18 07:00:00,ARX,7,0.01726276327252869,0.10005403203257685,2022-08-18 07:00:00,2024-08-18 07:00:00,2024-08-18 07:00:00,731,1,-0.3032104293734177,0.3032104293734177,{'model__alpha': 0.01}
2024-08-18 07:00:00,Random Forest,7,0.01726276327252869,-0.3097964172797274,2022-08-18 07:00:00,2024-08-18 07:00:00,2024-08-18 07:00:00,731,1,-0.28640559026943707,0.28640559026943707,"{'max_depth': 10, 'max_features': 0.5, 'min_samples_leaf': 2, 'n_estimators': 100}"
2024-08-18 07:00:00,Neural Network,7,0.01726276327252869,0.07721487481240683,2022-08-18 07:00:00,2024-08-18 07:00:00,2024-08-18 07:00:00,731,1,-0.35941423956503044,0.35941423956503044,"{'regressor__model__alpha': 0.0001, 'regressor__model__hidden_layer_sizes': (64, 32), 'regressor__model__learning_rate_init': 0.0001}"
2024-08-18 07:00:00,Naive,7,0.01726276327252869,0.20728082871750583,2022-08-18 07:00:00,2024-08-18 07:00:00,2024-08-18 07:00:00,731,1,,,not_applicable
2024-08-19 07:00:00,Decision Tree,7,1.0642583033461295,0.7158263001391398,2022-08-19 07:00:00,2024-08-19 07:00:00,2024-08-19 07:00:00,731,1,-0.42290985504429074,0.42290985504429074,"{'max_depth': None, 'min_samples_leaf': 1, 'min_samples_split': 20}"
2024-08-19 07:00:00,ARX,7,1.0642583033461295,0.7836848555782685,2022-08-19 07:00:00,2024-08-19 07:00:00,2024-08-19 07:00:00,731,1,-0.3032104293734177,0.3032104293734177,{'model__alpha': 0.01}
2024-08-19 07:00:00,Random Forest,7,1.0642583033461295,0.6927926717091455,2022-08-19 07:00:00,2024-08-19 07:00:00,2024-08-19 07:00:00,731,1,-0.28640559026943707,0.28640559026943707,"{'max_depth': 10, 'max_features': 0.5, 'min_samples_leaf': 2, 'n_estimators': 100}"
2024-08-19 07:00:00,Neural Network,7,1.0642583033461295,0.9246165894067465,2022-08-19 07:00:00,2024-08-19 07:00:00,2024-08-19 07:00:00,731,1,-0.35941423956503044,0.35941423956503044,"{'regressor__model__alpha': 0.0001, 'regressor__model__hidden_layer_sizes': (64, 32), 'regressor__model__learning_rate_init': 0.0001}"
2024-08-19 07:00:00,Naive,7,1.0642583033461295,0.01726276327252869,2022-08-19 07:00:00,2024-08-19 07:00:00,2024-08-19 07:00:00,731,1,,,not_applicable
2024-08-20 07:00:00,Decision Tree,7,0.7777557761808221,0.8433424516600145,2022-08-20 07:00:00,2024-08-20 07:00:00,2024-08-20 07:00:00,731,1,-0.42290985504429074,0.42290985504429074,"{'max_depth': None, 'min_samples_leaf': 1, 'min_samples_split': 20}"
2024-08-20 07:00:00,ARX,7,0.7777557761808221,0.4909569150425628,2022-08-20 07:00:00,2024-08-20 07:00:00,2024-08-20 07:00:00,731,1,-0.3032104293734177,0.3032104293734177,{'model__alpha': 0.01}
2024-08-20 07:00:00,Random Forest,7,0.7777557761808221,0.6448516090539442,2022-08-20 07:00:00,2024-08-20 07:00:00,2024-08-20 07:00:00,731,1,-0.28640559026943707,0.28640559026943707,"{'max_depth': 10, 'max_features': 0.5, 'min_samples_leaf': 2, 'n_estimators': 100}"
2024-08-20 07:00:00,Neural Network,7,0.7777557761808221,0.9062701564005124,2022-08-20 07:00:00,2024-08-20 07:00:00,2024-08-20 07:00:00,731,1,-0.35941423956503044,0.35941423956503044,"{'regressor__model__alpha': 0.0001, 'regressor__model__hidden_layer_sizes': (64, 32), 'regressor__model__learning_rate_init': 0.0001}"
2024-08-20 07:00:00,Naive,7,0.7777557761808221,1.0642583033461295,2022-08-20 07:00:00,2024-08-20 07:00:00,2024-08-20 07:00:00,731,1,,,not_applicable
2024-08-21 07:00:00,Decision Tree,7,-0.18298936027642995,-0.2850442125580228,2022-08-21 07:00:00,2024-08-21 07:00:00,2024-08-21 07:00:00,731,1,-0.42290985504429074,0.42290985504429074,"{'max_depth': None, 'min_samples_leaf': 1, 'min_samples_split': 20}"
2024-08-21 07:00:00,ARX,7,-0.18298936027642995,0.3902148608261882,2022-08-21 07:00:00,2024-08-21 07:00:00,2024-08-21 07:00:00,731,1,-0.3032104293734177,0.3032104293734177,{'model__alpha': 0.01}
2024-08-21 07:00:00,Random Forest,7,-0.18298936027642995,0.09966414000678256,2022-08-21 07:00:00,2024-08-21 07:00:00,2024-08-21 07:00:00,731,1,-0.28640559026943707,0.28640559026943707,"{'max_depth': 10, 'max_features': 0.5, 'min_samples_leaf': 2, 'n_estimators': 100}"
2024-08-21 07:00:00,Neural Network,7,-0.18298936027642995,0.7021137909186341,2022-08-21 07:00:00,2024-08-21 07:00:00,2024-08-21 07:00:00,731,1,-0.35941423956503044,0.35941423956503044,"{'regressor__model__alpha': 0.0001, 'regressor__model__hidden_layer_sizes': (64, 32), 'regressor__model__learning_rate_init': 0.0001}"
2024-08-21 07:00:00,Naive,7,-0.18298936027642995,0.7777557761808221,2022-08-21 07:00:00,2024-08-21 07:00:00,2024-08-21 07:00:00,731,1,,,not_applicable
2024-08-22 07:00:00,Decision Tree,7,0.718796483727262,-0.2162556067093234,2022-08-22 07:00:00,2024-08-22 07:00:00,2024-08-22 07:00:00,731,1,-0.42290985504429074,0.42290985504429074,"{'max_depth': None, 'min_samples_leaf': 1, 'min_samples_split': 20}"
2024-08-22 07:00:00,ARX,7,0.718796483727262,0.1901244290269618,2022-08-22 07:00:00,2024-08-22 07:00:00,2024-08-22 07:00:00,731,1,-0.3032104293734177,0.3032104293734177,{'model__alpha': 0.01}
2024-08-22 07:00:00,Random Forest,7,0.718796483727262,0.3308449172854844,2022-08-22 07:00:00,2024-08-22 07:00:00,2024-08-22 07:00:00,731,1,-0.28640559026943707,0.28640559026943707,"{'max_depth': 10, 'max_features': 0.5, 'min_samples_leaf': 2, 'n_estimators': 100}"
2024-08-22 07:00:00,Neural Network,7,0.718796483727262,0.032524273456455845,2022-08-22 07:00:00,2024-08-22 07:00:00,2024-08-22 07:00:00,731,1,-0.35941423956503044,0.35941423956503044,"{'regressor__model__alpha': 0.0001, 'regressor__model__hidden_layer_sizes': (64, 32), 'regressor__model__learning_rate_init': 0.0001}"
2024-08-22 07:00:00,Naive,7,0.718796483727262,-0.18298936027642995,2022-08-22 07:00:00,2024-08-22 07:00:00,2024-08-22 07:00:00,731,1,,,not_applicable
2024-08-23 07:00:00,Decision Tree,7,-0.6867400792805461,-0.9450725382201326,2022-08-23 07:00:00,2024-08-23 07:00:00,2024-08-23 07:00:00,731,1,-0.42290985504429074,0.42290985504429074,"{'max_depth': None, 'min_samples_leaf': 1, 'min_samples_split': 20}"
2024-08-23 07:00:00,ARX,7,-0.6867400792805461,-0.04629211068465604,2022-08-23 07:00:00,2024-08-23 07:00:00,2024-08-23 07:00:00,731,1,-0.3032104293734177,0.3032104293734177,{'model__alpha': 0.01}
2024-08-23 07:00:00,Random Forest,7,-0.6867400792805461,-0.2863234676206565,2022-08-23 07:00:00,2024-08-23 07:00:00,2024-08-23 07:00:00,731,1,-0.28640559026943707,0.28640559026943707,"{'max_depth': 10, 'max_features': 0.5, 'min_samples_leaf': 2, 'n_estimators': 100}"
2024-08-23 07:00:00,Neural Network,7,-0.6867400792805461,-0.0480322210273691,2022-08-23 07:00:00,2024-08-23 07:00:00,2024-08-23 07:00:00,731,1,-0.35941423956503044,0.35941423956503044,"{'regressor__model__alpha': 0.0001, 'regressor__model__hidden_layer_sizes': (64, 32), 'regressor__model__learning_rate_init': 0.0001}"
2024-08-23 07:00:00,Naive,7,-0.6867400792805461,0.718796483727262,2022-08-23 07:00:00,2024-08-23 07:00:00,2024-08-23 07:00:00,731,1,,,not_applicable
2024-08-24 07:00:00,Decision Tree,7,0.183945022750312,-0.41450122681145746,2022-08-24 07:00:00,2024-08-24 07:00:00,2024-08-24 07:00:00,731,1,-0.42290985504429074,0.42290985504429074,"{'max_depth': None, 'min_samples_leaf': 1, 'min_samples_split': 20}"
2024-08-24 07:00:00,ARX,7,0.183945022750312,-0.04040347923643109,2022-08-24 07:00:00,2024-08-24 07:00:00,2024-08-24 07:00:00,731,1,-0.3032104293734177,0.3032104293734177,{'model__alpha': 0.01}
2024-08-24 07:00:00,Random Forest,7,0.183945022750312,-0.3169640608194314,2022-08-24 07:00:00,2024-08-24 07:00:00,2024-08-24 07:00:00,731,1,-0.28640559026943707,0.28640559026943707,"{'max_depth': 10, 'max_features': 0.5, 'min_samples_leaf': 2, 'n_estimators': 100}"
2024-08-24 07:00:00,Neural Network,7,0.183945022750312,0.35028545338092143,2022-08-24 07:00:00,2024-08-24 07:00:00,2024-08-24 07:00:00,731,1,-0.35941423956503044,0.35941423956503044,"{'regressor__model__alpha': 0.0001, 'regressor__model__hidden_layer_sizes': (64, 32), 'regressor__model__learning_rate_init': 0.0001}"
2024-08-24 07:00:00,Naive,7,0.183945022750312,-0.6867400792805461,2022-08-24 07:00:00,2024-08-24 07:00:00,2024-08-24 07:00:00,731,1,,,not_applicable
2024-08-25 07:00:00,Decision Tree,7,-1.4851944262441723,-1.359754922551772,2022-08-25 07:00:00,2024-08-25 07:00:00,2024-08-25 07:00:00,731,1,-0.42290985504429074,0.42290985504429074,"{'max_depth': None, 'min_samples_leaf': 1, 'min_samples_split': 20}"
2024-08-25 07:00:00,ARX,7,-1.4851944262441723,-0.9366951669769301,2022-08-25 07:00:00,2024-08-25 07:00:00,2024-08-25 07:00:00,731,1,-0.3032104293734177,0.3032104293734177,{'model__alpha': 0.01}
2024-08-25 07:00:00,Random Forest,7,-1.4851944262441723,-0.8953629831631088,2022-08-25 07:00:00,2024-08-25 07:00:00,2024-08-25 07:00:00,731,1,-0.28640559026943707,0.28640559026943707,"{'max_depth': 10, 'max_features': 0.5, 'min_samples_leaf': 2, 'n_estimators': 100}"
2024-08-25 07:00:00,Neural Network,7,-1.4851944262441723,-1.4474820866252591,2022-08-25 07:00:00,2024-08-25 07:00:00,2024-08-25 07:00:00,731,1,-0.35941423956503044,0.35941423956503044,"{'regressor__model__alpha': 0.0001, 'regressor__model__hidden_layer_sizes': (64, 32), 'regressor__model__learning_rate_init': 0.0001}"
2024-08-25 07:00:00,Naive,7,-1.4851944262441723,0.183945022750312,2022-08-25 07:00:00,2024-08-25 07:00:00,2024-08-25 07:00:00,731,1,,,not_applicable
2024-08-26 07:00:00,Decision Tree,7,1.102697815235231,1.018673450697173,2022-08-26 07:00:00,2024-08-26 07:00:00,2024-08-26 07:00:00,731,1,-0.42290985504429074,0.42290985504429074,"{'max_depth': None, 'min_samples_leaf': 1, 'min_samples_split': 20}"
2024-08-26 07:00:00,ARX,7,1.102697815235231,0.4743700235117082,2022-08-26 07:00:00,2024-08-26 07:00:00,2024-08-26 07:00:00,731,1,-0.3032104293734177,0.3032104293734177,{'model__alpha': 0.01}
2024-08-26 07:00:00,Random Forest,7,1.102697815235231,0.8283715615577354,2022-08-26 07:00:00,2024-08-26 07:00:00,2024-08-26 07:00:00,731,1,-0.28640559026943707,0.28640559026943707,"{'max_depth': 10, 'max_features': 0.5, 'min_samples_leaf': 2, 'n_estimators': 100}"
2024-08-26 07:00:00,Neural Network,7,1.102697815235231,0.7730055953414637,2022-08-26 07:00:00,2024-08-26 07:00:00,2024-08-26 07:00:00,731,1,-0.35941423956503044,0.35941423956503044,"{'regressor__model__alpha': 0.0001, 'regressor__model__hidden_layer_sizes': (64, 32), 'regressor__model__learning_rate_init': 0.0001}"
2024-08-26 07:00:00,Naive,7,1.102697815235231,-1.4851944262441723,2022-08-26 07:00:00,2024-08-26 07:00:00,2024-08-26 07:00:00,731,1,,,not_applicable
2024-08-27 07:00:00,Decision Tree,7,0.8766801793977833,1.075969806843342,2022-08-27 07:00:00,2024-08-27 07:00:00,2024-08-27 07:00:00,731,1,-0.42290985504429074,0.42290985504429074,"{'max_depth': None, 'min_samples_leaf': 1, 'min_samples_split': 20}"
2024-08-27 07:00:00,ARX,7,0.8766801793977833,0.7458287201633231,2022-08-27 07:00:00,2024-08-27 07:00:00,2024-08-27 07:00:00,731,1,-0.3032104293734177,0.3032104293734177,{'model__alpha': 0.01}
2024-08-27 07:00:00,Random Forest,7,0.8766801793977833,0.6166379207986067,2022-08-27 07:00:00,2024-08-27 07:00:00,2024-08-27 07:00:00,731,1,-0.28640559026943707,0.28640559026943707,"{'max_depth': 10, 'max_features': 0.5, 'min_samples_leaf': 2, 'n_estimators': 100}"
2024-08-27 07:00:00,Neural Network,7,0.8766801793977833,0.8027948245320988,2022-08-27 07:00:00,2024-08-27 07:00:00,2024-08-27 07:00:00,731,1,-0.35941423956503044,0.35941423956503044,"{'regressor__model__alpha': 0.0001, 'regressor__model__hidden_layer_sizes': (64, 32), 'regressor__model__learning_rate_init': 0.0001}"
2024-08-27 07:00:00,Naive,7,0.8766801793977833,1.102697815235231,2022-08-27 07:00:00,2024-08-27 07:00:00,2024-08-27 07:00:00,731,1,,,not_applicable
2024-08-28 07:00:00,Decision Tree,7,0.7214988684052445,0.2844136102350032,2022-08-28 07:00:00,2024-08-28 07:00:00,2024-08-28 07:00:00,731,1,-0.42290985504429074,0.42290985504429074,"{'max_depth': None, 'min_samples_leaf': 1, 'min_samples_split': 20}"
2024-08-28 07:00:00,ARX,7,0.7214988684052445,0.4154863876308787,2022-08-28 07:00:00,2024-08-28 07:00:00,2024-08-28 07:00:00,731,1,-0.3032104293734177,0.3032104293734177,{'model__alpha': 0.01}
2024-08-28 07:00:00,Random Forest,7,0.7214988684052445,0.5330711017172554,2022-08-28 07:00:00,2024-08-28 07:00:00,2024-08-28 07:00:00,731,1,-0.28640559026943707,0.28640559026943707,"{'max_depth': 10, 'max_features': 0.5, 'min_samples_leaf': 2, 'n_estimators': 100}"
2024-08-28 07:00:00,Neural Network,7,0.7214988684052445,0.18256962893718234,2022-08-28 07:00:00,2024-08-28 07:00:00,2024-08-28 07:00:00,731,1,-0.35941423956503044,0.35941423956503044,"{'regressor__model__alpha': 0.0001, 'regressor__model__hidden_layer_sizes': (64, 32), 'regressor__model__learning_rate_init': 0.0001}"
2024-08-28 07:00:00,Naive,7,0.7214988684052445,0.8766801793977833,2022-08-28 07:00:00,2024-08-28 07:00:00,2024-08-28 07:00:00,731,1,,,not_applicable
2024-08-29 07:00:00,Decision Tree,7,0.8275611704433894,0.5627006390435767,2022-08-29 07:00:00,2024-08-29 07:00:00,2024-08-29 07:00:00,731,1,-0.42290985504429074,0.42290985504429074,"{'max_depth': None, 'min_samples_leaf': 1, 'min_samples_split': 20}"
2024-08-29 07:00:00,ARX,7,0.8275611704433894,0.5658194124977154,2022-08-29 07:00:00,2024-08-29 07:00:00,2024-08-29 07:00:00,731,1,-0.3032104293734177,0.3032104293734177,{'model__alpha': 0.01}
2024-08-29 07:00:00,Random Forest,7,0.8275611704433894,0.5175853574769083,2022-08-29 07:00:00,2024-08-29 07:00:00,2024-08-29 07:00:00,731,1,-0.28640559026943707,0.28640559026943707,"{'max_depth': 10, 'max_features': 0.5, 'min_samples_leaf': 2, 'n_estimators': 100}"
2024-08-29 07:00:00,Neural Network,7,0.8275611704433894,0.7452973144279114,2022-08-29 07:00:00,2024-08-29 07:00:00,2024-08-29 07:00:00,731,1,-0.35941423956503044,0.35941423956503044,"{'regressor__model__alpha': 0.0001, 'regressor__model__hidden_layer_sizes': (64, 32), 'regressor__model__learning_rate_init': 0.0001}"
2024-08-29 07:00:00,Naive,7,0.8275611704433894,0.7214988684052445,2022-08-29 07:00:00,2024-08-29 07:00:00,2024-08-29 07:00:00,731,1,,,not_applicable
2024-08-30 07:00:00,Decision Tree,7,1.0818792442705103,0.5744976873982479,2022-08-30 07:00:00,2024-08-30 07:00:00,2024-08-30 07:00:00,731,1,-0.42290985504429074,0.42290985504429074,"{'max_depth': None, 'min_samples_leaf': 1, 'min_samples_split': 20}"
2024-08-30 07:00:00,ARX,7,1.0818792442705103,0.6866984329251241,2022-08-30 07:00:00,2024-08-30 07:00:00,2024-08-30 07:00:00,731,1,-0.3032104293734177,0.3032104293734177,{'model__alpha': 0.01}
2024-08-30 07:00:00,Random Forest,7,1.0818792442705103,0.6532724476992294,2022-08-30 07:00:00,2024-08-30 07:00:00,2024-08-30 07:00:00,731,1,-0.28640559026943707,0.28640559026943707,"{'max_depth': 10, 'max_features': 0.5, 'min_samples_leaf': 2, 'n_estimators': 100}"
2024-08-30 07:00:00,Neural Network,7,1.0818792442705103,0.5913455468479882,2022-08-30 07:00:00,2024-08-30 07:00:00,2024-08-30 07:00:00,731,1,-0.35941423956503044,0.35941423956503044,"{'regressor__model__alpha': 0.0001, 'regressor__model__hidden_layer_sizes': (64, 32), 'regressor__model__learning_rate_init': 0.0001}"
2024-08-30 07:00:00,Naive,7,1.0818792442705103,0.8275611704433894,2022-08-30 07:00:00,2024-08-30 07:00:00,2024-08-30 07:00:00,731,1,,,not_applicable
2024-08-31 07:00:00,Decision Tree,7,0.38538485068151546,-0.06246009474046063,2022-08-31 07:00:00,2024-08-31 07:00:00,2024-08-31 07:00:00,731,1,-0.42290985504429074,0.42290985504429074,"{'max_depth': None, 'min_samples_leaf': 1, 'min_samples_split': 20}"
2024-08-31 07:00:00,ARX,7,0.38538485068151546,-0.004050847196682978,2022-08-31 07:00:00,2024-08-31 07:00:00,2024-08-31 07:00:00,731,1,-0.3032104293734177,0.3032104293734177,{'model__alpha': 0.01}
2024-08-31 07:00:00,Random Forest,7,0.38538485068151546,-0.22313049112524774,2022-08-31 07:00:00,2024-08-31 07:00:00,2024-08-31 07:00:00,731,1,-0.28640559026943707,0.28640559026943707,"{'max_depth': 10, 'max_features': 0.5, 'min_samples_leaf': 2, 'n_estimators': 100}"
2024-08-31 07:00:00,Neural Network,7,0.38538485068151546,0.1785188869264328,2022-08-31 07:00:00,2024-08-31 07:00:00,2024-08-31 07:00:00,731,1,-0.35941423956503044,0.35941423956503044,"{'regressor__model__alpha': 0.0001, 'regressor__model__hidden_layer_sizes': (64, 32), 'regressor__model__learning_rate_init': 0.0001}"
2024-08-31 07:00:00,Naive,7,0.38538485068151546,1.0818792442705103,2022-08-31 07:00:00,2024-08-31 07:00:00,2024-08-31 07:00:00,731,1,,,not_applicable
2024-09-01 07:00:00,Decision Tree,7,-0.44534370146473556,-0.9048734816790693,2022-09-01 07:00:00,2024-09-01 07:00:00,2024-09-01 07:00:00,731,1,-0.42290985504429074,0.42290985504429074,"{'max_depth': None, 'min_samples_leaf': 1, 'min_samples_split': 20}"
2024-09-01 07:00:00,ARX,7,-0.44534370146473556,-0.3153011079761295,2022-09-01 07:00:00,2024-09-01 07:00:00,2024-09-01 07:00:00,731,1,-0.3032104293734177,0.3032104293734177,{'model__alpha': 0.01}
2024-09-01 07:00:00,Random Forest,7,-0.44534370146473556,-0.7988686396181294,2022-09-01 07:00:00,2024-09-01 07:00:00,2024-09-01 07:00:00,731,1,-0.28640559026943707,0.28640559026943707,"{'max_depth': 10, 'max_features': 0.5, 'min_samples_leaf': 2, 'n_estimators': 100}"
2024-09-01 07:00:00,Neural Network,7,-0.44534370146473556,-0.2787921583247844,2022-09-01 07:00:00,2024-09-01 07:00:00,2024-09-01 07:00:00,731,1,-0.35941423956503044,0.35941423956503044,"{'regressor__model__alpha': 0.0001, 'regressor__model__hidden_layer_sizes': (64, 32), 'regressor__model__learning_rate_init': 0.0001}"
2024-09-01 07:00:00,Naive,7,-0.44534370146473556,0.38538485068151546,2022-09-01 07:00:00,2024-09-01 07:00:00,2024-09-01 07:00:00,731,1,,,not_applicable
2024-09-02 07:00:00,Decision Tree,7,0.8467553221399429,0.9064483396945802,2022-09-02 07:00:00,2024-09-02 07:00:00,2024-09-02 07:00:00,731,1,-0.42290985504429074,0.42290985504429074,"{'max_depth': None, 'min_samples_leaf': 1, 'min_samples_split': 20}"
2024-09-02 07:00:00,ARX,7,0.8467553221399429,0.7388313421597714,2022-09-02 07:00:00,2024-09-02 07:00:00,2024-09-02 07:00:00,731,1,-0.3032104293734177,0.3032104293734177,{'model__alpha': 0.01}
2024-09-02 07:00:00,Random Forest,7,0.8467553221399429,0.8540501450690681,2022-09-02 07:00:00,2024-09-02 07:00:00,2024-09-02 07:00:00,731,1,-0.28640559026943707,0.28640559026943707,"{'max_depth': 10, 'max_features': 0.5, 'min_samples_leaf': 2, 'n_estimators': 100}"
2024-09-02 07:00:00,Neural Network,7,0.8467553221399429,1.1373646644934687,2022-09-02 07:00:00,2024-09-02 07:00:00,2024-09-02 07:00:00,731,1,-0.35941423956503044,0.35941423956503044,"{'regressor__model__alpha': 0.0001, 'regressor__model__hidden_layer_sizes': (64, 32), 'regressor__model__learning_rate_init': 0.0001}"
2024-09-02 07:00:00,Naive,7,0.8467553221399429,-0.44534370146473556,2022-09-02 07:00:00,2024-09-02 07:00:00,2024-09-02 07:00:00,731,1,,,not_applicable
2024-09-03 07:00:00,Decision Tree,7,1.0926807054721126,0.9029369857207779,2022-09-03 07:00:00,2024-09-03 07:00:00,2024-09-03 07:00:00,731,1,-0.42290985504429074,0.42290985504429074,"{'max_depth': None, 'min_samples_leaf': 1, 'min_samples_split': 20}"
2024-09-03 07:00:00,ARX,7,1.0926807054721126,0.9749765798247664,2022-09-03 07:00:00,2024-09-03 07:00:00,2024-09-03 07:00:00,731,1,-0.3032104293734177,0.3032104293734177,{'model__alpha': 0.01}
2024-09-03 07:00:00,Random Forest,7,1.0926807054721126,0.7916135772205238,2022-09-03 07:00:00,2024-09-03 07:00:00,2024-09-03 07:00:00,731,1,-0.28640559026943707,0.28640559026943707,"{'max_depth': 10, 'max_features': 0.5, 'min_samples_leaf': 2, 'n_estimators': 100}"
2024-09-03 07:00:00,Neural Network,7,1.0926807054721126,0.8606155754909195,2022-09-03 07:00:00,2024-09-03 07:00:00,2024-09-03 07:00:00,731,1,-0.35941423956503044,0.35941423956503044,"{'regressor__model__alpha': 0.0001, 'regressor__model__hidden_layer_sizes': (64, 32), 'regressor__model__learning_rate_init': 0.0001}"
2024-09-03 07:00:00,Naive,7,1.0926807054721126,0.8467553221399429,2022-09-03 07:00:00,2024-09-03 07:00:00,2024-09-03 07:00:00,731,1,,,not_applicable
2024-09-04 07:00:00,Decision Tree,7,1.4511340287206487,0.853742623517173,2022-09-04 07:00:00,2024-09-04 07:00:00,2024-09-04 07:00:00,731,1,-0.42290985504429074,0.42290985504429074,"{'max_depth': None, 'min_samples_leaf': 1, 'min_samples_split': 20}"
2024-09-04 07:00:00,ARX,7,1.4511340287206487,1.1774213156583886,2022-09-04 07:00:00,2024-09-04 07:00:00,2024-09-04 07:00:00,731,1,-0.3032104293734177,0.3032104293734177,{'model__alpha': 0.01}
2024-09-04 07:00:00,Random Forest,7,1.4511340287206487,1.2794636702776074,2022-09-04 07:00:00,2024-09-04 07:00:00,2024-09-04 07:00:00,731,1,-0.28640559026943707,0.28640559026943707,"{'max_depth': 10, 'max_features': 0.5, 'min_samples_leaf': 2, 'n_estimators': 100}"
2024-09-04 07:00:00,Neural Network,7,1.4511340287206487,1.2317078937348291,2022-09-04 07:00:00,2024-09-04 07:00:00,2024-09-04 07:00:00,731,1,-0.35941423956503044,0.35941423956503044,"{'regressor__model__alpha': 0.0001, 'regressor__model__hidden_layer_sizes': (64, 32), 'regressor__model__learning_rate_init': 0.0001}"
2024-09-04 07:00:00,Naive,7,1.4511340287206487,1.0926807054721126,2022-09-04 07:00:00,2024-09-04 07:00:00,2024-09-04 07:00:00,731,1,,,not_applicable
2024-09-05 07:00:00,Decision Tree,7,0.4549406262205138,-0.11389445225621803,2022-09-05 07:00:00,2024-09-05 07:00:00,2024-09-05 07:00:00,731,1,-0.42290985504429074,0.42290985504429074,"{'max_depth': None, 'min_samples_leaf': 1, 'min_samples_split': 20}"
2024-09-05 07:00:00,ARX,7,0.4549406262205138,0.6588384754368227,2022-09-05 07:00:00,2024-09-05 07:00:00,2024-09-05 07:00:00,731,1,-0.3032104293734177,0.3032104293734177,{'model__alpha': 0.01}
2024-09-05 07:00:00,Random Forest,7,0.4549406262205138,0.6399137626085135,2022-09-05 07:00:00,2024-09-05 07:00:00,2024-09-05 07:00:00,731,1,-0.28640559026943707,0.28640559026943707,"{'max_depth': 10, 'max_features': 0.5, 'min_samples_leaf': 2, 'n_estimators': 100}"
2024-09-05 07:00:00,Neural Network,7,0.4549406262205138,0.4022385656270509,2022-09-05 07:00:00,2024-09-05 07:00:00,2024-09-05 07:00:00,731,1,-0.35941423956503044,0.35941423956503044,"{'regressor__model__alpha': 0.0001, 'regressor__model__hidden_layer_sizes': (64, 32), 'regressor__model__learning_rate_init': 0.0001}"
2024-09-05 07:00:00,Naive,7,0.4549406262205138,1.4511340287206487,2022-09-05 07:00:00,2024-09-05 07:00:00,2024-09-05 07:00:00,731,1,,,not_applicable
2024-09-06 07:00:00,Decision Tree,7,0.5781982534908409,-0.39384761159623044,2022-09-06 07:00:00,2024-09-06 07:00:00,2024-09-06 07:00:00,731,1,-0.42290985504429074,0.42290985504429074,"{'max_depth': None, 'min_samples_leaf': 1, 'min_samples_split': 20}"
2024-09-06 07:00:00,ARX,7,0.5781982534908409,-0.049005393574339105,2022-09-06 07:00:00,2024-09-06 07:00:00,2024-09-06 07:00:00,731,1,-0.3032104293734177,0.3032104293734177,{'model__alpha': 0.01}
2024-09-06 07:00:00,Random Forest,7,0.5781982534908409,-0.07411324260493359,2022-09-06 07:00:00,2024-09-06 07:00:00,2024-09-06 07:00:00,731,1,-0.28640559026943707,0.28640559026943707,"{'max_depth': 10, 'max_features': 0.5, 'min_samples_leaf': 2, 'n_estimators': 100}"
2024-09-06 07:00:00,Neural Network,7,0.5781982534908409,-0.29161466744942094,2022-09-06 07:00:00,2024-09-06 07:00:00,2024-09-06 07:00:00,731,1,-0.35941423956503044,0.35941423956503044,"{'regressor__model__alpha': 0.0001, 'regressor__model__hidden_layer_sizes': (64, 32), 'regressor__model__learning_rate_init': 0.0001}"
2024-09-06 07:00:00,Naive,7,0.5781982534908409,0.4549406262205138,2022-09-06 07:00:00,2024-09-06 07:00:00,2024-09-06 07:00:00,731,1,,,not_applicable
2024-09-07 07:00:00,Decision Tree,7,0.2684360386852651,-0.396365743666837,2022-09-07 07:00:00,2024-09-07 07:00:00,2024-09-07 07:00:00,731,1,-0.42290985504429074,0.42290985504429074,"{'max_depth': None, 'min_samples_leaf': 1, 'min_samples_split': 20}"
2024-09-07 07:00:00,ARX,7,0.2684360386852651,0.12353210032721838,2022-09-07 07:00:00,2024-09-07 07:00:00,2024-09-07 07:00:00,731,1,-0.3032104293734177,0.3032104293734177,{'model__alpha': 0.01}
2024-09-07 07:00:00,Random Forest,7,0.2684360386852651,-0.23221571835509483,2022-09-07 07:00:00,2024-09-07 07:00:00,2024-09-07 07:00:00,731,1,-0.28640559026943707,0.28640559026943707,"{'max_depth': 10, 'max_features': 0.5, 'min_samples_leaf': 2, 'n_estimators': 100}"
2024-09-07 07:00:00,Neural Network,7,0.2684360386852651,-0.0422502016269823,2022-09-07 07:00:00,2024-09-07 07:00:00,2024-09-07 07:00:00,731,1,-0.35941423956503044,0.35941423956503044,"{'regressor__model__alpha': 0.0001, 'regressor__model__hidden_layer_sizes': (64, 32), 'regressor__model__learning_rate_init': 0.0001}"
2024-09-07 07:00:00,Naive,7,0.2684360386852651,0.5781982534908409,2022-09-07 07:00:00,2024-09-07 07:00:00,2024-09-07 07:00:00,731,1,,,not_applicable
2024-09-08 07:00:00,Decision Tree,7,-0.2488367463912619,-1.0094197423554219,2022-09-08 07:00:00,2024-09-08 07:00:00,2024-09-08 07:00:00,731,1,-0.42290985504429074,0.42290985504429074,"{'max_depth': None, 'min_samples_leaf': 1, 'min_samples_split': 20}"
2024-09-08 07:00:00,ARX,7,-0.2488367463912619,-0.22475683172297534,2022-09-08 07:00:00,2024-09-08 07:00:00,2024-09-08 07:00:00,731,1,-0.3032104293734177,0.3032104293734177,{'model__alpha': 0.01}
2024-09-08 07:00:00,Random Forest,7,-0.2488367463912619,-0.3784571600764764,2022-09-08 07:00:00,2024-09-08 07:00:00,2024-09-08 07:00:00,731,1,-0.28640559026943707,0.28640559026943707,"{'max_depth': 10, 'max_features': 0.5, 'min_samples_leaf': 2, 'n_estimators': 100}"
2024-09-08 07:00:00,Neural Network,7,-0.2488367463912619,-0.005061616174572535,2022-09-08 07:00:00,2024-09-08 07:00:00,2024-09-08 07:00:00,731,1,-0.35941423956503044,0.35941423956503044,"{'regressor__model__alpha': 0.0001, 'regressor__model__hidden_layer_sizes': (64, 32), 'regressor__model__learning_rate_init': 0.0001}"
2024-09-08 07:00:00,Naive,7,-0.2488367463912619,0.2684360386852651,2022-09-08 07:00:00,2024-09-08 07:00:00,2024-09-08 07:00:00,731,1,,,not_applicable
2024-09-09 07:00:00,Decision Tree,7,0.95725619425609,0.8129031860417326,2022-09-09 07:00:00,2024-09-09 07:00:00,2024-09-09 07:00:00,731,1,-0.42290985504429074,0.42290985504429074,"{'max_depth': None, 'min_samples_leaf': 1, 'min_samples_split': 20}"
2024-09-09 07:00:00,ARX,7,0.95725619425609,0.880638551322933,2022-09-09 07:00:00,2024-09-09 07:00:00,2024-09-09 07:00:00,731,1,-0.3032104293734177,0.3032104293734177,{'model__alpha': 0.01}
2024-09-09 07:00:00,Random Forest,7,0.95725619425609,0.8643459675929351,2022-09-09 07:00:00,2024-09-09 07:00:00,2024-09-09 07:00:00,731,1,-0.28640559026943707,0.28640559026943707,"{'max_depth': 10, 'max_features': 0.5, 'min_samples_leaf': 2, 'n_estimators': 100}"
2024-09-09 07:00:00,Neural Network,7,0.95725619425609,0.9966390275759077,2022-09-09 07:00:00,2024-09-09 07:00:00,2024-09-09 07:00:00,731,1,-0.35941423956503044,0.35941423956503044,"{'regressor__model__alpha': 0.0001, 'regressor__model__hidden_layer_sizes': (64, 32), 'regressor__model__learning_rate_init': 0.0001}"
2024-09-09 07:00:00,Naive,7,0.95725619425609,-0.2488367463912619,2022-09-09 07:00:00,2024-09-09 07:00:00,2024-09-09 07:00:00,731,1,,,not_applicable
2024-09-10 07:00:00,Decision Tree,7,0.7841003566822244,0.9165375307209076,2022-09-10 07:00:00,2024-09-10 07:00:00,2024-09-10 07:00:00,731,1,-0.42290985504429074,0.42290985504429074,"{'max_depth': None, 'min_samples_leaf': 1, 'min_samples_split': 20}"
2024-09-10 07:00:00,ARX,7,0.7841003566822244,0.47998183298841185,2022-09-10 07:00:00,2024-09-10 07:00:00,2024-09-10 07:00:00,731,1,-0.3032104293734177,0.3032104293734177,{'model__alpha': 0.01}
2024-09-10 07:00:00,Random Forest,7,0.7841003566822244,0.21880025331557568,2022-09-10 07:00:00,2024-09-10 07:00:00,2024-09-10 07:00:00,731,1,-0.28640559026943707,0.28640559026943707,"{'max_depth': 10, 'max_features': 0.5, 'min_samples_leaf': 2, 'n_estimators': 100}"
2024-09-10 07:00:00,Neural Network,7,0.7841003566822244,0.4742764207063752,2022-09-10 07:00:00,2024-09-10 07:00:00,2024-09-10 07:00:00,731,1,-0.35941423956503044,0.35941423956503044,"{'regressor__model__alpha': 0.0001, 'regressor__model__hidden_layer_sizes': (64, 32), 'regressor__model__learning_rate_init': 0.0001}"
2024-09-10 07:00:00,Naive,7,0.7841003566822244,0.95725619425609,2022-09-10 07:00:00,2024-09-10 07:00:00,2024-09-10 07:00:00,731,1,,,not_applicable
2024-09-11 07:00:00,Decision Tree,7,0.11597490265500288,-0.39988291959628564,2022-09-11 07:00:00,2024-09-11 07:00:00,2024-09-11 07:00:00,731,1,-0.42290985504429074,0.42290985504429074,"{'max_depth': None, 'min_samples_leaf': 1, 'min_samples_split': 20}"
2024-09-11 07:00:00,ARX,7,0.11597490265500288,-0.03204076078396719,2022-09-11 07:00:00,2024-09-11 07:00:00,2024-09-11 07:00:00,731,1,-0.3032104293734177,0.3032104293734177,{'model__alpha': 0.01}
2024-09-11 07:00:00,Random Forest,7,0.11597490265500288,-0.003492493628975436,2022-09-11 07:00:00,2024-09-11 07:00:00,2024-09-11 07:00:00,731,1,-0.28640559026943707,0.28640559026943707,"{'max_depth': 10, 'max_features': 0.5, 'min_samples_leaf': 2, 'n_estimators': 100}"
2024-09-11 07:00:00,Neural Network,7,0.11597490265500288,0.19499131538940248,2022-09-11 07:00:00,2024-09-11 07:00:00,2024-09-11 07:00:00,731,1,-0.35941423956503044,0.35941423956503044,"{'regressor__model__alpha': 0.0001, 'regressor__model__hidden_layer_sizes': (64, 32), 'regressor__model__learning_rate_init': 0.0001}"
2024-09-11 07:00:00,Naive,7,0.11597490265500288,0.7841003566822244,2022-09-11 07:00:00,2024-09-11 07:00:00,2024-09-11 07:00:00,731,1,,,not_applicable
2024-09-12 07:00:00,Decision Tree,7,0.87789384197018,0.7119151028990526,2022-09-12 07:00:00,2024-09-12 07:00:00,2024-09-12 07:00:00,731,1,-0.42290985504429074,0.42290985504429074,"{'max_depth': None, 'min_samples_leaf': 1, 'min_samples_split': 20}"
2024-09-12 07:00:00,ARX,7,0.87789384197018,0.5823448733417627,2022-09-12 07:00:00,2024-09-12 07:00:00,2024-09-12 07:00:00,731,1,-0.3032104293734177,0.3032104293734177,{'model__alpha': 0.01}
2024-09-12 07:00:00,Random Forest,7,0.87789384197018,0.653351152280959,2022-09-12 07:00:00,2024-09-12 07:00:00,2024-09-12 07:00:00,731,1,-0.28640559026943707,0.28640559026943707,"{'max_depth': 10, 'max_features': 0.5, 'min_samples_leaf': 2, 'n_estimators': 100}"
2024-09-12 07:00:00,Neural Network,7,0.87789384197018,0.7699462618132116,2022-09-12 07:00:00,2024-09-12 07:00:00,2024-09-12 07:00:00,731,1,-0.35941423956503044,0.35941423956503044,"{'regressor__model__alpha': 0.0001, 'regressor__model__hidden_layer_sizes': (64, 32), 'regressor__model__learning_rate_init': 0.0001}"
2024-09-12 07:00:00,Naive,7,0.87789384197018,0.11597490265500288,2022-09-12 07:00:00,2024-09-12 07:00:00,2024-09-12 07:00:00,731,1,,,not_applicable
2024-09-13 07:00:00,Decision Tree,7,0.6088636687935066,0.9063500557948552,2022-09-13 07:00:00,2024-09-13 07:00:00,2024-09-13 07:00:00,731,1,-0.42290985504429074,0.42290985504429074,"{'max_depth': None, 'min_samples_leaf': 1, 'min_samples_split': 20}"
2024-09-13 07:00:00,ARX,7,0.6088636687935066,0.5164654580354674,2022-09-13 07:00:00,2024-09-13 07:00:00,2024-09-13 07:00:00,731,1,-0.3032104293734177,0.3032104293734177,{'model__alpha': 0.01}
2024-09-13 07:00:00,Random Forest,7,0.6088636687935066,0.6164240119045743,2022-09-13 07:00:00,2024-09-13 07:00:00,2024-09-13 07:00:00,731,1,-0.28640559026943707,0.28640559026943707,"{'max_depth': 10, 'max_features': 0.5, 'min_samples_leaf': 2, 'n_estimators': 100}"
2024-09-13 07:00:00,Neural Network,7,0.6088636687935066,0.4705531725311593,2022-09-13 07:00:00,2024-09-13 07:00:00,2024-09-13 07:00:00,731,1,-0.35941423956503044,0.35941423956503044,"{'regressor__model__alpha': 0.0001, 'regressor__model__hidden_layer_sizes': (64, 32), 'regressor__model__learning_rate_init': 0.0001}"
2024-09-13 07:00:00,Naive,7,0.6088636687935066,0.87789384197018,2022-09-13 07:00:00,2024-09-13 07:00:00,2024-09-13 07:00:00,731,1,,,not_applicable
2024-09-14 07:00:00,Decision Tree,7,-0.6076185549107778,-1.3756037764586977,2022-09-14 07:00:00,2024-09-14 07:00:00,2024-09-14 07:00:00,731,1,-0.42290985504429074,0.42290985504429074,"{'max_depth': None, 'min_samples_leaf': 1, 'min_samples_split': 20}"
2024-09-14 07:00:00,ARX,7,-0.6076185549107778,-0.4717038546615831,2022-09-14 07:00:00,2024-09-14 07:00:00,2024-09-14 07:00:00,731,1,-0.3032104293734177,0.3032104293734177,{'model__alpha': 0.01}
2024-09-14 07:00:00,Random Forest,7,-0.6076185549107778,-0.7130923173037863,2022-09-14 07:00:00,2024-09-14 07:00:00,2024-09-14 07:00:00,731,1,-0.28640559026943707,0.28640559026943707,"{'max_depth': 10, 'max_features': 0.5, 'min_samples_leaf': 2, 'n_estimators': 100}"
2024-09-14 07:00:00,Neural Network,7,-0.6076185549107778,-0.6761456284765489,2022-09-14 07:00:00,2024-09-14 07:00:00,2024-09-14 07:00:00,731,1,-0.35941423956503044,0.35941423956503044,"{'regressor__model__alpha': 0.0001, 'regressor__model__hidden_layer_sizes': (64, 32), 'regressor__model__learning_rate_init': 0.0001}"
2024-09-14 07:00:00,Naive,7,-0.6076185549107778,0.6088636687935066,2022-09-14 07:00:00,2024-09-14 07:00:00,2024-09-14 07:00:00,731,1,,,not_applicable
2024-09-15 07:00:00,Decision Tree,7,-0.15972154508727926,-0.8772039586923177,2022-09-15 07:00:00,2024-09-15 07:00:00,2024-09-15 07:00:00,731,1,-0.42290985504429074,0.42290985504429074,"{'max_depth': None, 'min_samples_leaf': 1, 'min_samples_split': 20}"
2024-09-15 07:00:00,ARX,7,-0.15972154508727926,-0.2846854019223372,2022-09-15 07:00:00,2024-09-15 07:00:00,2024-09-15 07:00:00,731,1,-0.3032104293734177,0.3032104293734177,{'model__alpha': 0.01}
2024-09-15 07:00:00,Random Forest,7,-0.15972154508727926,-0.6336785924338352,2022-09-15 07:00:00,2024-09-15 07:00:00,2024-09-15 07:00:00,731,1,-0.28640559026943707,0.28640559026943707,"{'max_depth': 10, 'max_features': 0.5, 'min_samples_leaf': 2, 'n_estimators': 100}"
2024-09-15 07:00:00,Neural Network,7,-0.15972154508727926,-0.40883981625342053,2022-09-15 07:00:00,2024-09-15 07:00:00,2024-09-15 07:00:00,731,1,-0.35941423956503044,0.35941423956503044,"{'regressor__model__alpha': 0.0001, 'regressor__model__hidden_layer_sizes': (64, 32), 'regressor__model__learning_rate_init': 0.0001}"
2024-09-15 07:00:00,Naive,7,-0.15972154508727926,-0.6076185549107778,2022-09-15 07:00:00,2024-09-15 07:00:00,2024-09-15 07:00:00,731,1,,,not_applicable
2024-09-16 07:00:00,Decision Tree,7,0.8071279165433078,0.2010219548731111,2022-09-16 07:00:00,2024-09-16 07:00:00,2024-09-16 07:00:00,731,1,-0.42290985504429074,0.42290985504429074,"{'max_depth': None, 'min_samples_leaf': 1, 'min_samples_split': 20}"
2024-09-16 07:00:00,ARX,7,0.8071279165433078,0.6284446717442539,2022-09-16 07:00:00,2024-09-16 07:00:00,2024-09-16 07:00:00,731,1,-0.3032104293734177,0.3032104293734177,{'model__alpha': 0.01}
2024-09-16 07:00:00,Random Forest,7,0.8071279165433078,0.5594162363080403,2022-09-16 07:00:00,2024-09-16 07:00:00,2024-09-16 07:00:00,731,1,-0.28640559026943707,0.28640559026943707,"{'max_depth': 10, 'max_features': 0.5, 'min_samples_leaf': 2, 'n_estimators': 100}"
2024-09-16 07:00:00,Neural Network,7,0.8071279165433078,0.6305526544087752,2022-09-16 07:00:00,2024-09-16 07:00:00,2024-09-16 07:00:00,731,1,-0.35941423956503044,0.35941423956503044,"{'regressor__model__alpha': 0.0001, 'regressor__model__hidden_layer_sizes': (64, 32), 'regressor__model__learning_rate_init': 0.0001}"
2024-09-16 07:00:00,Naive,7,0.8071279165433078,-0.15972154508727926,2022-09-16 07:00:00,2024-09-16 07:00:00,2024-09-16 07:00:00,731,1,,,not_applicable
2024-09-17 07:00:00,Decision Tree,7,0.8753109468066336,0.9336862521367303,2022-09-17 07:00:00,2024-09-17 07:00:00,2024-09-17 07:00:00,731,1,-0.42290985504429074,0.42290985504429074,"{'max_depth': None, 'min_samples_leaf': 1, 'min_samples_split': 20}"
2024-09-17 07:00:00,ARX,7,0.8753109468066336,0.35020855843208526,2022-09-17 07:00:00,2024-09-17 07:00:00,2024-09-17 07:00:00,731,1,-0.3032104293734177,0.3032104293734177,{'model__alpha': 0.01}
2024-09-17 07:00:00,Random Forest,7,0.8753109468066336,0.3864263729903321,2022-09-17 07:00:00,2024-09-17 07:00:00,2024-09-17 07:00:00,731,1,-0.28640559026943707,0.28640559026943707,"{'max_depth': 10, 'max_features': 0.5, 'min_samples_leaf': 2, 'n_estimators': 100}"
2024-09-17 07:00:00,Neural Network,7,0.8753109468066336,0.31951235703232533,2022-09-17 07:00:00,2024-09-17 07:00:00,2024-09-17 07:00:00,731,1,-0.35941423956503044,0.35941423956503044,"{'regressor__model__alpha': 0.0001, 'regressor__model__hidden_layer_sizes': (64, 32), 'regressor__model__learning_rate_init': 0.0001}"
2024-09-17 07:00:00,Naive,7,0.8753109468066336,0.8071279165433078,2022-09-17 07:00:00,2024-09-17 07:00:00,2024-09-17 07:00:00,731,1,,,not_applicable
2024-09-18 07:00:00,Decision Tree,7,1.0046822057646227,0.7227900101520716,2022-09-18 07:00:00,2024-09-18 07:00:00,2024-09-18 07:00:00,731,1,-0.42290985504429074,0.42290985504429074,"{'max_depth': None, 'min_samples_leaf': 1, 'min_samples_split': 20}"
2024-09-18 07:00:00,ARX,7,1.0046822057646227,0.38111899640598995,2022-09-18 07:00:00,2024-09-18 07:00:00,2024-09-18 07:00:00,731,1,-0.3032104293734177,0.3032104293734177,{'model__alpha': 0.01}
2024-09-18 07:00:00,Random Forest,7,1.0046822057646227,0.4542365840274472,2022-09-18 07:00:00,2024-09-18 07:00:00,2024-09-18 07:00:00,731,1,-0.28640559026943707,0.28640559026943707,"{'max_depth': 10, 'max_features': 0.5, 'min_samples_leaf': 2, 'n_estimators': 100}"
2024-09-18 07:00:00,Neural Network,7,1.0046822057646227,0.698003354569267,2022-09-18 07:00:00,2024-09-18 07:00:00,2024-09-18 07:00:00,731,1,-0.35941423956503044,0.35941423956503044,"{'regressor__model__alpha': 0.0001, 'regressor__model__hidden_layer_sizes': (64, 32), 'regressor__model__learning_rate_init': 0.0001}"
2024-09-18 07:00:00,Naive,7,1.0046822057646227,0.8753109468066336,2022-09-18 07:00:00,2024-09-18 07:00:00,2024-09-18 07:00:00,731,1,,,not_applicable
2024-09-19 07:00:00,Decision Tree,7,1.0277435469727234,0.4202901786306589,2022-09-19 07:00:00,2024-09-19 07:00:00,2024-09-19 07:00:00,731,1,-0.42290985504429074,0.42290985504429074,"{'max_depth': None, 'min_samples_leaf': 1, 'min_samples_split': 20}"
2024-09-19 07:00:00,ARX,7,1.0277435469727234,0.2502064577292509,2022-09-19 07:00:00,2024-09-19 07:00:00,2024-09-19 07:00:00,731,1,-0.3032104293734177,0.3032104293734177,{'model__alpha': 0.01}
2024-09-19 07:00:00,Random Forest,7,1.0277435469727234,0.2783296069389689,2022-09-19 07:00:00,2024-09-19 07:00:00,2024-09-19 07:00:00,731,1,-0.28640559026943707,0.28640559026943707,"{'max_depth': 10, 'max_features': 0.5, 'min_samples_leaf': 2, 'n_estimators': 100}"
2024-09-19 07:00:00,Neural Network,7,1.0277435469727234,0.7434337271140039,2022-09-19 07:00:00,2024-09-19 07:00:00,2024-09-19 07:00:00,731,1,-0.35941423956503044,0.35941423956503044,"{'regressor__model__alpha': 0.0001, 'regressor__model__hidden_layer_sizes': (64, 32), 'regressor__model__learning_rate_init': 0.0001}"
2024-09-19 07:00:00,Naive,7,1.0277435469727234,1.0046822057646227,2022-09-19 07:00:00,2024-09-19 07:00:00,2024-09-19 07:00:00,731,1,,,not_applicable
2024-09-20 07:00:00,Decision Tree,7,1.0032802500150917,0.20352531366281687,2022-09-20 07:00:00,2024-09-20 07:00:00,2024-09-20 07:00:00,731,1,-0.42290985504429074,0.42290985504429074,"{'max_depth': None, 'min_samples_leaf': 1, 'min_samples_split': 20}"
2024-09-20 07:00:00,ARX,7,1.0032802500150917,0.13007411254372858,2022-09-20 07:00:00,2024-09-20 07:00:00,2024-09-20 07:00:00,731,1,-0.3032104293734177,0.3032104293734177,{'model__alpha': 0.01}
2024-09-20 07:00:00,Random Forest,7,1.0032802500150917,0.3713275000807206,2022-09-20 07:00:00,2024-09-20 07:00:00,2024-09-20 07:00:00,731,1,-0.28640559026943707,0.28640559026943707,"{'max_depth': 10, 'max_features': 0.5, 'min_samples_leaf': 2, 'n_estimators': 100}"
2024-09-20 07:00:00,Neural Network,7,1.0032802500150917,0.2353926870358339,2022-09-20 07:00:00,2024-09-20 07:00:00,2024-09-20 07:00:00,731,1,-0.35941423956503044,0.35941423956503044,"{'regressor__model__alpha': 0.0001, 'regressor__model__hidden_layer_sizes': (64, 32), 'regressor__model__learning_rate_init': 0.0001}"
2024-09-20 07:00:00,Naive,7,1.0032802500150917,1.0277435469727234,2022-09-20 07:00:00,2024-09-20 07:00:00,2024-09-20 07:00:00,731,1,,,not_applicable
2024-09-21 07:00:00,Decision Tree,7,0.13770013193492608,0.32691044468339026,2022-09-21 07:00:00,2024-09-21 07:00:00,2024-09-21 07:00:00,731,1,-0.42290985504429074,0.42290985504429074,"{'max_depth': None, 'min_samples_leaf': 1, 'min_samples_split': 20}"
2024-09-21 07:00:00,ARX,7,0.13770013193492608,0.017233747462995858,2022-09-21 07:00:00,2024-09-21 07:00:00,2024-09-21 07:00:00,731,1,-0.3032104293734177,0.3032104293734177,{'model__alpha': 0.01}
2024-09-21 07:00:00,Random Forest,7,0.13770013193492608,-0.19802022602218655,2022-09-21 07:00:00,2024-09-21 07:00:00,2024-09-21 07:00:00,731,1,-0.28640559026943707,0.28640559026943707,"{'max_depth': 10, 'max_features': 0.5, 'min_samples_leaf': 2, 'n_estimators': 100}"
2024-09-21 07:00:00,Neural Network,7,0.13770013193492608,0.28611359714970935,2022-09-21 07:00:00,2024-09-21 07:00:00,2024-09-21 07:00:00,731,1,-0.35941423956503044,0.35941423956503044,"{'regressor__model__alpha': 0.0001, 'regressor__model__hidden_layer_sizes': (64, 32), 'regressor__model__learning_rate_init': 0.0001}"
2024-09-21 07:00:00,Naive,7,0.13770013193492608,1.0032802500150917,2022-09-21 07:00:00,2024-09-21 07:00:00,2024-09-21 07:00:00,731,1,,,not_applicable
2024-09-22 07:00:00,Decision Tree,7,0.12854305888184622,-0.2537412866046654,2022-09-22 07:00:00,2024-09-22 07:00:00,2024-09-22 07:00:00,731,1,-0.42290985504429074,0.42290985504429074,"{'max_depth': None, 'min_samples_leaf': 1, 'min_samples_split': 20}"
2024-09-22 07:00:00,ARX,7,0.12854305888184622,-0.05058792145660792,2022-09-22 07:00:00,2024-09-22 07:00:00,2024-09-22 07:00:00,731,1,-0.3032104293734177,0.3032104293734177,{'model__alpha': 0.01}
2024-09-22 07:00:00,Random Forest,7,0.12854305888184622,-0.12150113034047903,2022-09-22 07:00:00,2024-09-22 07:00:00,2024-09-22 07:00:00,731,1,-0.28640559026943707,0.28640559026943707,"{'max_depth': 10, 'max_features': 0.5, 'min_samples_leaf': 2, 'n_estimators': 100}"
2024-09-22 07:00:00,Neural Network,7,0.12854305888184622,0.429546223338658,2022-09-22 07:00:00,2024-09-22 07:00:00,2024-09-22 07:00:00,731,1,-0.35941423956503044,0.35941423956503044,"{'regressor__model__alpha': 0.0001, 'regressor__model__hidden_layer_sizes': (64, 32), 'regressor__model__learning_rate_init': 0.0001}"
2024-09-22 07:00:00,Naive,7,0.12854305888184622,0.13770013193492608,2022-09-22 07:00:00,2024-09-22 07:00:00,2024-09-22 07:00:00,731,1,,,not_applicable
2024-09-23 07:00:00,Decision Tree,7,1.7119998818248627,0.8069357357757391,2022-09-23 07:00:00,2024-09-23 07:00:00,2024-09-23 07:00:00,731,1,-0.42290985504429074,0.42290985504429074,"{'max_depth': None, 'min_samples_leaf': 1, 'min_samples_split': 20}"
2024-09-23 07:00:00,ARX,7,1.7119998818248627,0.8425807626233093,2022-09-23 07:00:00,2024-09-23 07:00:00,2024-09-23 07:00:00,731,1,-0.3032104293734177,0.3032104293734177,{'model__alpha': 0.01}
2024-09-23 07:00:00,Random Forest,7,1.7119998818248627,0.7146342492595982,2022-09-23 07:00:00,2024-09-23 07:00:00,2024-09-23 07:00:00,731,1,-0.28640559026943707,0.28640559026943707,"{'max_depth': 10, 'max_features': 0.5, 'min_samples_leaf': 2, 'n_estimators': 100}"
2024-09-23 07:00:00,Neural Network,7,1.7119998818248627,0.9473264187370158,2022-09-23 07:00:00,2024-09-23 07:00:00,2024-09-23 07:00:00,731,1,-0.35941423956503044,0.35941423956503044,"{'regressor__model__alpha': 0.0001, 'regressor__model__hidden_layer_sizes': (64, 32), 'regressor__model__learning_rate_init': 0.0001}"
2024-09-23 07:00:00,Naive,7,1.7119998818248627,0.12854305888184622,2022-09-23 07:00:00,2024-09-23 07:00:00,2024-09-23 07:00:00,731,1,,,not_applicable
2024-09-24 07:00:00,Decision Tree,7,1.0182153492986772,0.5900011064097486,2022-09-24 07:00:00,2024-09-24 07:00:00,2024-09-24 07:00:00,731,1,-0.42290985504429074,0.42290985504429074,"{'max_depth': None, 'min_samples_leaf': 1, 'min_samples_split': 20}"
2024-09-24 07:00:00,ARX,7,1.0182153492986772,0.8417542422804546,2022-09-24 07:00:00,2024-09-24 07:00:00,2024-09-24 07:00:00,731,1,-0.3032104293734177,0.3032104293734177,{'model__alpha': 0.01}
2024-09-24 07:00:00,Random Forest,7,1.0182153492986772,0.936404196207119,2022-09-24 07:00:00,2024-09-24 07:00:00,2024-09-24 07:00:00,731,1,-0.28640559026943707,0.28640559026943707,"{'max_depth': 10, 'max_features': 0.5, 'min_samples_leaf': 2, 'n_estimators': 100}"
2024-09-24 07:00:00,Neural Network,7,1.0182153492986772,1.2671558381460941,2022-09-24 07:00:00,2024-09-24 07:00:00,2024-09-24 07:00:00,731,1,-0.35941423956503044,0.35941423956503044,"{'regressor__model__alpha': 0.0001, 'regressor__model__hidden_layer_sizes': (64, 32), 'regressor__model__learning_rate_init': 0.0001}"
2024-09-24 07:00:00,Naive,7,1.0182153492986772,1.7119998818248627,2022-09-24 07:00:00,2024-09-24 07:00:00,2024-09-24 07:00:00,731,1,,,not_applicable
2024-09-25 07:00:00,Decision Tree,7,-0.19003603093687182,-0.0770870038890211,2022-09-25 07:00:00,2024-09-25 07:00:00,2024-09-25 07:00:00,731,1,-0.42290985504429074,0.42290985504429074,"{'max_depth': None, 'min_samples_leaf': 1, 'min_samples_split': 20}"
2024-09-25 07:00:00,ARX,7,-0.19003603093687182,0.10196599501943088,2022-09-25 07:00:00,2024-09-25 07:00:00,2024-09-25 07:00:00,731,1,-0.3032104293734177,0.3032104293734177,{'model__alpha': 0.01}
2024-09-25 07:00:00,Random Forest,7,-0.19003603093687182,0.27150174624040363,2022-09-25 07:00:00,2024-09-25 07:00:00,2024-09-25 07:00:00,731,1,-0.28640559026943707,0.28640559026943707,"{'max_depth': 10, 'max_features': 0.5, 'min_samples_leaf': 2, 'n_estimators': 100}"
2024-09-25 07:00:00,Neural Network,7,-0.19003603093687182,0.7415848831064555,2022-09-25 07:00:00,2024-09-25 07:00:00,2024-09-25 07:00:00,731,1,-0.35941423956503044,0.35941423956503044,"{'regressor__model__alpha': 0.0001, 'regressor__model__hidden_layer_sizes': (64, 32), 'regressor__model__learning_rate_init': 0.0001}"
2024-09-25 07:00:00,Naive,7,-0.19003603093687182,1.0182153492986772,2022-09-25 07:00:00,2024-09-25 07:00:00,2024-09-25 07:00:00,731,1,,,not_applicable
2024-09-26 07:00:00,Decision Tree,7,-0.15403130382779265,-0.4125562507023399,2022-09-26 07:00:00,2024-09-26 07:00:00,2024-09-26 07:00:00,731,1,-0.42290985504429074,0.42290985504429074,"{'max_depth': None, 'min_samples_leaf': 1, 'min_samples_split': 20}"
2024-09-26 07:00:00,ARX,7,-0.15403130382779265,0.21642745148015594,2022-09-26 07:00:00,2024-09-26 07:00:00,2024-09-26 07:00:00,731,1,-0.3032104293734177,0.3032104293734177,{'model__alpha': 0.01}
2024-09-26 07:00:00,Random Forest,7,-0.15403130382779265,-0.16022685845057086,2022-09-26 07:00:00,2024-09-26 07:00:00,2024-09-26 07:00:00,731,1,-0.28640559026943707,0.28640559026943707,"{'max_depth': 10, 'max_features': 0.5, 'min_samples_leaf': 2, 'n_estimators': 100}"
2024-09-26 07:00:00,Neural Network,7,-0.15403130382779265,0.40189980301974865,2022-09-26 07:00:00,2024-09-26 07:00:00,2024-09-26 07:00:00,731,1,-0.35941423956503044,0.35941423956503044,"{'regressor__model__alpha': 0.0001, 'regressor__model__hidden_layer_sizes': (64, 32), 'regressor__model__learning_rate_init': 0.0001}"
2024-09-26 07:00:00,Naive,7,-0.15403130382779265,-0.19003603093687182,2022-09-26 07:00:00,2024-09-26 07:00:00,2024-09-26 07:00:00,731,1,,,not_applicable
2024-09-27 07:00:00,Decision Tree,7,-1.2397143185296757,-1.0657454388098144,2022-09-27 07:00:00,2024-09-27 07:00:00,2024-09-27 07:00:00,731,1,-0.42290985504429074,0.42290985504429074,"{'max_depth': None, 'min_samples_leaf': 1, 'min_samples_split': 20}"
2024-09-27 07:00:00,ARX,7,-1.2397143185296757,-0.5661179956264986,2022-09-27 07:00:00,2024-09-27 07:00:00,2024-09-27 07:00:00,731,1,-0.3032104293734177,0.3032104293734177,{'model__alpha': 0.01}
2024-09-27 07:00:00,Random Forest,7,-1.2397143185296757,-0.6537598171918891,2022-09-27 07:00:00,2024-09-27 07:00:00,2024-09-27 07:00:00,731,1,-0.28640559026943707,0.28640559026943707,"{'max_depth': 10, 'max_features': 0.5, 'min_samples_leaf': 2, 'n_estimators': 100}"
2024-09-27 07:00:00,Neural Network,7,-1.2397143185296757,-0.28024278021295723,2022-09-27 07:00:00,2024-09-27 07:00:00,2024-09-27 07:00:00,731,1,-0.35941423956503044,0.35941423956503044,"{'regressor__model__alpha': 0.0001, 'regressor__model__hidden_layer_sizes': (64, 32), 'regressor__model__learning_rate_init': 0.0001}"
2024-09-27 07:00:00,Naive,7,-1.2397143185296757,-0.15403130382779265,2022-09-27 07:00:00,2024-09-27 07:00:00,2024-09-27 07:00:00,731,1,,,not_applicable
2024-09-28 07:00:00,Decision Tree,7,-1.28368196881375,-0.3708024983853276,2022-09-28 07:00:00,2024-09-28 07:00:00,2024-09-28 07:00:00,731,1,-0.42290985504429074,0.42290985504429074,"{'max_depth': None, 'min_samples_leaf': 1, 'min_samples_split': 20}"
2024-09-28 07:00:00,ARX,7,-1.28368196881375,-0.8865916344916169,2022-09-28 07:00:00,2024-09-28 07:00:00,2024-09-28 07:00:00,731,1,-0.3032104293734177,0.3032104293734177,{'model__alpha': 0.01}
2024-09-28 07:00:00,Random Forest,7,-1.28368196881375,-0.886299438919102,2022-09-28 07:00:00,2024-09-28 07:00:00,2024-09-28 07:00:00,731,1,-0.28640559026943707,0.28640559026943707,"{'max_depth': 10, 'max_features': 0.5, 'min_samples_leaf': 2, 'n_estimators': 100}"
2024-09-28 07:00:00,Neural Network,7,-1.28368196881375,-1.106260259559991,2022-09-28 07:00:00,2024-09-28 07:00:00,2024-09-28 07:00:00,731,1,-0.35941423956503044,0.35941423956503044,"{'regressor__model__alpha': 0.0001, 'regressor__model__hidden_layer_sizes': (64, 32), 'regressor__model__learning_rate_init': 0.0001}"
2024-09-28 07:00:00,Naive,7,-1.28368196881375,-1.2397143185296757,2022-09-28 07:00:00,2024-09-28 07:00:00,2024-09-28 07:00:00,731,1,,,not_applicable
2024-09-29 07:00:00,Decision Tree,7,0.16330584367267617,-0.2217202136689771,2022-09-29 07:00:00,2024-09-29 07:00:00,2024-09-29 07:00:00,731,1,-0.42290985504429074,0.42290985504429074,"{'max_depth': None, 'min_samples_leaf': 1, 'min_samples_split': 20}"
2024-09-29 07:00:00,ARX,7,0.16330584367267617,-0.366067144938575,2022-09-29 07:00:00,2024-09-29 07:00:00,2024-09-29 07:00:00,731,1,-0.3032104293734177,0.3032104293734177,{'model__alpha': 0.01}
2024-09-29 07:00:00,Random Forest,7,0.16330584367267617,-0.5416891792974459,2022-09-29 07:00:00,2024-09-29 07:00:00,2024-09-29 07:00:00,731,1,-0.28640559026943707,0.28640559026943707,"{'max_depth': 10, 'max_features': 0.5, 'min_samples_leaf': 2, 'n_estimators': 100}"
2024-09-29 07:00:00,Neural Network,7,0.16330584367267617,0.2084322608618988,2022-09-29 07:00:00,2024-09-29 07:00:00,2024-09-29 07:00:00,731,1,-0.35941423956503044,0.35941423956503044,"{'regressor__model__alpha': 0.0001, 'regressor__model__hidden_layer_sizes': (64, 32), 'regressor__model__learning_rate_init': 0.0001}"
2024-09-29 07:00:00,Naive,7,0.16330584367267617,-1.28368196881375,2022-09-29 07:00:00,2024-09-29 07:00:00,2024-09-29 07:00:00,731,1,,,not_applicable
2024-09-30 07:00:00,Decision Tree,7,-0.016193838308398403,0.3272968682921233,2022-09-30 07:00:00,2024-09-30 07:00:00,2024-09-30 07:00:00,731,1,-0.42290985504429074,0.42290985504429074,"{'max_depth': None, 'min_samples_leaf': 1, 'min_samples_split': 20}"
2024-09-30 07:00:00,ARX,7,-0.016193838308398403,-0.14655438828331124,2022-09-30 07:00:00,2024-09-30 07:00:00,2024-09-30 07:00:00,731,1,-0.3032104293734177,0.3032104293734177,{'model__alpha': 0.01}
2024-09-30 07:00:00,Random Forest,7,-0.016193838308398403,-0.07473321229574566,2022-09-30 07:00:00,2024-09-30 07:00:00,2024-09-30 07:00:00,731,1,-0.28640559026943707,0.28640559026943707,"{'max_depth': 10, 'max_features': 0.5, 'min_samples_leaf': 2, 'n_estimators': 100}"
2024-09-30 07:00:00,Neural Network,7,-0.016193838308398403,-0.17865292742167868,2022-09-30 07:00:00,2024-09-30 07:00:00,2024-09-30 07:00:00,731,1,-0.35941423956503044,0.35941423956503044,"{'regressor__model__alpha': 0.0001, 'regressor__model__hidden_layer_sizes': (64, 32), 'regressor__model__learning_rate_init': 0.0001}"
2024-09-30 07:00:00,Naive,7,-0.016193838308398403,0.16330584367267617,2022-09-30 07:00:00,2024-09-30 07:00:00,2024-09-30 07:00:00,731,1,,,not_applicable
2024-10-01 07:00:00,Decision Tree,7,0.29294935771088226,0.019557415918869187,2022-10-01 07:00:00,2024-10-01 07:00:00,2024-10-01 07:00:00,731,1,-0.42290985504429074,0.42290985504429074,"{'max_depth': None, 'min_samples_leaf': 1, 'min_samples_split': 20}"
2024-10-01 07:00:00,ARX,7,0.29294935771088226,-0.31872937915985433,2022-10-01 07:00:00,2024-10-01 07:00:00,2024-10-01 07:00:00,731,1,-0.3032104293734177,0.3032104293734177,{'model__alpha': 0.01}
2024-10-01 07:00:00,Random Forest,7,0.29294935771088226,-0.31950242089109243,2022-10-01 07:00:00,2024-10-01 07:00:00,2024-10-01 07:00:00,731,1,-0.28640559026943707,0.28640559026943707,"{'max_depth': 10, 'max_features': 0.5, 'min_samples_leaf': 2, 'n_estimators': 100}"
2024-10-01 07:00:00,Neural Network,7,0.29294935771088226,0.023599236871174684,2022-10-01 07:00:00,2024-10-01 07:00:00,2024-10-01 07:00:00,731,1,-0.35941423956503044,0.35941423956503044,"{'regressor__model__alpha': 0.0001, 'regressor__model__hidden_layer_sizes': (64, 32), 'regressor__model__learning_rate_init': 0.0001}"
2024-10-01 07:00:00,Naive,7,0.29294935771088226,-0.016193838308398403,2022-10-01 07:00:00,2024-10-01 07:00:00,2024-10-01 07:00:00,731,1,,,not_applicable
2024-10-02 07:00:00,Decision Tree,7,0.6288362690955824,1.0554906936682429,2022-10-02 07:00:00,2024-10-02 07:00:00,2024-10-02 07:00:00,731,1,-0.42290985504429074,0.42290985504429074,"{'max_depth': None, 'min_samples_leaf': 1, 'min_samples_split': 20}"
2024-10-02 07:00:00,ARX,7,0.6288362690955824,0.41300849320053895,2022-10-02 07:00:00,2024-10-02 07:00:00,2024-10-02 07:00:00,731,1,-0.3032104293734177,0.3032104293734177,{'model__alpha': 0.01}
2024-10-02 07:00:00,Random Forest,7,0.6288362690955824,0.5447715198647552,2022-10-02 07:00:00,2024-10-02 07:00:00,2024-10-02 07:00:00,731,1,-0.28640559026943707,0.28640559026943707,"{'max_depth': 10, 'max_features': 0.5, 'min_samples_leaf': 2, 'n_estimators': 100}"
2024-10-02 07:00:00,Neural Network,7,0.6288362690955824,0.6918370997200023,2022-10-02 07:00:00,2024-10-02 07:00:00,2024-10-02 07:00:00,731,1,-0.35941423956503044,0.35941423956503044,"{'regressor__model__alpha': 0.0001, 'regressor__model__hidden_layer_sizes': (64, 32), 'regressor__model__learning_rate_init': 0.0001}"
2024-10-02 07:00:00,Naive,7,0.6288362690955824,0.29294935771088226,2022-10-02 07:00:00,2024-10-02 07:00:00,2024-10-02 07:00:00,731,1,,,not_applicable
2024-10-03 07:00:00,Decision Tree,7,-0.4151752093276436,0.38538485068151546,2022-10-03 07:00:00,2024-10-03 07:00:00,2024-10-03 07:00:00,731,1,-0.42290985504429074,0.42290985504429074,"{'max_depth': None, 'min_samples_leaf': 1, 'min_samples_split': 20}"
2024-10-03 07:00:00,ARX,7,-0.4151752093276436,-0.172060173004547,2022-10-03 07:00:00,2024-10-03 07:00:00,2024-10-03 07:00:00,731,1,-0.3032104293734177,0.3032104293734177,{'model__alpha': 0.01}
2024-10-03 07:00:00,Random Forest,7,-0.4151752093276436,-0.19923498939823017,2022-10-03 07:00:00,2024-10-03 07:00:00,2024-10-03 07:00:00,731,1,-0.28640559026943707,0.28640559026943707,"{'max_depth': 10, 'max_features': 0.5, 'min_samples_leaf': 2, 'n_estimators': 100}"
2024-10-03 07:00:00,Neural Network,7,-0.4151752093276436,0.06682754059246154,2022-10-03 07:00:00,2024-10-03 07:00:00,2024-10-03 07:00:00,731,1,-0.35941423956503044,0.35941423956503044,"{'regressor__model__alpha': 0.0001, 'regressor__model__hidden_layer_sizes': (64, 32), 'regressor__model__learning_rate_init': 0.0001}"
2024-10-03 07:00:00,Naive,7,-0.4151752093276436,0.6288362690955824,2022-10-03 07:00:00,2024-10-03 07:00:00,2024-10-03 07:00:00,731,1,,,not_applicable
2024-10-04 07:00:00,Decision Tree,7,0.7839609082145695,-0.1265290478562721,2022-10-04 07:00:00,2024-10-04 07:00:00,2024-10-04 07:00:00,731,1,-0.42290985504429074,0.42290985504429074,"{'max_depth': None, 'min_samples_leaf': 1, 'min_samples_split': 20}"
2024-10-04 07:00:00,ARX,7,0.7839609082145695,0.1339191700366008,2022-10-04 07:00:00,2024-10-04 07:00:00,2024-10-04 07:00:00,731,1,-0.3032104293734177,0.3032104293734177,{'model__alpha': 0.01}
2024-10-04 07:00:00,Random Forest,7,0.7839609082145695,0.3737995733771331,2022-10-04 07:00:00,2024-10-04 07:00:00,2024-10-04 07:00:00,731,1,-0.28640559026943707,0.28640559026943707,"{'max_depth': 10, 'max_features': 0.5, 'min_samples_leaf': 2, 'n_estimators': 100}"
2024-10-04 07:00:00,Neural Network,7,0.7839609082145695,0.4122695974400818,2022-10-04 07:00:00,2024-10-04 07:00:00,2024-10-04 07:00:00,731,1,-0.35941423956503044,0.35941423956503044,"{'regressor__model__alpha': 0.0001, 'regressor__model__hidden_layer_sizes': (64, 32), 'regressor__model__learning_rate_init': 0.0001}"
2024-10-04 07:00:00,Naive,7,0.7839609082145695,-0.4151752093276436,2022-10-04 07:00:00,2024-10-04 07:00:00,2024-10-04 07:00:00,731,1,,,not_applicable
2024-10-05 07:00:00,Decision Tree,7,0.22943076059502798,-0.06558582235420803,2022-10-05 07:00:00,2024-10-05 07:00:00,2024-10-05 07:00:00,731,1,-0.42290985504429074,0.42290985504429074,"{'max_depth': None, 'min_samples_leaf': 1, 'min_samples_split': 20}"
2024-10-05 07:00:00,ARX,7,0.22943076059502798,0.25399056622025745,2022-10-05 07:00:00,2024-10-05 07:00:00,2024-10-05 07:00:00,731,1,-0.3032104293734177,0.3032104293734177,{'model__alpha': 0.01}
2024-10-05 07:00:00,Random Forest,7,0.22943076059502798,0.2515282738921337,2022-10-05 07:00:00,2024-10-05 07:00:00,2024-10-05 07:00:00,731,1,-0.28640559026943707,0.28640559026943707,"{'max_depth': 10, 'max_features': 0.5, 'min_samples_leaf': 2, 'n_estimators': 100}"
2024-10-05 07:00:00,Neural Network,7,0.22943076059502798,0.32631358829072715,2022-10-05 07:00:00,2024-10-05 07:00:00,2024-10-05 07:00:00,731,1,-0.35941423956503044,0.35941423956503044,"{'regressor__model__alpha': 0.0001, 'regressor__model__hidden_layer_sizes': (64, 32), 'regressor__model__learning_rate_init': 0.0001}"
2024-10-05 07:00:00,Naive,7,0.22943076059502798,0.7839609082145695,2022-10-05 07:00:00,2024-10-05 07:00:00,2024-10-05 07:00:00,731,1,,,not_applicable
2024-10-06 07:00:00,Decision Tree,7,-0.42838182472501013,-0.960645608680755,2022-10-06 07:00:00,2024-10-06 07:00:00,2024-10-06 07:00:00,731,1,-0.42290985504429074,0.42290985504429074,"{'max_depth': None, 'min_samples_leaf': 1, 'min_samples_split': 20}"
2024-10-06 07:00:00,ARX,7,-0.42838182472501013,-0.30310140359806104,2022-10-06 07:00:00,2024-10-06 07:00:00,2024-10-06 07:00:00,731,1,-0.3032104293734177,0.3032104293734177,{'model__alpha': 0.01}
2024-10-06 07:00:00,Random Forest,7,-0.42838182472501013,-0.3799123782808158,2022-10-06 07:00:00,2024-10-06 07:00:00,2024-10-06 07:00:00,731,1,-0.28640559026943707,0.28640559026943707,"{'max_depth': 10, 'max_features': 0.5, 'min_samples_leaf': 2, 'n_estimators': 100}"
2024-10-06 07:00:00,Neural Network,7,-0.42838182472501013,-0.06629438644401868,2022-10-06 07:00:00,2024-10-06 07:00:00,2024-10-06 07:00:00,731,1,-0.35941423956503044,0.35941423956503044,"{'regressor__model__alpha': 0.0001, 'regressor__model__hidden_layer_sizes': (64, 32), 'regressor__model__learning_rate_init': 0.0001}"
2024-10-06 07:00:00,Naive,7,-0.42838182472501013,0.22943076059502798,2022-10-06 07:00:00,2024-10-06 07:00:00,2024-10-06 07:00:00,731,1,,,not_applicable
2024-10-07 07:00:00,Decision Tree,7,0.2447088324261386,0.17483377251303514,2022-10-07 07:00:00,2024-10-07 07:00:00,2024-10-07 07:00:00,731,1,-0.42290985504429074,0.42290985504429074,"{'max_depth': None, 'min_samples_leaf': 1, 'min_samples_split': 20}"
2024-10-07 07:00:00,ARX,7,0.2447088324261386,-0.10103132250280748,2022-10-07 07:00:00,2024-10-07 07:00:00,2024-10-07 07:00:00,731,1,-0.3032104293734177,0.3032104293734177,{'model__alpha': 0.01}
2024-10-07 07:00:00,Random Forest,7,0.2447088324261386,-0.3657964281110764,2022-10-07 07:00:00,2024-10-07 07:00:00,2024-10-07 07:00:00,731,1,-0.28640559026943707,0.28640559026943707,"{'max_depth': 10, 'max_features': 0.5, 'min_samples_leaf': 2, 'n_estimators': 100}"
2024-10-07 07:00:00,Neural Network,7,0.2447088324261386,0.09050860929322344,2022-10-07 07:00:00,2024-10-07 07:00:00,2024-10-07 07:00:00,731,1,-0.35941423956503044,0.35941423956503044,"{'regressor__model__alpha': 0.0001, 'regressor__model__hidden_layer_sizes': (64, 32), 'regressor__model__learning_rate_init': 0.0001}"
2024-10-07 07:00:00,Naive,7,0.2447088324261386,-0.42838182472501013,2022-10-07 07:00:00,2024-10-07 07:00:00,2024-10-07 07:00:00,731,1,,,not_applicable
2024-10-08 07:00:00,Decision Tree,7,0.4624306658131059,0.06118468649251626,2022-10-08 07:00:00,2024-10-08 07:00:00,2024-10-08 07:00:00,731,1,-0.42290985504429074,0.42290985504429074,"{'max_depth': None, 'min_samples_leaf': 1, 'min_samples_split': 20}"
2024-10-08 07:00:00,ARX,7,0.4624306658131059,0.49617585070447756,2022-10-08 07:00:00,2024-10-08 07:00:00,2024-10-08 07:00:00,731,1,-0.3032104293734177,0.3032104293734177,{'model__alpha': 0.01}
2024-10-08 07:00:00,Random Forest,7,0.4624306658131059,0.6624853045459115,2022-10-08 07:00:00,2024-10-08 07:00:00,2024-10-08 07:00:00,731,1,-0.28640559026943707,0.28640559026943707,"{'max_depth': 10, 'max_features': 0.5, 'min_samples_leaf': 2, 'n_estimators': 100}"
2024-10-08 07:00:00,Neural Network,7,0.4624306658131059,0.612695652821404,2022-10-08 07:00:00,2024-10-08 07:00:00,2024-10-08 07:00:00,731,1,-0.35941423956503044,0.35941423956503044,"{'regressor__model__alpha': 0.0001, 'regressor__model__hidden_layer_sizes': (64, 32), 'regressor__model__learning_rate_init': 0.0001}"
2024-10-08 07:00:00,Naive,7,0.4624306658131059,0.2447088324261386,2022-10-08 07:00:00,2024-10-08 07:00:00,2024-10-08 07:00:00,731,1,,,not_applicable
2024-10-09 07:00:00,Decision Tree,7,0.4833344112280683,-0.18194142013710224,2022-10-09 07:00:00,2024-10-09 07:00:00,2024-10-09 07:00:00,731,1,-0.42290985504429074,0.42290985504429074,"{'max_depth': None, 'min_samples_leaf': 1, 'min_samples_split': 20}"
2024-10-09 07:00:00,ARX,7,0.4833344112280683,0.2768265033572459,2022-10-09 07:00:00,2024-10-09 07:00:00,2024-10-09 07:00:00,731,1,-0.3032104293734177,0.3032104293734177,{'model__alpha': 0.01}
2024-10-09 07:00:00,Random Forest,7,0.4833344112280683,0.1961725533566546,2022-10-09 07:00:00,2024-10-09 07:00:00,2024-10-09 07:00:00,731,1,-0.28640559026943707,0.28640559026943707,"{'max_depth': 10, 'max_features': 0.5, 'min_samples_leaf': 2, 'n_estimators': 100}"
2024-10-09 07:00:00,Neural Network,7,0.4833344112280683,0.11116036431321495,2022-10-09 07:00:00,2024-10-09 07:00:00,2024-10-09 07:00:00,731,1,-0.35941423956503044,0.35941423956503044,"{'regressor__model__alpha': 0.0001, 'regressor__model__hidden_layer_sizes': (64, 32), 'regressor__model__learning_rate_init': 0.0001}"
2024-10-09 07:00:00,Naive,7,0.4833344112280683,0.4624306658131059,2022-10-09 07:00:00,2024-10-09 07:00:00,2024-10-09 07:00:00,731,1,,,not_applicable
2024-10-10 07:00:00,Decision Tree,7,-0.14098764418899803,0.6692908620298352,2022-10-10 07:00:00,2024-10-10 07:00:00,2024-10-10 07:00:00,731,1,-0.42290985504429074,0.42290985504429074,"{'max_depth': None, 'min_samples_leaf': 1, 'min_samples_split': 20}"
2024-10-10 07:00:00,ARX,7,-0.14098764418899803,0.05220266680161573,2022-10-10 07:00:00,2024-10-10 07:00:00,2024-10-10 07:00:00,731,1,-0.3032104293734177,0.3032104293734177,{'model__alpha': 0.01}
2024-10-10 07:00:00,Random Forest,7,-0.14098764418899803,-0.02806578665689329,2022-10-10 07:00:00,2024-10-10 07:00:00,2024-10-10 07:00:00,731,1,-0.28640559026943707,0.28640559026943707,"{'max_depth': 10, 'max_features': 0.5, 'min_samples_leaf': 2, 'n_estimators': 100}"
2024-10-10 07:00:00,Neural Network,7,-0.14098764418899803,0.4253268633276327,2022-10-10 07:00:00,2024-10-10 07:00:00,2024-10-10 07:00:00,731,1,-0.35941423956503044,0.35941423956503044,"{'regressor__model__alpha': 0.0001, 'regressor__model__hidden_layer_sizes': (64, 32), 'regressor__model__learning_rate_init': 0.0001}"
2024-10-10 07:00:00,Naive,7,-0.14098764418899803,0.4833344112280683,2022-10-10 07:00:00,2024-10-10 07:00:00,2024-10-10 07:00:00,731,1,,,not_applicable
2024-10-11 07:00:00,Decision Tree,7,1.0328302105289726,-0.03925149752997958,2022-10-11 07:00:00,2024-10-11 07:00:00,2024-10-11 07:00:00,731,1,-0.42290985504429074,0.42290985504429074,"{'max_depth': None, 'min_samples_leaf': 1, 'min_samples_split': 20}"
2024-10-11 07:00:00,ARX,7,1.0328302105289726,0.30590733756420596,2022-10-11 07:00:00,2024-10-11 07:00:00,2024-10-11 07:00:00,731,1,-0.3032104293734177,0.3032104293734177,{'model__alpha': 0.01}
2024-10-11 07:00:00,Random Forest,7,1.0328302105289726,0.257495065386691,2022-10-11 07:00:00,2024-10-11 07:00:00,2024-10-11 07:00:00,731,1,-0.28640559026943707,0.28640559026943707,"{'max_depth': 10, 'max_features': 0.5, 'min_samples_leaf': 2, 'n_estimators': 100}"
2024-10-11 07:00:00,Neural Network,7,1.0328302105289726,0.24196031889560876,2022-10-11 07:00:00,2024-10-11 07:00:00,2024-10-11 07:00:00,731,1,-0.35941423956503044,0.35941423956503044,"{'regressor__model__alpha': 0.0001, 'regressor__model__hidden_layer_sizes': (64, 32), 'regressor__model__learning_rate_init': 0.0001}"
2024-10-11 07:00:00,Naive,7,1.0328302105289726,-0.14098764418899803,2022-10-11 07:00:00,2024-10-11 07:00:00,2024-10-11 07:00:00,731,1,,,not_applicable
2024-10-12 07:00:00,Decision Tree,7,-0.5123484939845313,-0.29980536452885714,2022-10-12 07:00:00,2024-10-12 07:00:00,2024-10-12 07:00:00,731,1,-0.42290985504429074,0.42290985504429074,"{'max_depth': None, 'min_samples_leaf': 1, 'min_samples_split': 20}"
2024-10-12 07:00:00,ARX,7,-0.5123484939845313,0.11258173831140586,2022-10-12 07:00:00,2024-10-12 07:00:00,2024-10-12 07:00:00,731,1,-0.3032104293734177,0.3032104293734177,{'model__alpha': 0.01}
2024-10-12 07:00:00,Random Forest,7,-0.5123484939845313,0.2933217940649662,2022-10-12 07:00:00,2024-10-12 07:00:00,2024-10-12 07:00:00,731,1,-0.28640559026943707,0.28640559026943707,"{'max_depth': 10, 'max_features': 0.5, 'min_samples_leaf': 2, 'n_estimators': 100}"
2024-10-12 07:00:00,Neural Network,7,-0.5123484939845313,-0.12571912962414772,2022-10-12 07:00:00,2024-10-12 07:00:00,2024-10-12 07:00:00,731,1,-0.35941423956503044,0.35941423956503044,"{'regressor__model__alpha': 0.0001, 'regressor__model__hidden_layer_sizes': (64, 32), 'regressor__model__learning_rate_init': 0.0001}"
2024-10-12 07:00:00,Naive,7,-0.5123484939845313,1.0328302105289726,2022-10-12 07:00:00,2024-10-12 07:00:00,2024-10-12 07:00:00,731,1,,,not_applicable
2024-10-13 07:00:00,Decision Tree,7,-1.5428369960531212,-0.7772993462751561,2022-10-13 07:00:00,2024-10-13 07:00:00,2024-10-13 07:00:00,731,1,-0.42290985504429074,0.42290985504429074,"{'max_depth': None, 'min_samples_leaf': 1, 'min_samples_split': 20}"
2024-10-13 07:00:00,ARX,7,-1.5428369960531212,-1.167766083598344,2022-10-13 07:00:00,2024-10-13 07:00:00,2024-10-13 07:00:00,731,1,-0.3032104293734177,0.3032104293734177,{'model__alpha': 0.01}
2024-10-13 07:00:00,Random Forest,7,-1.5428369960531212,-1.1222894226915292,2022-10-13 07:00:00,2024-10-13 07:00:00,2024-10-13 07:00:00,731,1,-0.28640559026943707,0.28640559026943707,"{'max_depth': 10, 'max_features': 0.5, 'min_samples_leaf': 2, 'n_estimators': 100}"
2024-10-13 07:00:00,Neural Network,7,-1.5428369960531212,-0.668155836722283,2022-10-13 07:00:00,2024-10-13 07:00:00,2024-10-13 07:00:00,731,1,-0.35941423956503044,0.35941423956503044,"{'regressor__model__alpha': 0.0001, 'regressor__model__hidden_layer_sizes': (64, 32), 'regressor__model__learning_rate_init': 0.0001}"
2024-10-13 07:00:00,Naive,7,-1.5428369960531212,-0.5123484939845313,2022-10-13 07:00:00,2024-10-13 07:00:00,2024-10-13 07:00:00,731,1,,,not_applicable
2024-10-14 07:00:00,Decision Tree,7,0.9207097900758073,-0.5312438473837902,2022-10-14 07:00:00,2024-10-14 07:00:00,2024-10-14 07:00:00,731,1,-0.42290985504429074,0.42290985504429074,"{'max_depth': None, 'min_samples_leaf': 1, 'min_samples_split': 20}"
2024-10-14 07:00:00,ARX,7,0.9207097900758073,0.07598172675211358,2022-10-14 07:00:00,2024-10-14 07:00:00,2024-10-14 07:00:00,731,1,-0.3032104293734177,0.3032104293734177,{'model__alpha': 0.01}
2024-10-14 07:00:00,Random Forest,7,0.9207097900758073,0.07127965272202838,2022-10-14 07:00:00,2024-10-14 07:00:00,2024-10-14 07:00:00,731,1,-0.28640559026943707,0.28640559026943707,"{'max_depth': 10, 'max_features': 0.5, 'min_samples_leaf': 2, 'n_estimators': 100}"
2024-10-14 07:00:00,Neural Network,7,0.9207097900758073,0.6761212386869087,2022-10-14 07:00:00,2024-10-14 07:00:00,2024-10-14 07:00:00,731,1,-0.35941423956503044,0.35941423956503044,"{'regressor__model__alpha': 0.0001, 'regressor__model__hidden_layer_sizes': (64, 32), 'regressor__model__learning_rate_init': 0.0001}"
2024-10-14 07:00:00,Naive,7,0.9207097900758073,-1.5428369960531212,2022-10-14 07:00:00,2024-10-14 07:00:00,2024-10-14 07:00:00,731,1,,,not_applicable
2024-10-15 07:00:00,Decision Tree,7,1.5950932122069426,0.9913358509447985,2022-10-15 07:00:00,2024-10-15 07:00:00,2024-10-15 07:00:00,731,1,-0.42290985504429074,0.42290985504429074,"{'max_depth': None, 'min_samples_leaf': 1, 'min_samples_split': 20}"
2024-10-15 07:00:00,ARX,7,1.5950932122069426,0.8589989070179901,2022-10-15 07:00:00,2024-10-15 07:00:00,2024-10-15 07:00:00,731,1,-0.3032104293734177,0.3032104293734177,{'model__alpha': 0.01}
2024-10-15 07:00:00,Random Forest,7,1.5950932122069426,0.8379847747030352,2022-10-15 07:00:00,2024-10-15 07:00:00,2024-10-15 07:00:00,731,1,-0.28640559026943707,0.28640559026943707,"{'max_depth': 10, 'max_features': 0.5, 'min_samples_leaf': 2, 'n_estimators': 100}"
2024-10-15 07:00:00,Neural Network,7,1.5950932122069426,0.5034216797806501,2022-10-15 07:00:00,2024-10-15 07:00:00,2024-10-15 07:00:00,731,1,-0.35941423956503044,0.35941423956503044,"{'regressor__model__alpha': 0.0001, 'regressor__model__hidden_layer_sizes': (64, 32), 'regressor__model__learning_rate_init': 0.0001}"
2024-10-15 07:00:00,Naive,7,1.5950932122069426,0.9207097900758073,2022-10-15 07:00:00,2024-10-15 07:00:00,2024-10-15 07:00:00,731,1,,,not_applicable
2024-10-16 07:00:00,Decision Tree,7,-0.5397258306807647,-0.5255291199545804,2022-10-16 07:00:00,2024-10-16 07:00:00,2024-10-16 07:00:00,731,1,-0.42290985504429074,0.42290985504429074,"{'max_depth': None, 'min_samples_leaf': 1, 'min_samples_split': 20}"
2024-10-16 07:00:00,ARX,7,-0.5397258306807647,-0.2726448258212686,2022-10-16 07:00:00,2024-10-16 07:00:00,2024-10-16 07:00:00,731,1,-0.3032104293734177,0.3032104293734177,{'model__alpha': 0.01}
2024-10-16 07:00:00,Random Forest,7,-0.5397258306807647,-0.2441128532337734,2022-10-16 07:00:00,2024-10-16 07:00:00,2024-10-16 07:00:00,731,1,-0.28640559026943707,0.28640559026943707,"{'max_depth': 10, 'max_features': 0.5, 'min_samples_leaf': 2, 'n_estimators': 100}"
2024-10-16 07:00:00,Neural Network,7,-0.5397258306807647,-0.13051877990444555,2022-10-16 07:00:00,2024-10-16 07:00:00,2024-10-16 07:00:00,731,1,-0.35941423956503044,0.35941423956503044,"{'regressor__model__alpha': 0.0001, 'regressor__model__hidden_layer_sizes': (64, 32), 'regressor__model__learning_rate_init': 0.0001}"
2024-10-16 07:00:00,Naive,7,-0.5397258306807647,1.5950932122069426,2022-10-16 07:00:00,2024-10-16 07:00:00,2024-10-16 07:00:00,731,1,,,not_applicable
2024-10-17 07:00:00,Decision Tree,7,0.27770283055263734,0.07845910789738804,2022-10-17 07:00:00,2024-10-17 07:00:00,2024-10-17 07:00:00,731,1,-0.42290985504429074,0.42290985504429074,"{'max_depth': None, 'min_samples_leaf': 1, 'min_samples_split': 20}"
2024-10-17 07:00:00,ARX,7,0.27770283055263734,-0.264984388249995,2022-10-17 07:00:00,2024-10-17 07:00:00,2024-10-17 07:00:00,731,1,-0.3032104293734177,0.3032104293734177,{'model__alpha': 0.01}
2024-10-17 07:00:00,Random Forest,7,0.27770283055263734,-0.0629942823327052,2022-10-17 07:00:00,2024-10-17 07:00:00,2024-10-17 07:00:00,731,1,-0.28640559026943707,0.28640559026943707,"{'max_depth': 10, 'max_features': 0.5, 'min_samples_leaf': 2, 'n_estimators': 100}"
2024-10-17 07:00:00,Neural Network,7,0.27770283055263734,0.2787942491255267,2022-10-17 07:00:00,2024-10-17 07:00:00,2024-10-17 07:00:00,731,1,-0.35941423956503044,0.35941423956503044,"{'regressor__model__alpha': 0.0001, 'regressor__model__hidden_layer_sizes': (64, 32), 'regressor__model__learning_rate_init': 0.0001}"
2024-10-17 07:00:00,Naive,7,0.27770283055263734,-0.5397258306807647,2022-10-17 07:00:00,2024-10-17 07:00:00,2024-10-17 07:00:00,731,1,,,not_applicable
2024-10-18 07:00:00,Decision Tree,7,1.1878581875930503,0.6488635576149627,2022-10-18 07:00:00,2024-10-18 07:00:00,2024-10-18 07:00:00,731,1,-0.42290985504429074,0.42290985504429074,"{'max_depth': None, 'min_samples_leaf': 1, 'min_samples_split': 20}"
2024-10-18 07:00:00,ARX,7,1.1878581875930503,0.6147251873992047,2022-10-18 07:00:00,2024-10-18 07:00:00,2024-10-18 07:00:00,731,1,-0.3032104293734177,0.3032104293734177,{'model__alpha': 0.01}
2024-10-18 07:00:00,Random Forest,7,1.1878581875930503,0.7604697976567641,2022-10-18 07:00:00,2024-10-18 07:00:00,2024-10-18 07:00:00,731,1,-0.28640559026943707,0.28640559026943707,"{'max_depth': 10, 'max_features': 0.5, 'min_samples_leaf': 2, 'n_estimators': 100}"
2024-10-18 07:00:00,Neural Network,7,1.1878581875930503,0.09377260717494089,2022-10-18 07:00:00,2024-10-18 07:00:00,2024-10-18 07:00:00,731,1,-0.35941423956503044,0.35941423956503044,"{'regressor__model__alpha': 0.0001, 'regressor__model__hidden_layer_sizes': (64, 32), 'regressor__model__learning_rate_init': 0.0001}"
2024-10-18 07:00:00,Naive,7,1.1878581875930503,0.27770283055263734,2022-10-18 07:00:00,2024-10-18 07:00:00,2024-10-18 07:00:00,731,1,,,not_applicable
2024-10-19 07:00:00,Decision Tree,7,0.04766061259033647,-0.2530027072333698,2022-10-19 07:00:00,2024-10-19 07:00:00,2024-10-19 07:00:00,731,1,-0.42290985504429074,0.42290985504429074,"{'max_depth': None, 'min_samples_leaf': 1, 'min_samples_split': 20}"
2024-10-19 07:00:00,ARX,7,0.04766061259033647,-0.15178393238391752,2022-10-19 07:00:00,2024-10-19 07:00:00,2024-10-19 07:00:00,731,1,-0.3032104293734177,0.3032104293734177,{'model__alpha': 0.01}
2024-10-19 07:00:00,Random Forest,7,0.04766061259033647,0.13222472791324222,2022-10-19 07:00:00,2024-10-19 07:00:00,2024-10-19 07:00:00,731,1,-0.28640559026943707,0.28640559026943707,"{'max_depth': 10, 'max_features': 0.5, 'min_samples_leaf': 2, 'n_estimators': 100}"
2024-10-19 07:00:00,Neural Network,7,0.04766061259033647,-0.051703461819873495,2022-10-19 07:00:00,2024-10-19 07:00:00,2024-10-19 07:00:00,731,1,-0.35941423956503044,0.35941423956503044,"{'regressor__model__alpha': 0.0001, 'regressor__model__hidden_layer_sizes': (64, 32), 'regressor__model__learning_rate_init': 0.0001}"
2024-10-19 07:00:00,Naive,7,0.04766061259033647,1.1878581875930503,2022-10-19 07:00:00,2024-10-19 07:00:00,2024-10-19 07:00:00,731,1,,,not_applicable
2024-10-20 07:00:00,Decision Tree,7,-0.35864279769707624,-0.19756006985270527,2022-10-20 07:00:00,2024-10-20 07:00:00,2024-10-20 07:00:00,731,1,-0.42290985504429074,0.42290985504429074,"{'max_depth': None, 'min_samples_leaf': 1, 'min_samples_split': 20}"
2024-10-20 07:00:00,ARX,7,-0.35864279769707624,-0.29239723086733777,2022-10-20 07:00:00,2024-10-20 07:00:00,2024-10-20 07:00:00,731,1,-0.3032104293734177,0.3032104293734177,{'model__alpha': 0.01}
2024-10-20 07:00:00,Random Forest,7,-0.35864279769707624,-0.5130847904711824,2022-10-20 07:00:00,2024-10-20 07:00:00,2024-10-20 07:00:00,731,1,-0.28640559026943707,0.28640559026943707,"{'max_depth': 10, 'max_features': 0.5, 'min_samples_leaf': 2, 'n_estimators': 100}"
2024-10-20 07:00:00,Neural Network,7,-0.35864279769707624,-0.15929596929369771,2022-10-20 07:00:00,2024-10-20 07:00:00,2024-10-20 07:00:00,731,1,-0.35941423956503044,0.35941423956503044,"{'regressor__model__alpha': 0.0001, 'regressor__model__hidden_layer_sizes': (64, 32), 'regressor__model__learning_rate_init': 0.0001}"
2024-10-20 07:00:00,Naive,7,-0.35864279769707624,0.04766061259033647,2022-10-20 07:00:00,2024-10-20 07:00:00,2024-10-20 07:00:00,731,1,,,not_applicable
2024-10-21 07:00:00,Decision Tree,7,0.36864703802078036,0.09269080237276299,2022-10-21 07:00:00,2024-10-21 07:00:00,2024-10-21 07:00:00,731,1,-0.42290985504429074,0.42290985504429074,"{'max_depth': None, 'min_samples_leaf': 1, 'min_samples_split': 20}"
2024-10-21 07:00:00,ARX,7,0.36864703802078036,-0.2683773881247444,2022-10-21 07:00:00,2024-10-21 07:00:00,2024-10-21 07:00:00,731,1,-0.3032104293734177,0.3032104293734177,{'model__alpha': 0.01}
2024-10-21 07:00:00,Random Forest,7,0.36864703802078036,-0.10675716042353618,2022-10-21 07:00:00,2024-10-21 07:00:00,2024-10-21 07:00:00,731,1,-0.28640559026943707,0.28640559026943707,"{'max_depth': 10, 'max_features': 0.5, 'min_samples_leaf': 2, 'n_estimators': 100}"
2024-10-21 07:00:00,Neural Network,7,0.36864703802078036,0.13173079166648835,2022-10-21 07:00:00,2024-10-21 07:00:00,2024-10-21 07:00:00,731,1,-0.35941423956503044,0.35941423956503044,"{'regressor__model__alpha': 0.0001, 'regressor__model__hidden_layer_sizes': (64, 32), 'regressor__model__learning_rate_init': 0.0001}"
2024-10-21 07:00:00,Naive,7,0.36864703802078036,-0.35864279769707624,2022-10-21 07:00:00,2024-10-21 07:00:00,2024-10-21 07:00:00,731,1,,,not_applicable
2024-10-22 07:00:00,Decision Tree,7,1.2801494252397936,0.6970519439544081,2022-10-22 07:00:00,2024-10-22 07:00:00,2024-10-22 07:00:00,731,1,-0.42290985504429074,0.42290985504429074,"{'max_depth': None, 'min_samples_leaf': 1, 'min_samples_split': 20}"
2024-10-22 07:00:00,ARX,7,1.2801494252397936,0.8145178703098814,2022-10-22 07:00:00,2024-10-22 07:00:00,2024-10-22 07:00:00,731,1,-0.3032104293734177,0.3032104293734177,{'model__alpha': 0.01}
2024-10-22 07:00:00,Random Forest,7,1.2801494252397936,0.8219545203594747,2022-10-22 07:00:00,2024-10-22 07:00:00,2024-10-22 07:00:00,731,1,-0.28640559026943707,0.28640559026943707,"{'max_depth': 10, 'max_features': 0.5, 'min_samples_leaf': 2, 'n_estimators': 100}"
2024-10-22 07:00:00,Neural Network,7,1.2801494252397936,1.107635322607479,2022-10-22 07:00:00,2024-10-22 07:00:00,2024-10-22 07:00:00,731,1,-0.35941423956503044,0.35941423956503044,"{'regressor__model__alpha': 0.0001, 'regressor__model__hidden_layer_sizes': (64, 32), 'regressor__model__learning_rate_init': 0.0001}"
2024-10-22 07:00:00,Naive,7,1.2801494252397936,0.36864703802078036,2022-10-22 07:00:00,2024-10-22 07:00:00,2024-10-22 07:00:00,731,1,,,not_applicable
2024-10-23 07:00:00,Decision Tree,7,1.4777567400282339,0.7545360353959306,2022-10-23 07:00:00,2024-10-23 07:00:00,2024-10-23 07:00:00,731,1,-0.42290985504429074,0.42290985504429074,"{'max_depth': None, 'min_samples_leaf': 1, 'min_samples_split': 20}"
2024-10-23 07:00:00,ARX,7,1.4777567400282339,0.6777936135236136,2022-10-23 07:00:00,2024-10-23 07:00:00,2024-10-23 07:00:00,731,1,-0.3032104293734177,0.3032104293734177,{'model__alpha': 0.01}
2024-10-23 07:00:00,Random Forest,7,1.4777567400282339,0.7203762837287511,2022-10-23 07:00:00,2024-10-23 07:00:00,2024-10-23 07:00:00,731,1,-0.28640559026943707,0.28640559026943707,"{'max_depth': 10, 'max_features': 0.5, 'min_samples_leaf': 2, 'n_estimators': 100}"
2024-10-23 07:00:00,Neural Network,7,1.4777567400282339,1.147717314458748,2022-10-23 07:00:00,2024-10-23 07:00:00,2024-10-23 07:00:00,731,1,-0.35941423956503044,0.35941423956503044,"{'regressor__model__alpha': 0.0001, 'regressor__model__hidden_layer_sizes': (64, 32), 'regressor__model__learning_rate_init': 0.0001}"
2024-10-23 07:00:00,Naive,7,1.4777567400282339,1.2801494252397936,2022-10-23 07:00:00,2024-10-23 07:00:00,2024-10-23 07:00:00,731,1,,,not_applicable
2024-10-24 07:00:00,Decision Tree,7,1.1742185244422436,1.283455694928274,2022-10-24 07:00:00,2024-10-24 07:00:00,2024-10-24 07:00:00,731,1,-0.42290985504429074,0.42290985504429074,"{'max_depth': None, 'min_samples_leaf': 1, 'min_samples_split': 20}"
2024-10-24 07:00:00,ARX,7,1.1742185244422436,0.8577080113577384,2022-10-24 07:00:00,2024-10-24 07:00:00,2024-10-24 07:00:00,731,1,-0.3032104293734177,0.3032104293734177,{'model__alpha': 0.01}
2024-10-24 07:00:00,Random Forest,7,1.1742185244422436,0.9681983999175,2022-10-24 07:00:00,2024-10-24 07:00:00,2024-10-24 07:00:00,731,1,-0.28640559026943707,0.28640559026943707,"{'max_depth': 10, 'max_features': 0.5, 'min_samples_leaf': 2, 'n_estimators': 100}"
2024-10-24 07:00:00,Neural Network,7,1.1742185244422436,0.9432997459800285,2022-10-24 07:00:00,2024-10-24 07:00:00,2024-10-24 07:00:00,731,1,-0.35941423956503044,0.35941423956503044,"{'regressor__model__alpha': 0.0001, 'regressor__model__hidden_layer_sizes': (64, 32), 'regressor__model__learning_rate_init': 0.0001}"
2024-10-24 07:00:00,Naive,7,1.1742185244422436,1.4777567400282339,2022-10-24 07:00:00,2024-10-24 07:00:00,2024-10-24 07:00:00,731,1,,,not_applicable
2024-10-25 07:00:00,Decision Tree,7,0.7705539812777565,0.631532933740268,2022-10-25 07:00:00,2024-10-25 07:00:00,2024-10-25 07:00:00,731,1,-0.42290985504429074,0.42290985504429074,"{'max_depth': None, 'min_samples_leaf': 1, 'min_samples_split': 20}"
2024-10-25 07:00:00,ARX,7,0.7705539812777565,0.662042389541449,2022-10-25 07:00:00,2024-10-25 07:00:00,2024-10-25 07:00:00,731,1,-0.3032104293734177,0.3032104293734177,{'model__alpha': 0.01}
2024-10-25 07:00:00,Random Forest,7,0.7705539812777565,0.6930914667772847,2022-10-25 07:00:00,2024-10-25 07:00:00,2024-10-25 07:00:00,731,1,-0.28640559026943707,0.28640559026943707,"{'max_depth': 10, 'max_features': 0.5, 'min_samples_leaf': 2, 'n_estimators': 100}"
2024-10-25 07:00:00,Neural Network,7,0.7705539812777565,0.7689446567368312,2022-10-25 07:00:00,2024-10-25 07:00:00,2024-10-25 07:00:00,731,1,-0.35941423956503044,0.35941423956503044,"{'regressor__model__alpha': 0.0001, 'regressor__model__hidden_layer_sizes': (64, 32), 'regressor__model__learning_rate_init': 0.0001}"
2024-10-25 07:00:00,Naive,7,0.7705539812777565,1.1742185244422436,2022-10-25 07:00:00,2024-10-25 07:00:00,2024-10-25 07:00:00,731,1,,,not_applicable
2024-10-26 07:00:00,Decision Tree,7,0.8089848778357209,0.3934583495991215,2022-10-26 07:00:00,2024-10-26 07:00:00,2024-10-26 07:00:00,731,1,-0.42290985504429074,0.42290985504429074,"{'max_depth': None, 'min_samples_leaf': 1, 'min_samples_split': 20}"
2024-10-26 07:00:00,ARX,7,0.8089848778357209,0.5054305205400078,2022-10-26 07:00:00,2024-10-26 07:00:00,2024-10-26 07:00:00,731,1,-0.3032104293734177,0.3032104293734177,{'model__alpha': 0.01}
2024-10-26 07:00:00,Random Forest,7,0.8089848778357209,0.5872743910879935,2022-10-26 07:00:00,2024-10-26 07:00:00,2024-10-26 07:00:00,731,1,-0.28640559026943707,0.28640559026943707,"{'max_depth': 10, 'max_features': 0.5, 'min_samples_leaf': 2, 'n_estimators': 100}"
2024-10-26 07:00:00,Neural Network,7,0.8089848778357209,0.12984971726500066,2022-10-26 07:00:00,2024-10-26 07:00:00,2024-10-26 07:00:00,731,1,-0.35941423956503044,0.35941423956503044,"{'regressor__model__alpha': 0.0001, 'regressor__model__hidden_layer_sizes': (64, 32), 'regressor__model__learning_rate_init': 0.0001}"
2024-10-26 07:00:00,Naive,7,0.8089848778357209,0.7705539812777565,2022-10-26 07:00:00,2024-10-26 07:00:00,2024-10-26 07:00:00,731,1,,,not_applicable
2024-10-27 07:00:00,Decision Tree,7,-0.04526082227496068,0.7076158277252454,2022-10-27 07:00:00,2024-10-27 07:00:00,2024-10-27 07:00:00,731,1,-0.42290985504429074,0.42290985504429074,"{'max_depth': None, 'min_samples_leaf': 1, 'min_samples_split': 20}"
2024-10-27 07:00:00,ARX,7,-0.04526082227496068,-0.26461797120062275,2022-10-27 07:00:00,2024-10-27 07:00:00,2024-10-27 07:00:00,731,1,-0.3032104293734177,0.3032104293734177,{'model__alpha': 0.01}
2024-10-27 07:00:00,Random Forest,7,-0.04526082227496068,-0.257152890429724,2022-10-27 07:00:00,2024-10-27 07:00:00,2024-10-27 07:00:00,731,1,-0.28640559026943707,0.28640559026943707,"{'max_depth': 10, 'max_features': 0.5, 'min_samples_leaf': 2, 'n_estimators': 100}"
2024-10-27 07:00:00,Neural Network,7,-0.04526082227496068,0.45852187967115465,2022-10-27 07:00:00,2024-10-27 07:00:00,2024-10-27 07:00:00,731,1,-0.35941423956503044,0.35941423956503044,"{'regressor__model__alpha': 0.0001, 'regressor__model__hidden_layer_sizes': (64, 32), 'regressor__model__learning_rate_init': 0.0001}"
2024-10-27 07:00:00,Naive,7,-0.04526082227496068,0.8089848778357209,2022-10-27 07:00:00,2024-10-27 07:00:00,2024-10-27 07:00:00,731,1,,,not_applicable
2024-10-28 07:00:00,Decision Tree,7,0.8895595598285365,0.7829223880855251,2022-10-28 07:00:00,2024-10-28 07:00:00,2024-10-28 07:00:00,731,1,-0.42290985504429074,0.42290985504429074,"{'max_depth': None, 'min_samples_leaf': 1, 'min_samples_split': 20}"
2024-10-28 07:00:00,ARX,7,0.8895595598285365,1.1916990817458688,2022-10-28 07:00:00,2024-10-28 07:00:00,2024-10-28 07:00:00,731,1,-0.3032104293734177,0.3032104293734177,{'model__alpha': 0.01}
2024-10-28 07:00:00,Random Forest,7,0.8895595598285365,0.9589459578296986,2022-10-28 07:00:00,2024-10-28 07:00:00,2024-10-28 07:00:00,731,1,-0.28640559026943707,0.28640559026943707,"{'max_depth': 10, 'max_features': 0.5, 'min_samples_leaf': 2, 'n_estimators': 100}"
2024-10-28 07:00:00,Neural Network,7,0.8895595598285365,1.1199789172921175,2022-10-28 07:00:00,2024-10-28 07:00:00,2024-10-28 07:00:00,731,1,-0.35941423956503044,0.35941423956503044,"{'regressor__model__alpha': 0.0001, 'regressor__model__hidden_layer_sizes': (64, 32), 'regressor__model__learning_rate_init': 0.0001}"
2024-10-28 07:00:00,Naive,7,0.8895595598285365,-0.04526082227496068,2022-10-28 07:00:00,2024-10-28 07:00:00,2024-10-28 07:00:00,731,1,,,not_applicable
2024-10-29 07:00:00,Decision Tree,7,1.304474496915157,0.5200527671692261,2022-10-29 07:00:00,2024-10-29 07:00:00,2024-10-29 07:00:00,731,1,-0.42290985504429074,0.42290985504429074,"{'max_depth': None, 'min_samples_leaf': 1, 'min_samples_split': 20}"
2024-10-29 07:00:00,ARX,7,1.304474496915157,1.0744914027003651,2022-10-29 07:00:00,2024-10-29 07:00:00,2024-10-29 07:00:00,731,1,-0.3032104293734177,0.3032104293734177,{'model__alpha': 0.01}
2024-10-29 07:00:00,Random Forest,7,1.304474496915157,1.0034141530334844,2022-10-29 07:00:00,2024-10-29 07:00:00,2024-10-29 07:00:00,731,1,-0.28640559026943707,0.28640559026943707,"{'max_depth': 10, 'max_features': 0.5, 'min_samples_leaf': 2, 'n_estimators': 100}"
2024-10-29 07:00:00,Neural Network,7,1.304474496915157,0.563264678878105,2022-10-29 07:00:00,2024-10-29 07:00:00,2024-10-29 07:00:00,731,1,-0.35941423956503044,0.35941423956503044,"{'regressor__model__alpha': 0.0001, 'regressor__model__hidden_layer_sizes': (64, 32), 'regressor__model__learning_rate_init': 0.0001}"
2024-10-29 07:00:00,Naive,7,1.304474496915157,0.8895595598285365,2022-10-29 07:00:00,2024-10-29 07:00:00,2024-10-29 07:00:00,731,1,,,not_applicable
2024-10-30 07:00:00,Decision Tree,7,1.049165051758074,1.0484739980152105,2022-10-30 07:00:00,2024-10-30 07:00:00,2024-10-30 07:00:00,731,1,-0.42290985504429074,0.42290985504429074,"{'max_depth': None, 'min_samples_leaf': 1, 'min_samples_split': 20}"
2024-10-30 07:00:00,ARX,7,1.049165051758074,1.0827752822527288,2022-10-30 07:00:00,2024-10-30 07:00:00,2024-10-30 07:00:00,731,1,-0.3032104293734177,0.3032104293734177,{'model__alpha': 0.01}
2024-10-30 07:00:00,Random Forest,7,1.049165051758074,1.1793882719349875,2022-10-30 07:00:00,2024-10-30 07:00:00,2024-10-30 07:00:00,731,1,-0.28640559026943707,0.28640559026943707,"{'max_depth': 10, 'max_features': 0.5, 'min_samples_leaf': 2, 'n_estimators': 100}"
2024-10-30 07:00:00,Neural Network,7,1.049165051758074,0.8663641807812612,2022-10-30 07:00:00,2024-10-30 07:00:00,2024-10-30 07:00:00,731,1,-0.35941423956503044,0.35941423956503044,"{'regressor__model__alpha': 0.0001, 'regressor__model__hidden_layer_sizes': (64, 32), 'regressor__model__learning_rate_init': 0.0001}"
2024-10-30 07:00:00,Naive,7,1.049165051758074,1.304474496915157,2022-10-30 07:00:00,2024-10-30 07:00:00,2024-10-30 07:00:00,731,1,,,not_applicable
2024-10-31 07:00:00,Decision Tree,7,0.9831312216412322,1.2006789269269917,2022-10-31 07:00:00,2024-10-31 07:00:00,2024-10-31 07:00:00,731,1,-0.42290985504429074,0.42290985504429074,"{'max_depth': None, 'min_samples_leaf': 1, 'min_samples_split': 20}"
2024-10-31 07:00:00,ARX,7,0.9831312216412322,0.9567472209466423,2022-10-31 07:00:00,2024-10-31 07:00:00,2024-10-31 07:00:00,731,1,-0.3032104293734177,0.3032104293734177,{'model__alpha': 0.01}
2024-10-31 07:00:00,Random Forest,7,0.9831312216412322,1.065466388411301,2022-10-31 07:00:00,2024-10-31 07:00:00,2024-10-31 07:00:00,731,1,-0.28640559026943707,0.28640559026943707,"{'max_depth': 10, 'max_features': 0.5, 'min_samples_leaf': 2, 'n_estimators': 100}"
2024-10-31 07:00:00,Neural Network,7,0.9831312216412322,1.6861024676744967,2022-10-31 07:00:00,2024-10-31 07:00:00,2024-10-31 07:00:00,731,1,-0.35941423956503044,0.35941423956503044,"{'regressor__model__alpha': 0.0001, 'regressor__model__hidden_layer_sizes': (64, 32), 'regressor__model__learning_rate_init': 0.0001}"
2024-10-31 07:00:00,Naive,7,0.9831312216412322,1.049165051758074,2022-10-31 07:00:00,2024-10-31 07:00:00,2024-10-31 07:00:00,731,1,,,not_applicable
2024-11-01 07:00:00,Decision Tree,7,-0.47390355456923083,-0.5277499916689607,2022-11-01 07:00:00,2024-11-01 07:00:00,2024-11-01 07:00:00,731,1,-0.42290985504429074,0.42290985504429074,"{'max_depth': None, 'min_samples_leaf': 1, 'min_samples_split': 20}"
2024-11-01 07:00:00,ARX,7,-0.47390355456923083,-0.08260906731873441,2022-11-01 07:00:00,2024-11-01 07:00:00,2024-11-01 07:00:00,731,1,-0.3032104293734177,0.3032104293734177,{'model__alpha': 0.01}
2024-11-01 07:00:00,Random Forest,7,-0.47390355456923083,-0.039834901395533515,2022-11-01 07:00:00,2024-11-01 07:00:00,2024-11-01 07:00:00,731,1,-0.28640559026943707,0.28640559026943707,"{'max_depth': 10, 'max_features': 0.5, 'min_samples_leaf': 2, 'n_estimators': 100}"
2024-11-01 07:00:00,Neural Network,7,-0.47390355456923083,0.16834202366225554,2022-11-01 07:00:00,2024-11-01 07:00:00,2024-11-01 07:00:00,731,1,-0.35941423956503044,0.35941423956503044,"{'regressor__model__alpha': 0.0001, 'regressor__model__hidden_layer_sizes': (64, 32), 'regressor__model__learning_rate_init': 0.0001}"
2024-11-01 07:00:00,Naive,7,-0.47390355456923083,0.9831312216412322,2022-11-01 07:00:00,2024-11-01 07:00:00,2024-11-01 07:00:00,731,1,,,not_applicable
2024-11-02 07:00:00,Decision Tree,7,0.2541210706273639,0.5927293517489194,2022-11-02 07:00:00,2024-11-02 07:00:00,2024-11-02 07:00:00,731,1,-0.42290985504429074,0.42290985504429074,"{'max_depth': None, 'min_samples_leaf': 1, 'min_samples_split': 20}"
2024-11-02 07:00:00,ARX,7,0.2541210706273639,0.24964832649996666,2022-11-02 07:00:00,2024-11-02 07:00:00,2024-11-02 07:00:00,731,1,-0.3032104293734177,0.3032104293734177,{'model__alpha': 0.01}
2024-11-02 07:00:00,Random Forest,7,0.2541210706273639,0.16334627722135442,2022-11-02 07:00:00,2024-11-02 07:00:00,2024-11-02 07:00:00,731,1,-0.28640559026943707,0.28640559026943707,"{'max_depth': 10, 'max_features': 0.5, 'min_samples_leaf': 2, 'n_estimators': 100}"
2024-11-02 07:00:00,Neural Network,7,0.2541210706273639,0.5439498597265132,2022-11-02 07:00:00,2024-11-02 07:00:00,2024-11-02 07:00:00,731,1,-0.35941423956503044,0.35941423956503044,"{'regressor__model__alpha': 0.0001, 'regressor__model__hidden_layer_sizes': (64, 32), 'regressor__model__learning_rate_init': 0.0001}"
2024-11-02 07:00:00,Naive,7,0.2541210706273639,-0.47390355456923083,2022-11-02 07:00:00,2024-11-02 07:00:00,2024-11-02 07:00:00,731,1,,,not_applicable
2024-11-03 07:00:00,Decision Tree,7,0.20497421746209407,-0.11475835623059732,2022-11-03 07:00:00,2024-11-03 07:00:00,2024-11-03 07:00:00,731,1,-0.42290985504429074,0.42290985504429074,"{'max_depth': None, 'min_samples_leaf': 1, 'min_samples_split': 20}"
2024-11-03 07:00:00,ARX,7,0.20497421746209407,0.10024105226693744,2022-11-03 07:00:00,2024-11-03 07:00:00,2024-11-03 07:00:00,731,1,-0.3032104293734177,0.3032104293734177,{'model__alpha': 0.01}
2024-11-03 07:00:00,Random Forest,7,0.20497421746209407,0.11517779456013548,2022-11-03 07:00:00,2024-11-03 07:00:00,2024-11-03 07:00:00,731,1,-0.28640559026943707,0.28640559026943707,"{'max_depth': 10, 'max_features': 0.5, 'min_samples_leaf': 2, 'n_estimators': 100}"
2024-11-03 07:00:00,Neural Network,7,0.20497421746209407,0.06687699652615267,2022-11-03 07:00:00,2024-11-03 07:00:00,2024-11-03 07:00:00,731,1,-0.35941423956503044,0.35941423956503044,"{'regressor__model__alpha': 0.0001, 'regressor__model__hidden_layer_sizes': (64, 32), 'regressor__model__learning_rate_init': 0.0001}"
2024-11-03 07:00:00,Naive,7,0.20497421746209407,0.2541210706273639,2022-11-03 07:00:00,2024-11-03 07:00:00,2024-11-03 07:00:00,731,1,,,not_applicable
2024-11-04 07:00:00,Decision Tree,7,1.1311113931779229,0.7133554499890048,2022-11-04 07:00:00,2024-11-04 07:00:00,2024-11-04 07:00:00,731,1,-0.42290985504429074,0.42290985504429074,"{'max_depth': None, 'min_samples_leaf': 1, 'min_samples_split': 20}"
2024-11-04 07:00:00,ARX,7,1.1311113931779229,0.9331779656991098,2022-11-04 07:00:00,2024-11-04 07:00:00,2024-11-04 07:00:00,731,1,-0.3032104293734177,0.3032104293734177,{'model__alpha': 0.01}
2024-11-04 07:00:00,Random Forest,7,1.1311113931779229,0.9372480309286807,2022-11-04 07:00:00,2024-11-04 07:00:00,2024-11-04 07:00:00,731,1,-0.28640559026943707,0.28640559026943707,"{'max_depth': 10, 'max_features': 0.5, 'min_samples_leaf': 2, 'n_estimators': 100}"
2024-11-04 07:00:00,Neural Network,7,1.1311113931779229,1.2393642445201933,2022-11-04 07:00:00,2024-11-04 07:00:00,2024-11-04 07:00:00,731,1,-0.35941423956503044,0.35941423956503044,"{'regressor__model__alpha': 0.0001, 'regressor__model__hidden_layer_sizes': (64, 32), 'regressor__model__learning_rate_init': 0.0001}"
2024-11-04 07:00:00,Naive,7,1.1311113931779229,0.20497421746209407,2022-11-04 07:00:00,2024-11-04 07:00:00,2024-11-04 07:00:00,731,1,,,not_applicable
2024-11-05 07:00:00,Decision Tree,7,1.1954040162408568,0.862522535316685,2022-11-05 07:00:00,2024-11-05 07:00:00,2024-11-05 07:00:00,731,1,-0.42290985504429074,0.42290985504429074,"{'max_depth': None, 'min_samples_leaf': 1, 'min_samples_split': 20}"
2024-11-05 07:00:00,ARX,7,1.1954040162408568,1.0337376063788282,2022-11-05 07:00:00,2024-11-05 07:00:00,2024-11-05 07:00:00,731,1,-0.3032104293734177,0.3032104293734177,{'model__alpha': 0.01}
2024-11-05 07:00:00,Random Forest,7,1.1954040162408568,1.028338888075039,2022-11-05 07:00:00,2024-11-05 07:00:00,2024-11-05 07:00:00,731,1,-0.28640559026943707,0.28640559026943707,"{'max_depth': 10, 'max_features': 0.5, 'min_samples_leaf': 2, 'n_estimators': 100}"
2024-11-05 07:00:00,Neural Network,7,1.1954040162408568,0.7216168622528145,2022-11-05 07:00:00,2024-11-05 07:00:00,2024-11-05 07:00:00,731,1,-0.35941423956503044,0.35941423956503044,"{'regressor__model__alpha': 0.0001, 'regressor__model__hidden_layer_sizes': (64, 32), 'regressor__model__learning_rate_init': 0.0001}"
2024-11-05 07:00:00,Naive,7,1.1954040162408568,1.1311113931779229,2022-11-05 07:00:00,2024-11-05 07:00:00,2024-11-05 07:00:00,731,1,,,not_applicable
2024-11-06 07:00:00,Decision Tree,7,2.3708417397424046,1.1925372568461992,2022-11-06 07:00:00,2024-11-06 07:00:00,2024-11-06 07:00:00,731,1,-0.42290985504429074,0.42290985504429074,"{'max_depth': None, 'min_samples_leaf': 1, 'min_samples_split': 20}"
2024-11-06 07:00:00,ARX,7,2.3708417397424046,1.2793570648777197,2022-11-06 07:00:00,2024-11-06 07:00:00,2024-11-06 07:00:00,731,1,-0.3032104293734177,0.3032104293734177,{'model__alpha': 0.01}
2024-11-06 07:00:00,Random Forest,7,2.3708417397424046,1.1467336520179385,2022-11-06 07:00:00,2024-11-06 07:00:00,2024-11-06 07:00:00,731,1,-0.28640559026943707,0.28640559026943707,"{'max_depth': 10, 'max_features': 0.5, 'min_samples_leaf': 2, 'n_estimators': 100}"
2024-11-06 07:00:00,Neural Network,7,2.3708417397424046,1.307607273899712,2022-11-06 07:00:00,2024-11-06 07:00:00,2024-11-06 07:00:00,731,1,-0.35941423956503044,0.35941423956503044,"{'regressor__model__alpha': 0.0001, 'regressor__model__hidden_layer_sizes': (64, 32), 'regressor__model__learning_rate_init': 0.0001}"
2024-11-06 07:00:00,Naive,7,2.3708417397424046,1.1954040162408568,2022-11-06 07:00:00,2024-11-06 07:00:00,2024-11-06 07:00:00,731,1,,,not_applicable
2024-11-07 07:00:00,Decision Tree,7,1.9006128925765593,1.203956525869106,2022-11-07 07:00:00,2024-11-07 07:00:00,2024-11-07 07:00:00,731,1,-0.42290985504429074,0.42290985504429074,"{'max_depth': None, 'min_samples_leaf': 1, 'min_samples_split': 20}"
2024-11-07 07:00:00,ARX,7,1.9006128925765593,1.3394414291268384,2022-11-07 07:00:00,2024-11-07 07:00:00,2024-11-07 07:00:00,731,1,-0.3032104293734177,0.3032104293734177,{'model__alpha': 0.01}
2024-11-07 07:00:00,Random Forest,7,1.9006128925765593,1.4377811341463649,2022-11-07 07:00:00,2024-11-07 07:00:00,2024-11-07 07:00:00,731,1,-0.28640559026943707,0.28640559026943707,"{'max_depth': 10, 'max_features': 0.5, 'min_samples_leaf': 2, 'n_estimators': 100}"
2024-11-07 07:00:00,Neural Network,7,1.9006128925765593,2.28591608568276,2022-11-07 07:00:00,2024-11-07 07:00:00,2024-11-07 07:00:00,731,1,-0.35941423956503044,0.35941423956503044,"{'regressor__model__alpha': 0.0001, 'regressor__model__hidden_layer_sizes': (64, 32), 'regressor__model__learning_rate_init': 0.0001}"
2024-11-07 07:00:00,Naive,7,1.9006128925765593,2.3708417397424046,2022-11-07 07:00:00,2024-11-07 07:00:00,2024-11-07 07:00:00,731,1,,,not_applicable
2024-11-08 07:00:00,Decision Tree,7,0.8431831365665402,1.3969183067160338,2022-11-08 07:00:00,2024-11-08 07:00:00,2024-11-08 07:00:00,731,1,-0.42290985504429074,0.42290985504429074,"{'max_depth': None, 'min_samples_leaf': 1, 'min_samples_split': 20}"
2024-11-08 07:00:00,ARX,7,0.8431831365665402,0.9090425155292341,2022-11-08 07:00:00,2024-11-08 07:00:00,2024-11-08 07:00:00,731,1,-0.3032104293734177,0.3032104293734177,{'model__alpha': 0.01}
2024-11-08 07:00:00,Random Forest,7,0.8431831365665402,1.2667781102722298,2022-11-08 07:00:00,2024-11-08 07:00:00,2024-11-08 07:00:00,731,1,-0.28640559026943707,0.28640559026943707,"{'max_depth': 10, 'max_features': 0.5, 'min_samples_leaf': 2, 'n_estimators': 100}"
2024-11-08 07:00:00,Neural Network,7,0.8431831365665402,0.7437717479617177,2022-11-08 07:00:00,2024-11-08 07:00:00,2024-11-08 07:00:00,731,1,-0.35941423956503044,0.35941423956503044,"{'regressor__model__alpha': 0.0001, 'regressor__model__hidden_layer_sizes': (64, 32), 'regressor__model__learning_rate_init': 0.0001}"
2024-11-08 07:00:00,Naive,7,0.8431831365665402,1.9006128925765593,2022-11-08 07:00:00,2024-11-08 07:00:00,2024-11-08 07:00:00,731,1,,,not_applicable
2024-11-09 07:00:00,Decision Tree,7,0.4827895380242273,0.5927293517489194,2022-11-09 07:00:00,2024-11-09 07:00:00,2024-11-09 07:00:00,731,1,-0.42290985504429074,0.42290985504429074,"{'max_depth': None, 'min_samples_leaf': 1, 'min_samples_split': 20}"
2024-11-09 07:00:00,ARX,7,0.4827895380242273,0.5488127247747975,2022-11-09 07:00:00,2024-11-09 07:00:00,2024-11-09 07:00:00,731,1,-0.3032104293734177,0.3032104293734177,{'model__alpha': 0.01}
2024-11-09 07:00:00,Random Forest,7,0.4827895380242273,0.5753410060971276,2022-11-09 07:00:00,2024-11-09 07:00:00,2024-11-09 07:00:00,731,1,-0.28640559026943707,0.28640559026943707,"{'max_depth': 10, 'max_features': 0.5, 'min_samples_leaf': 2, 'n_estimators': 100}"
2024-11-09 07:00:00,Neural Network,7,0.4827895380242273,0.4327163051883418,2022-11-09 07:00:00,2024-11-09 07:00:00,2024-11-09 07:00:00,731,1,-0.35941423956503044,0.35941423956503044,"{'regressor__model__alpha': 0.0001, 'regressor__model__hidden_layer_sizes': (64, 32), 'regressor__model__learning_rate_init': 0.0001}"
2024-11-09 07:00:00,Naive,7,0.4827895380242273,0.8431831365665402,2022-11-09 07:00:00,2024-11-09 07:00:00,2024-11-09 07:00:00,731,1,,,not_applicable
2024-11-10 07:00:00,Decision Tree,7,0.30954277067334646,0.2820672597734987,2022-11-10 07:00:00,2024-11-10 07:00:00,2024-11-10 07:00:00,731,1,-0.42290985504429074,0.42290985504429074,"{'max_depth': None, 'min_samples_leaf': 1, 'min_samples_split': 20}"
2024-11-10 07:00:00,ARX,7,0.30954277067334646,0.43359518095491806,2022-11-10 07:00:00,2024-11-10 07:00:00,2024-11-10 07:00:00,731,1,-0.3032104293734177,0.3032104293734177,{'model__alpha': 0.01}
2024-11-10 07:00:00,Random Forest,7,0.30954277067334646,0.4775666347256401,2022-11-10 07:00:00,2024-11-10 07:00:00,2024-11-10 07:00:00,731,1,-0.28640559026943707,0.28640559026943707,"{'max_depth': 10, 'max_features': 0.5, 'min_samples_leaf': 2, 'n_estimators': 100}"
2024-11-10 07:00:00,Neural Network,7,0.30954277067334646,0.019691010038155238,2022-11-10 07:00:00,2024-11-10 07:00:00,2024-11-10 07:00:00,731,1,-0.35941423956503044,0.35941423956503044,"{'regressor__model__alpha': 0.0001, 'regressor__model__hidden_layer_sizes': (64, 32), 'regressor__model__learning_rate_init': 0.0001}"
2024-11-10 07:00:00,Naive,7,0.30954277067334646,0.4827895380242273,2022-11-10 07:00:00,2024-11-10 07:00:00,2024-11-10 07:00:00,731,1,,,not_applicable
2024-11-11 07:00:00,Decision Tree,7,0.8601760484417909,1.1384041878591422,2022-11-11 07:00:00,2024-11-11 07:00:00,2024-11-11 07:00:00,731,1,-0.42290985504429074,0.42290985504429074,"{'max_depth': None, 'min_samples_leaf': 1, 'min_samples_split': 20}"
2024-11-11 07:00:00,ARX,7,0.8601760484417909,1.1374586016778896,2022-11-11 07:00:00,2024-11-11 07:00:00,2024-11-11 07:00:00,731,1,-0.3032104293734177,0.3032104293734177,{'model__alpha': 0.01}
2024-11-11 07:00:00,Random Forest,7,0.8601760484417909,1.0098283973098467,2022-11-11 07:00:00,2024-11-11 07:00:00,2024-11-11 07:00:00,731,1,-0.28640559026943707,0.28640559026943707,"{'max_depth': 10, 'max_features': 0.5, 'min_samples_leaf': 2, 'n_estimators': 100}"
2024-11-11 07:00:00,Neural Network,7,0.8601760484417909,0.8783617220528631,2022-11-11 07:00:00,2024-11-11 07:00:00,2024-11-11 07:00:00,731,1,-0.35941423956503044,0.35941423956503044,"{'regressor__model__alpha': 0.0001, 'regressor__model__hidden_layer_sizes': (64, 32), 'regressor__model__learning_rate_init': 0.0001}"
2024-11-11 07:00:00,Naive,7,0.8601760484417909,0.30954277067334646,2022-11-11 07:00:00,2024-11-11 07:00:00,2024-11-11 07:00:00,731,1,,,not_applicable
2024-11-12 07:00:00,Decision Tree,7,1.617723788010337,1.7044674878306076,2022-11-12 07:00:00,2024-11-12 07:00:00,2024-11-12 07:00:00,731,1,-0.42290985504429074,0.42290985504429074,"{'max_depth': None, 'min_samples_leaf': 1, 'min_samples_split': 20}"
2024-11-12 07:00:00,ARX,7,1.617723788010337,1.206790833311595,2022-11-12 07:00:00,2024-11-12 07:00:00,2024-11-12 07:00:00,731,1,-0.3032104293734177,0.3032104293734177,{'model__alpha': 0.01}
2024-11-12 07:00:00,Random Forest,7,1.617723788010337,0.9998679988370843,2022-11-12 07:00:00,2024-11-12 07:00:00,2024-11-12 07:00:00,731,1,-0.28640559026943707,0.28640559026943707,"{'max_depth': 10, 'max_features': 0.5, 'min_samples_leaf': 2, 'n_estimators': 100}"
2024-11-12 07:00:00,Neural Network,7,1.617723788010337,1.1511600338161483,2022-11-12 07:00:00,2024-11-12 07:00:00,2024-11-12 07:00:00,731,1,-0.35941423956503044,0.35941423956503044,"{'regressor__model__alpha': 0.0001, 'regressor__model__hidden_layer_sizes': (64, 32), 'regressor__model__learning_rate_init': 0.0001}"
2024-11-12 07:00:00,Naive,7,1.617723788010337,0.8601760484417909,2022-11-12 07:00:00,2024-11-12 07:00:00,2024-11-12 07:00:00,731,1,,,not_applicable
2024-11-13 07:00:00,Decision Tree,7,1.3968837213021201,1.6965816969378553,2022-11-13 07:00:00,2024-11-13 07:00:00,2024-11-13 07:00:00,731,1,-0.42290985504429074,0.42290985504429074,"{'max_depth': None, 'min_samples_leaf': 1, 'min_samples_split': 20}"
2024-11-13 07:00:00,ARX,7,1.3968837213021201,1.4556085622053154,2022-11-13 07:00:00,2024-11-13 07:00:00,2024-11-13 07:00:00,731,1,-0.3032104293734177,0.3032104293734177,{'model__alpha': 0.01}
2024-11-13 07:00:00,Random Forest,7,1.3968837213021201,1.540551007973541,2022-11-13 07:00:00,2024-11-13 07:00:00,2024-11-13 07:00:00,731,1,-0.28640559026943707,0.28640559026943707,"{'max_depth': 10, 'max_features': 0.5, 'min_samples_leaf': 2, 'n_estimators': 100}"
2024-11-13 07:00:00,Neural Network,7,1.3968837213021201,1.5395271322150053,2022-11-13 07:00:00,2024-11-13 07:00:00,2024-11-13 07:00:00,731,1,-0.35941423956503044,0.35941423956503044,"{'regressor__model__alpha': 0.0001, 'regressor__model__hidden_layer_sizes': (64, 32), 'regressor__model__learning_rate_init': 0.0001}"
2024-11-13 07:00:00,Naive,7,1.3968837213021201,1.617723788010337,2022-11-13 07:00:00,2024-11-13 07:00:00,2024-11-13 07:00:00,731,1,,,not_applicable
2024-11-14 07:00:00,Decision Tree,7,0.6116334131658376,1.122037826716945,2022-11-14 07:00:00,2024-11-14 07:00:00,2024-11-14 07:00:00,731,1,-0.42290985504429074,0.42290985504429074,"{'max_depth': None, 'min_samples_leaf': 1, 'min_samples_split': 20}"
2024-11-14 07:00:00,ARX,7,0.6116334131658376,0.9361919699020086,2022-11-14 07:00:00,2024-11-14 07:00:00,2024-11-14 07:00:00,731,1,-0.3032104293734177,0.3032104293734177,{'model__alpha': 0.01}
2024-11-14 07:00:00,Random Forest,7,0.6116334131658376,1.1413297420299602,2022-11-14 07:00:00,2024-11-14 07:00:00,2024-11-14 07:00:00,731,1,-0.28640559026943707,0.28640559026943707,"{'max_depth': 10, 'max_features': 0.5, 'min_samples_leaf': 2, 'n_estimators': 100}"
2024-11-14 07:00:00,Neural Network,7,0.6116334131658376,1.078028353419261,2022-11-14 07:00:00,2024-11-14 07:00:00,2024-11-14 07:00:00,731,1,-0.35941423956503044,0.35941423956503044,"{'regressor__model__alpha': 0.0001, 'regressor__model__hidden_layer_sizes': (64, 32), 'regressor__model__learning_rate_init': 0.0001}"
2024-11-14 07:00:00,Naive,7,0.6116334131658376,1.3968837213021201,2022-11-14 07:00:00,2024-11-14 07:00:00,2024-11-14 07:00:00,731,1,,,not_applicable
2024-11-15 07:00:00,Decision Tree,7,1.1246621756207453,1.1825499514865117,2022-11-15 07:00:00,2024-11-15 07:00:00,2024-11-15 07:00:00,731,1,-0.42290985504429074,0.42290985504429074,"{'max_depth': None, 'min_samples_leaf': 1, 'min_samples_split': 20}"
2024-11-15 07:00:00,ARX,7,1.1246621756207453,0.9632806718344801,2022-11-15 07:00:00,2024-11-15 07:00:00,2024-11-15 07:00:00,731,1,-0.3032104293734177,0.3032104293734177,{'model__alpha': 0.01}
2024-11-15 07:00:00,Random Forest,7,1.1246621756207453,1.008707109669745,2022-11-15 07:00:00,2024-11-15 07:00:00,2024-11-15 07:00:00,731,1,-0.28640559026943707,0.28640559026943707,"{'max_depth': 10, 'max_features': 0.5, 'min_samples_leaf': 2, 'n_estimators': 100}"
2024-11-15 07:00:00,Neural Network,7,1.1246621756207453,1.1749409851997739,2022-11-15 07:00:00,2024-11-15 07:00:00,2024-11-15 07:00:00,731,1,-0.35941423956503044,0.35941423956503044,"{'regressor__model__alpha': 0.0001, 'regressor__model__hidden_layer_sizes': (64, 32), 'regressor__model__learning_rate_init': 0.0001}"
2024-11-15 07:00:00,Naive,7,1.1246621756207453,0.6116334131658376,2022-11-15 07:00:00,2024-11-15 07:00:00,2024-11-15 07:00:00,731,1,,,not_applicable
2024-11-16 07:00:00,Decision Tree,7,0.0020346615206495453,0.5384516117312389,2022-11-16 07:00:00,2024-11-16 07:00:00,2024-11-16 07:00:00,731,1,-0.42290985504429074,0.42290985504429074,"{'max_depth': None, 'min_samples_leaf': 1, 'min_samples_split': 20}"
2024-11-16 07:00:00,ARX,7,0.0020346615206495453,0.11532402410316396,2022-11-16 07:00:00,2024-11-16 07:00:00,2024-11-16 07:00:00,731,1,-0.3032104293734177,0.3032104293734177,{'model__alpha': 0.01}
2024-11-16 07:00:00,Random Forest,7,0.0020346615206495453,0.5788113152786335,2022-11-16 07:00:00,2024-11-16 07:00:00,2024-11-16 07:00:00,731,1,-0.28640559026943707,0.28640559026943707,"{'max_depth': 10, 'max_features': 0.5, 'min_samples_leaf': 2, 'n_estimators': 100}"
2024-11-16 07:00:00,Neural Network,7,0.0020346615206495453,0.274086984560837,2022-11-16 07:00:00,2024-11-16 07:00:00,2024-11-16 07:00:00,731,1,-0.35941423956503044,0.35941423956503044,"{'regressor__model__alpha': 0.0001, 'regressor__model__hidden_layer_sizes': (64, 32), 'regressor__model__learning_rate_init': 0.0001}"
2024-11-16 07:00:00,Naive,7,0.0020346615206495453,1.1246621756207453,2022-11-16 07:00:00,2024-11-16 07:00:00,2024-11-16 07:00:00,731,1,,,not_applicable
2024-11-17 07:00:00,Decision Tree,7,-0.6927171726843738,-1.4192991761346458,2022-11-17 07:00:00,2024-11-17 07:00:00,2024-11-17 07:00:00,731,1,-0.42290985504429074,0.42290985504429074,"{'max_depth': None, 'min_samples_leaf': 1, 'min_samples_split': 20}"
2024-11-17 07:00:00,ARX,7,-0.6927171726843738,-0.6622731656642435,2022-11-17 07:00:00,2024-11-17 07:00:00,2024-11-17 07:00:00,731,1,-0.3032104293734177,0.3032104293734177,{'model__alpha': 0.01}
2024-11-17 07:00:00,Random Forest,7,-0.6927171726843738,-0.9848835657494616,2022-11-17 07:00:00,2024-11-17 07:00:00,2024-11-17 07:00:00,731,1,-0.28640559026943707,0.28640559026943707,"{'max_depth': 10, 'max_features': 0.5, 'min_samples_leaf': 2, 'n_estimators': 100}"
2024-11-17 07:00:00,Neural Network,7,-0.6927171726843738,-0.7020685275017797,2022-11-17 07:00:00,2024-11-17 07:00:00,2024-11-17 07:00:00,731,1,-0.35941423956503044,0.35941423956503044,"{'regressor__model__alpha': 0.0001, 'regressor__model__hidden_layer_sizes': (64, 32), 'regressor__model__learning_rate_init': 0.0001}"
2024-11-17 07:00:00,Naive,7,-0.6927171726843738,0.0020346615206495453,2022-11-17 07:00:00,2024-11-17 07:00:00,2024-11-17 07:00:00,731,1,,,not_applicable
2024-11-18 07:00:00,Decision Tree,7,0.7414557807387885,0.123013573938762,2022-11-18 07:00:00,2024-11-18 07:00:00,2024-11-18 07:00:00,731,1,-0.42290985504429074,0.42290985504429074,"{'max_depth': None, 'min_samples_leaf': 1, 'min_samples_split': 20}"
2024-11-18 07:00:00,ARX,7,0.7414557807387885,-0.028964626083713155,2022-11-18 07:00:00,2024-11-18 07:00:00,2024-11-18 07:00:00,731,1,-0.3032104293734177,0.3032104293734177,{'model__alpha': 0.01}
2024-11-18 07:00:00,Random Forest,7,0.7414557807387885,-0.10632316741995812,2022-11-18 07:00:00,2024-11-18 07:00:00,2024-11-18 07:00:00,731,1,-0.28640559026943707,0.28640559026943707,"{'max_depth': 10, 'max_features': 0.5, 'min_samples_leaf': 2, 'n_estimators': 100}"
2024-11-18 07:00:00,Neural Network,7,0.7414557807387885,0.14594600584903444,2022-11-18 07:00:00,2024-11-18 07:00:00,2024-11-18 07:00:00,731,1,-0.35941423956503044,0.35941423956503044,"{'regressor__model__alpha': 0.0001, 'regressor__model__hidden_layer_sizes': (64, 32), 'regressor__model__learning_rate_init': 0.0001}"
2024-11-18 07:00:00,Naive,7,0.7414557807387885,-0.6927171726843738,2022-11-18 07:00:00,2024-11-18 07:00:00,2024-11-18 07:00:00,731,1,,,not_applicable
2024-11-19 07:00:00,Decision Tree,7,0.9283693401134114,0.8275672456726572,2022-11-19 07:00:00,2024-11-19 07:00:00,2024-11-19 07:00:00,731,1,-0.42290985504429074,0.42290985504429074,"{'max_depth': None, 'min_samples_leaf': 1, 'min_samples_split': 20}"
2024-11-19 07:00:00,ARX,7,0.9283693401134114,1.0399152529954676,2022-11-19 07:00:00,2024-11-19 07:00:00,2024-11-19 07:00:00,731,1,-0.3032104293734177,0.3032104293734177,{'model__alpha': 0.01}
2024-11-19 07:00:00,Random Forest,7,0.9283693401134114,0.9770056162287396,2022-11-19 07:00:00,2024-11-19 07:00:00,2024-11-19 07:00:00,731,1,-0.28640559026943707,0.28640559026943707,"{'max_depth': 10, 'max_features': 0.5, 'min_samples_leaf': 2, 'n_estimators': 100}"
2024-11-19 07:00:00,Neural Network,7,0.9283693401134114,1.0381472051730432,2022-11-19 07:00:00,2024-11-19 07:00:00,2024-11-19 07:00:00,731,1,-0.35941423956503044,0.35941423956503044,"{'regressor__model__alpha': 0.0001, 'regressor__model__hidden_layer_sizes': (64, 32), 'regressor__model__learning_rate_init': 0.0001}"
2024-11-19 07:00:00,Naive,7,0.9283693401134114,0.7414557807387885,2022-11-19 07:00:00,2024-11-19 07:00:00,2024-11-19 07:00:00,731,1,,,not_applicable
2024-11-20 07:00:00,Decision Tree,7,0.9984093439065156,1.1780970456506836,2022-11-20 07:00:00,2024-11-20 07:00:00,2024-11-20 07:00:00,731,1,-0.42290985504429074,0.42290985504429074,"{'max_depth': None, 'min_samples_leaf': 1, 'min_samples_split': 20}"
2024-11-20 07:00:00,ARX,7,0.9984093439065156,0.5633306316044848,2022-11-20 07:00:00,2024-11-20 07:00:00,2024-11-20 07:00:00,731,1,-0.3032104293734177,0.3032104293734177,{'model__alpha': 0.01}
2024-11-20 07:00:00,Random Forest,7,0.9984093439065156,0.9845336818949046,2022-11-20 07:00:00,2024-11-20 07:00:00,2024-11-20 07:00:00,731,1,-0.28640559026943707,0.28640559026943707,"{'max_depth': 10, 'max_features': 0.5, 'min_samples_leaf': 2, 'n_estimators': 100}"
2024-11-20 07:00:00,Neural Network,7,0.9984093439065156,0.49385922376984964,2022-11-20 07:00:00,2024-11-20 07:00:00,2024-11-20 07:00:00,731,1,-0.35941423956503044,0.35941423956503044,"{'regressor__model__alpha': 0.0001, 'regressor__model__hidden_layer_sizes': (64, 32), 'regressor__model__learning_rate_init': 0.0001}"
2024-11-20 07:00:00,Naive,7,0.9984093439065156,0.9283693401134114,2022-11-20 07:00:00,2024-11-20 07:00:00,2024-11-20 07:00:00,731,1,,,not_applicable
2024-11-21 07:00:00,Decision Tree,7,0.7404630780222827,1.0897429386915645,2022-11-21 07:00:00,2024-11-21 07:00:00,2024-11-21 07:00:00,731,1,-0.42290985504429074,0.42290985504429074,"{'max_depth': None, 'min_samples_leaf': 1, 'min_samples_split': 20}"
2024-11-21 07:00:00,ARX,7,0.7404630780222827,0.6663870413672681,2022-11-21 07:00:00,2024-11-21 07:00:00,2024-11-21 07:00:00,731,1,-0.3032104293734177,0.3032104293734177,{'model__alpha': 0.01}
2024-11-21 07:00:00,Random Forest,7,0.7404630780222827,0.7810363882690423,2022-11-21 07:00:00,2024-11-21 07:00:00,2024-11-21 07:00:00,731,1,-0.28640559026943707,0.28640559026943707,"{'max_depth': 10, 'max_features': 0.5, 'min_samples_leaf': 2, 'n_estimators': 100}"
2024-11-21 07:00:00,Neural Network,7,0.7404630780222827,0.3627148008263179,2022-11-21 07:00:00,2024-11-21 07:00:00,2024-11-21 07:00:00,731,1,-0.35941423956503044,0.35941423956503044,"{'regressor__model__alpha': 0.0001, 'regressor__model__hidden_layer_sizes': (64, 32), 'regressor__model__learning_rate_init': 0.0001}"
2024-11-21 07:00:00,Naive,7,0.7404630780222827,0.9984093439065156,2022-11-21 07:00:00,2024-11-21 07:00:00,2024-11-21 07:00:00,731,1,,,not_applicable
2024-11-22 07:00:00,Decision Tree,7,0.9947399346622063,1.1652622098118144,2022-11-22 07:00:00,2024-11-22 07:00:00,2024-11-22 07:00:00,731,1,-0.42290985504429074,0.42290985504429074,"{'max_depth': None, 'min_samples_leaf': 1, 'min_samples_split': 20}"
2024-11-22 07:00:00,ARX,7,0.9947399346622063,0.7470958502041467,2022-11-22 07:00:00,2024-11-22 07:00:00,2024-11-22 07:00:00,731,1,-0.3032104293734177,0.3032104293734177,{'model__alpha': 0.01}
2024-11-22 07:00:00,Random Forest,7,0.9947399346622063,0.909553749660785,2022-11-22 07:00:00,2024-11-22 07:00:00,2024-11-22 07:00:00,731,1,-0.28640559026943707,0.28640559026943707,"{'max_depth': 10, 'max_features': 0.5, 'min_samples_leaf': 2, 'n_estimators': 100}"
2024-11-22 07:00:00,Neural Network,7,0.9947399346622063,0.6210919641804477,2022-11-22 07:00:00,2024-11-22 07:00:00,2024-11-22 07:00:00,731,1,-0.35941423956503044,0.35941423956503044,"{'regressor__model__alpha': 0.0001, 'regressor__model__hidden_layer_sizes': (64, 32), 'regressor__model__learning_rate_init': 0.0001}"
2024-11-22 07:00:00,Naive,7,0.9947399346622063,0.7404630780222827,2022-11-22 07:00:00,2024-11-22 07:00:00,2024-11-22 07:00:00,731,1,,,not_applicable
2024-11-23 07:00:00,Decision Tree,7,-0.01781676885428591,0.7076158277252454,2022-11-23 07:00:00,2024-11-23 07:00:00,2024-11-23 07:00:00,731,1,-0.42290985504429074,0.42290985504429074,"{'max_depth': None, 'min_samples_leaf': 1, 'min_samples_split': 20}"
2024-11-23 07:00:00,ARX,7,-0.01781676885428591,-0.2823288136849071,2022-11-23 07:00:00,2024-11-23 07:00:00,2024-11-23 07:00:00,731,1,-0.3032104293734177,0.3032104293734177,{'model__alpha': 0.01}
2024-11-23 07:00:00,Random Forest,7,-0.01781676885428591,-0.12375991690459344,2022-11-23 07:00:00,2024-11-23 07:00:00,2024-11-23 07:00:00,731,1,-0.28640559026943707,0.28640559026943707,"{'max_depth': 10, 'max_features': 0.5, 'min_samples_leaf': 2, 'n_estimators': 100}"
2024-11-23 07:00:00,Neural Network,7,-0.01781676885428591,-0.09059576876283239,2022-11-23 07:00:00,2024-11-23 07:00:00,2024-11-23 07:00:00,731,1,-0.35941423956503044,0.35941423956503044,"{'regressor__model__alpha': 0.0001, 'regressor__model__hidden_layer_sizes': (64, 32), 'regressor__model__learning_rate_init': 0.0001}"
2024-11-23 07:00:00,Naive,7,-0.01781676885428591,0.9947399346622063,2022-11-23 07:00:00,2024-11-23 07:00:00,2024-11-23 07:00:00,731,1,,,not_applicable
2024-11-24 07:00:00,Decision Tree,7,-1.58142793029554,-1.4192991761346458,2022-11-24 07:00:00,2024-11-24 07:00:00,2024-11-24 07:00:00,731,1,-0.42290985504429074,0.42290985504429074,"{'max_depth': None, 'min_samples_leaf': 1, 'min_samples_split': 20}"
2024-11-24 07:00:00,ARX,7,-1.58142793029554,-1.2319190395892878,2022-11-24 07:00:00,2024-11-24 07:00:00,2024-11-24 07:00:00,731,1,-0.3032104293734177,0.3032104293734177,{'model__alpha': 0.01}
2024-11-24 07:00:00,Random Forest,7,-1.58142793029554,-1.1385718863412604,2022-11-24 07:00:00,2024-11-24 07:00:00,2024-11-24 07:00:00,731,1,-0.28640559026943707,0.28640559026943707,"{'max_depth': 10, 'max_features': 0.5, 'min_samples_leaf': 2, 'n_estimators': 100}"
2024-11-24 07:00:00,Neural Network,7,-1.58142793029554,-0.9872886294200282,2022-11-24 07:00:00,2024-11-24 07:00:00,2024-11-24 07:00:00,731,1,-0.35941423956503044,0.35941423956503044,"{'regressor__model__alpha': 0.0001, 'regressor__model__hidden_layer_sizes': (64, 32), 'regressor__model__learning_rate_init': 0.0001}"
2024-11-24 07:00:00,Naive,7,-1.58142793029554,-0.01781676885428591,2022-11-24 07:00:00,2024-11-24 07:00:00,2024-11-24 07:00:00,731,1,,,not_applicable
2024-11-25 07:00:00,Decision Tree,7,-0.8230662198033182,-1.1474112119648316,2022-11-25 07:00:00,2024-11-25 07:00:00,2024-11-25 07:00:00,731,1,-0.42290985504429074,0.42290985504429074,"{'max_depth': None, 'min_samples_leaf': 1, 'min_samples_split': 20}"
2024-11-25 07:00:00,ARX,7,-0.8230662198033182,-0.6230130037618477,2022-11-25 07:00:00,2024-11-25 07:00:00,2024-11-25 07:00:00,731,1,-0.3032104293734177,0.3032104293734177,{'model__alpha': 0.01}
2024-11-25 07:00:00,Random Forest,7,-0.8230662198033182,-0.5342422832227932,2022-11-25 07:00:00,2024-11-25 07:00:00,2024-11-25 07:00:00,731,1,-0.28640559026943707,0.28640559026943707,"{'max_depth': 10, 'max_features': 0.5, 'min_samples_leaf': 2, 'n_estimators': 100}"
2024-11-25 07:00:00,Neural Network,7,-0.8230662198033182,0.23975301463348603,2022-11-25 07:00:00,2024-11-25 07:00:00,2024-11-25 07:00:00,731,1,-0.35941423956503044,0.35941423956503044,"{'regressor__model__alpha': 0.0001, 'regressor__model__hidden_layer_sizes': (64, 32), 'regressor__model__learning_rate_init': 0.0001}"
2024-11-25 07:00:00,Naive,7,-0.8230662198033182,-1.58142793029554,2022-11-25 07:00:00,2024-11-25 07:00:00,2024-11-25 07:00:00,731,1,,,not_applicable
2024-11-26 07:00:00,Decision Tree,7,0.9286695373610498,0.7167602683422788,2022-11-26 07:00:00,2024-11-26 07:00:00,2024-11-26 07:00:00,731,1,-0.42290985504429074,0.42290985504429074,"{'max_depth': None, 'min_samples_leaf': 1, 'min_samples_split': 20}"
2024-11-26 07:00:00,ARX,7,0.9286695373610498,0.2856090309780673,2022-11-26 07:00:00,2024-11-26 07:00:00,2024-11-26 07:00:00,731,1,-0.3032104293734177,0.3032104293734177,{'model__alpha': 0.01}
2024-11-26 07:00:00,Random Forest,7,0.9286695373610498,0.4318676737041028,2022-11-26 07:00:00,2024-11-26 07:00:00,2024-11-26 07:00:00,731,1,-0.28640559026943707,0.28640559026943707,"{'max_depth': 10, 'max_features': 0.5, 'min_samples_leaf': 2, 'n_estimators': 100}"
2024-11-26 07:00:00,Neural Network,7,0.9286695373610498,0.4239926282165497,2022-11-26 07:00:00,2024-11-26 07:00:00,2024-11-26 07:00:00,731,1,-0.35941423956503044,0.35941423956503044,"{'regressor__model__alpha': 0.0001, 'regressor__model__hidden_layer_sizes': (64, 32), 'regressor__model__learning_rate_init': 0.0001}"
2024-11-26 07:00:00,Naive,7,0.9286695373610498,-0.8230662198033182,2022-11-26 07:00:00,2024-11-26 07:00:00,2024-11-26 07:00:00,731,1,,,not_applicable
2024-11-27 07:00:00,Decision Tree,7,1.3632524097965775,1.17896699610439,2022-11-27 07:00:00,2024-11-27 07:00:00,2024-11-27 07:00:00,731,1,-0.42290985504429074,0.42290985504429074,"{'max_depth': None, 'min_samples_leaf': 1, 'min_samples_split': 20}"
2024-11-27 07:00:00,ARX,7,1.3632524097965775,1.0403205632376202,2022-11-27 07:00:00,2024-11-27 07:00:00,2024-11-27 07:00:00,731,1,-0.3032104293734177,0.3032104293734177,{'model__alpha': 0.01}
2024-11-27 07:00:00,Random Forest,7,1.3632524097965775,1.164188914507229,2022-11-27 07:00:00,2024-11-27 07:00:00,2024-11-27 07:00:00,731,1,-0.28640559026943707,0.28640559026943707,"{'max_depth': 10, 'max_features': 0.5, 'min_samples_leaf': 2, 'n_estimators': 100}"
2024-11-27 07:00:00,Neural Network,7,1.3632524097965775,0.7520826748719982,2022-11-27 07:00:00,2024-11-27 07:00:00,2024-11-27 07:00:00,731,1,-0.35941423956503044,0.35941423956503044,"{'regressor__model__alpha': 0.0001, 'regressor__model__hidden_layer_sizes': (64, 32), 'regressor__model__learning_rate_init': 0.0001}"
2024-11-27 07:00:00,Naive,7,1.3632524097965775,0.9286695373610498,2022-11-27 07:00:00,2024-11-27 07:00:00,2024-11-27 07:00:00,731,1,,,not_applicable
2024-11-28 07:00:00,Decision Tree,7,-0.04046100762931523,0.1642430543920971,2022-11-28 07:00:00,2024-11-28 07:00:00,2024-11-28 07:00:00,731,1,-0.42290985504429074,0.42290985504429074,"{'max_depth': None, 'min_samples_leaf': 1, 'min_samples_split': 20}"
2024-11-28 07:00:00,ARX,7,-0.04046100762931523,-0.10405261308667385,2022-11-28 07:00:00,2024-11-28 07:00:00,2024-11-28 07:00:00,731,1,-0.3032104293734177,0.3032104293734177,{'model__alpha': 0.01}
2024-11-28 07:00:00,Random Forest,7,-0.04046100762931523,-0.16552127167275857,2022-11-28 07:00:00,2024-11-28 07:00:00,2024-11-28 07:00:00,731,1,-0.28640559026943707,0.28640559026943707,"{'max_depth': 10, 'max_features': 0.5, 'min_samples_leaf': 2, 'n_estimators': 100}"
2024-11-28 07:00:00,Neural Network,7,-0.04046100762931523,-0.857585965532201,2022-11-28 07:00:00,2024-11-28 07:00:00,2024-11-28 07:00:00,731,1,-0.35941423956503044,0.35941423956503044,"{'regressor__model__alpha': 0.0001, 'regressor__model__hidden_layer_sizes': (64, 32), 'regressor__model__learning_rate_init': 0.0001}"
2024-11-28 07:00:00,Naive,7,-0.04046100762931523,1.3632524097965775,2022-11-28 07:00:00,2024-11-28 07:00:00,2024-11-28 07:00:00,731,1,,,not_applicable
2024-11-29 07:00:00,Decision Tree,7,1.4764105788681496,1.8690911303237698,2022-11-29 07:00:00,2024-11-29 07:00:00,2024-11-29 07:00:00,731,1,-0.42290985504429074,0.42290985504429074,"{'max_depth': None, 'min_samples_leaf': 1, 'min_samples_split': 20}"
2024-11-29 07:00:00,ARX,7,1.4764105788681496,1.2621864317743852,2022-11-29 07:00:00,2024-11-29 07:00:00,2024-11-29 07:00:00,731,1,-0.3032104293734177,0.3032104293734177,{'model__alpha': 0.01}
2024-11-29 07:00:00,Random Forest,7,1.4764105788681496,1.130003201921013,2022-11-29 07:00:00,2024-11-29 07:00:00,2024-11-29 07:00:00,731,1,-0.28640559026943707,0.28640559026943707,"{'max_depth': 10, 'max_features': 0.5, 'min_samples_leaf': 2, 'n_estimators': 100}"
2024-11-29 07:00:00,Neural Network,7,1.4764105788681496,1.3835093193249,2022-11-29 07:00:00,2024-11-29 07:00:00,2024-11-29 07:00:00,731,1,-0.35941423956503044,0.35941423956503044,"{'regressor__model__alpha': 0.0001, 'regressor__model__hidden_layer_sizes': (64, 32), 'regressor__model__learning_rate_init': 0.0001}"
2024-11-29 07:00:00,Naive,7,1.4764105788681496,-0.04046100762931523,2022-11-29 07:00:00,2024-11-29 07:00:00,2024-11-29 07:00:00,731,1,,,not_applicable
2024-11-30 07:00:00,Decision Tree,7,0.34404832534273433,-0.03159091375155089,2022-11-30 07:00:00,2024-11-30 07:00:00,2024-11-30 07:00:00,731,1,-0.42290985504429074,0.42290985504429074,"{'max_depth': None, 'min_samples_leaf': 1, 'min_samples_split': 20}"
2024-11-30 07:00:00,ARX,7,0.34404832534273433,0.11594970716093027,2022-11-30 07:00:00,2024-11-30 07:00:00,2024-11-30 07:00:00,731,1,-0.3032104293734177,0.3032104293734177,{'model__alpha': 0.01}
2024-11-30 07:00:00,Random Forest,7,0.34404832534273433,0.4213315115888355,2022-11-30 07:00:00,2024-11-30 07:00:00,2024-11-30 07:00:00,731,1,-0.28640559026943707,0.28640559026943707,"{'max_depth': 10, 'max_features': 0.5, 'min_samples_leaf': 2, 'n_estimators': 100}"
2024-11-30 07:00:00,Neural Network,7,0.34404832534273433,-0.3445246443882647,2022-11-30 07:00:00,2024-11-30 07:00:00,2024-11-30 07:00:00,731,1,-0.35941423956503044,0.35941423956503044,"{'regressor__model__alpha': 0.0001, 'regressor__model__hidden_layer_sizes': (64, 32), 'regressor__model__learning_rate_init': 0.0001}"
2024-11-30 07:00:00,Naive,7,0.34404832534273433,1.4764105788681496,2022-11-30 07:00:00,2024-11-30 07:00:00,2024-11-30 07:00:00,731,1,,,not_applicable
2024-12-01 07:00:00,Decision Tree,7,0.010084448196567706,0.23130981727896982,2022-12-01 07:00:00,2024-12-01 07:00:00,2024-12-01 07:00:00,731,1,-0.42290985504429074,0.42290985504429074,"{'max_depth': None, 'min_samples_leaf': 1, 'min_samples_split': 20}"
2024-12-01 07:00:00,ARX,7,0.010084448196567706,0.057860122851671206,2022-12-01 07:00:00,2024-12-01 07:00:00,2024-12-01 07:00:00,731,1,-0.3032104293734177,0.3032104293734177,{'model__alpha': 0.01}
2024-12-01 07:00:00,Random Forest,7,0.010084448196567706,0.17622466572452944,2022-12-01 07:00:00,2024-12-01 07:00:00,2024-12-01 07:00:00,731,1,-0.28640559026943707,0.28640559026943707,"{'max_depth': 10, 'max_features': 0.5, 'min_samples_leaf': 2, 'n_estimators': 100}"
2024-12-01 07:00:00,Neural Network,7,0.010084448196567706,-0.31575776646734,2022-12-01 07:00:00,2024-12-01 07:00:00,2024-12-01 07:00:00,731,1,-0.35941423956503044,0.35941423956503044,"{'regressor__model__alpha': 0.0001, 'regressor__model__hidden_layer_sizes': (64, 32), 'regressor__model__learning_rate_init': 0.0001}"
2024-12-01 07:00:00,Naive,7,0.010084448196567706,0.34404832534273433,2022-12-01 07:00:00,2024-12-01 07:00:00,2024-12-01 07:00:00,731,1,,,not_applicable
2024-12-02 07:00:00,Decision Tree,7,0.8371626160840362,0.5044748486087407,2022-12-02 07:00:00,2024-12-02 07:00:00,2024-12-02 07:00:00,731,1,-0.42290985504429074,0.42290985504429074,"{'max_depth': None, 'min_samples_leaf': 1, 'min_samples_split': 20}"
2024-12-02 07:00:00,ARX,7,0.8371626160840362,0.41473240240799236,2022-12-02 07:00:00,2024-12-02 07:00:00,2024-12-02 07:00:00,731,1,-0.3032104293734177,0.3032104293734177,{'model__alpha': 0.01}
2024-12-02 07:00:00,Random Forest,7,0.8371626160840362,0.48207036573018497,2022-12-02 07:00:00,2024-12-02 07:00:00,2024-12-02 07:00:00,731,1,-0.28640559026943707,0.28640559026943707,"{'max_depth': 10, 'max_features': 0.5, 'min_samples_leaf': 2, 'n_estimators': 100}"
2024-12-02 07:00:00,Neural Network,7,0.8371626160840362,0.007638228731617611,2022-12-02 07:00:00,2024-12-02 07:00:00,2024-12-02 07:00:00,731,1,-0.35941423956503044,0.35941423956503044,"{'regressor__model__alpha': 0.0001, 'regressor__model__hidden_layer_sizes': (64, 32), 'regressor__model__learning_rate_init': 0.0001}"
2024-12-02 07:00:00,Naive,7,0.8371626160840362,0.010084448196567706,2022-12-02 07:00:00,2024-12-02 07:00:00,2024-12-02 07:00:00,731,1,,,not_applicable
2024-12-03 07:00:00,Decision Tree,7,1.1326088466274,0.7811089662627888,2022-12-03 07:00:00,2024-12-03 07:00:00,2024-12-03 07:00:00,731,1,-0.42290985504429074,0.42290985504429074,"{'max_depth': None, 'min_samples_leaf': 1, 'min_samples_split': 20}"
2024-12-03 07:00:00,ARX,7,1.1326088466274,0.9457818372713578,2022-12-03 07:00:00,2024-12-03 07:00:00,2024-12-03 07:00:00,731,1,-0.3032104293734177,0.3032104293734177,{'model__alpha': 0.01}
2024-12-03 07:00:00,Random Forest,7,1.1326088466274,0.9722447546463708,2022-12-03 07:00:00,2024-12-03 07:00:00,2024-12-03 07:00:00,731,1,-0.28640559026943707,0.28640559026943707,"{'max_depth': 10, 'max_features': 0.5, 'min_samples_leaf': 2, 'n_estimators': 100}"
2024-12-03 07:00:00,Neural Network,7,1.1326088466274,0.9453517939393072,2022-12-03 07:00:00,2024-12-03 07:00:00,2024-12-03 07:00:00,731,1,-0.35941423956503044,0.35941423956503044,"{'regressor__model__alpha': 0.0001, 'regressor__model__hidden_layer_sizes': (64, 32), 'regressor__model__learning_rate_init': 0.0001}"
2024-12-03 07:00:00,Naive,7,1.1326088466274,0.8371626160840362,2022-12-03 07:00:00,2024-12-03 07:00:00,2024-12-03 07:00:00,731,1,,,not_applicable
2024-12-04 07:00:00,Decision Tree,7,1.8691030725422884,1.7105293364192713,2022-12-04 07:00:00,2024-12-04 07:00:00,2024-12-04 07:00:00,731,1,-0.42290985504429074,0.42290985504429074,"{'max_depth': None, 'min_samples_leaf': 1, 'min_samples_split': 20}"
2024-12-04 07:00:00,ARX,7,1.8691030725422884,1.4268637302732083,2022-12-04 07:00:00,2024-12-04 07:00:00,2024-12-04 07:00:00,731,1,-0.3032104293734177,0.3032104293734177,{'model__alpha': 0.01}
2024-12-04 07:00:00,Random Forest,7,1.8691030725422884,1.4178226687147484,2022-12-04 07:00:00,2024-12-04 07:00:00,2024-12-04 07:00:00,731,1,-0.28640559026943707,0.28640559026943707,"{'max_depth': 10, 'max_features': 0.5, 'min_samples_leaf': 2, 'n_estimators': 100}"
2024-12-04 07:00:00,Neural Network,7,1.8691030725422884,1.3526620196333365,2022-12-04 07:00:00,2024-12-04 07:00:00,2024-12-04 07:00:00,731,1,-0.35941423956503044,0.35941423956503044,"{'regressor__model__alpha': 0.0001, 'regressor__model__hidden_layer_sizes': (64, 32), 'regressor__model__learning_rate_init': 0.0001}"
2024-12-04 07:00:00,Naive,7,1.8691030725422884,1.1326088466274,2022-12-04 07:00:00,2024-12-04 07:00:00,2024-12-04 07:00:00,731,1,,,not_applicable
2024-12-05 07:00:00,Decision Tree,7,1.1512466877246164,1.0513039323440887,2022-12-05 07:00:00,2024-12-05 07:00:00,2024-12-05 07:00:00,731,1,-0.42290985504429074,0.42290985504429074,"{'max_depth': None, 'min_samples_leaf': 1, 'min_samples_split': 20}"
2024-12-05 07:00:00,ARX,7,1.1512466877246164,0.9507445596805535,2022-12-05 07:00:00,2024-12-05 07:00:00,2024-12-05 07:00:00,731,1,-0.3032104293734177,0.3032104293734177,{'model__alpha': 0.01}
2024-12-05 07:00:00,Random Forest,7,1.1512466877246164,1.2369953806587686,2022-12-05 07:00:00,2024-12-05 07:00:00,2024-12-05 07:00:00,731,1,-0.28640559026943707,0.28640559026943707,"{'max_depth': 10, 'max_features': 0.5, 'min_samples_leaf': 2, 'n_estimators': 100}"
2024-12-05 07:00:00,Neural Network,7,1.1512466877246164,0.7094171458132658,2022-12-05 07:00:00,2024-12-05 07:00:00,2024-12-05 07:00:00,731,1,-0.35941423956503044,0.35941423956503044,"{'regressor__model__alpha': 0.0001, 'regressor__model__hidden_layer_sizes': (64, 32), 'regressor__model__learning_rate_init': 0.0001}"
2024-12-05 07:00:00,Naive,7,1.1512466877246164,1.8691030725422884,2022-12-05 07:00:00,2024-12-05 07:00:00,2024-12-05 07:00:00,731,1,,,not_applicable
2024-12-06 07:00:00,Decision Tree,7,0.08562450839459981,0.15144905051575883,2022-12-06 07:00:00,2024-12-06 07:00:00,2024-12-06 07:00:00,731,1,-0.42290985504429074,0.42290985504429074,"{'max_depth': None, 'min_samples_leaf': 1, 'min_samples_split': 20}"
2024-12-06 07:00:00,ARX,7,0.08562450839459981,-0.020676597225748328,2022-12-06 07:00:00,2024-12-06 07:00:00,2024-12-06 07:00:00,731,1,-0.3032104293734177,0.3032104293734177,{'model__alpha': 0.01}
2024-12-06 07:00:00,Random Forest,7,0.08562450839459981,0.08547403665995125,2022-12-06 07:00:00,2024-12-06 07:00:00,2024-12-06 07:00:00,731,1,-0.28640559026943707,0.28640559026943707,"{'max_depth': 10, 'max_features': 0.5, 'min_samples_leaf': 2, 'n_estimators': 100}"
2024-12-06 07:00:00,Neural Network,7,0.08562450839459981,-0.237886904746502,2022-12-06 07:00:00,2024-12-06 07:00:00,2024-12-06 07:00:00,731,1,-0.35941423956503044,0.35941423956503044,"{'regressor__model__alpha': 0.0001, 'regressor__model__hidden_layer_sizes': (64, 32), 'regressor__model__learning_rate_init': 0.0001}"
2024-12-06 07:00:00,Naive,7,0.08562450839459981,1.1512466877246164,2022-12-06 07:00:00,2024-12-06 07:00:00,2024-12-06 07:00:00,731,1,,,not_applicable
2024-12-07 07:00:00,Decision Tree,7,-1.0268010372558285,0.3723855203633597,2022-12-07 07:00:00,2024-12-07 07:00:00,2024-12-07 07:00:00,731,1,-0.42290985504429074,0.42290985504429074,"{'max_depth': None, 'min_samples_leaf': 1, 'min_samples_split': 20}"
2024-12-07 07:00:00,ARX,7,-1.0268010372558285,0.4071030476363944,2022-12-07 07:00:00,2024-12-07 07:00:00,2024-12-07 07:00:00,731,1,-0.3032104293734177,0.3032104293734177,{'model__alpha': 0.01}
2024-12-07 07:00:00,Random Forest,7,-1.0268010372558285,0.1686413080576442,2022-12-07 07:00:00,2024-12-07 07:00:00,2024-12-07 07:00:00,731,1,-0.28640559026943707,0.28640559026943707,"{'max_depth': 10, 'max_features': 0.5, 'min_samples_leaf': 2, 'n_estimators': 100}"
2024-12-07 07:00:00,Neural Network,7,-1.0268010372558285,-0.019912782420271363,2022-12-07 07:00:00,2024-12-07 07:00:00,2024-12-07 07:00:00,731,1,-0.35941423956503044,0.35941423956503044,"{'regressor__model__alpha': 0.0001, 'regressor__model__hidden_layer_sizes': (64, 32), 'regressor__model__learning_rate_init': 0.0001}"
2024-12-07 07:00:00,Naive,7,-1.0268010372558285,0.08562450839459981,2022-12-07 07:00:00,2024-12-07 07:00:00,2024-12-07 07:00:00,731,1,,,not_applicable
2024-12-08 07:00:00,Decision Tree,7,0.052641400886055845,-0.3115352483462054,2022-12-08 07:00:00,2024-12-08 07:00:00,2024-12-08 07:00:00,731,1,-0.42290985504429074,0.42290985504429074,"{'max_depth': None, 'min_samples_leaf': 1, 'min_samples_split': 20}"
2024-12-08 07:00:00,ARX,7,0.052641400886055845,-0.22420274770917045,2022-12-08 07:00:00,2024-12-08 07:00:00,2024-12-08 07:00:00,731,1,-0.3032104293734177,0.3032104293734177,{'model__alpha': 0.01}
2024-12-08 07:00:00,Random Forest,7,0.052641400886055845,-0.19452802368063246,2022-12-08 07:00:00,2024-12-08 07:00:00,2024-12-08 07:00:00,731,1,-0.28640559026943707,0.28640559026943707,"{'max_depth': 10, 'max_features': 0.5, 'min_samples_leaf': 2, 'n_estimators': 100}"
2024-12-08 07:00:00,Neural Network,7,0.052641400886055845,-0.059639616936143315,2022-12-08 07:00:00,2024-12-08 07:00:00,2024-12-08 07:00:00,731,1,-0.35941423956503044,0.35941423956503044,"{'regressor__model__alpha': 0.0001, 'regressor__model__hidden_layer_sizes': (64, 32), 'regressor__model__learning_rate_init': 0.0001}"
2024-12-08 07:00:00,Naive,7,0.052641400886055845,-1.0268010372558285,2022-12-08 07:00:00,2024-12-08 07:00:00,2024-12-08 07:00:00,731,1,,,not_applicable
2024-12-09 07:00:00,Decision Tree,7,0.6006432607901333,0.9495977035260016,2022-12-09 07:00:00,2024-12-09 07:00:00,2024-12-09 07:00:00,731,1,-0.42290985504429074,0.42290985504429074,"{'max_depth': None, 'min_samples_leaf': 1, 'min_samples_split': 20}"
2024-12-09 07:00:00,ARX,7,0.6006432607901333,0.2962227245804715,2022-12-09 07:00:00,2024-12-09 07:00:00,2024-12-09 07:00:00,731,1,-0.3032104293734177,0.3032104293734177,{'model__alpha': 0.01}
2024-12-09 07:00:00,Random Forest,7,0.6006432607901333,0.2780270346545159,2022-12-09 07:00:00,2024-12-09 07:00:00,2024-12-09 07:00:00,731,1,-0.28640559026943707,0.28640559026943707,"{'max_depth': 10, 'max_features': 0.5, 'min_samples_leaf': 2, 'n_estimators': 100}"
2024-12-09 07:00:00,Neural Network,7,0.6006432607901333,-0.07880225970581772,2022-12-09 07:00:00,2024-12-09 07:00:00,2024-12-09 07:00:00,731,1,-0.35941423956503044,0.35941423956503044,"{'regressor__model__alpha': 0.0001, 'regressor__model__hidden_layer_sizes': (64, 32), 'regressor__model__learning_rate_init': 0.0001}"
2024-12-09 07:00:00,Naive,7,0.6006432607901333,0.052641400886055845,2022-12-09 07:00:00,2024-12-09 07:00:00,2024-12-09 07:00:00,731,1,,,not_applicable
2024-12-10 07:00:00,Decision Tree,7,1.0271465490008778,1.0561749746044102,2022-12-10 07:00:00,2024-12-10 07:00:00,2024-12-10 07:00:00,731,1,-0.42290985504429074,0.42290985504429074,"{'max_depth': None, 'min_samples_leaf': 1, 'min_samples_split': 20}"
2024-12-10 07:00:00,ARX,7,1.0271465490008778,0.8250844288010349,2022-12-10 07:00:00,2024-12-10 07:00:00,2024-12-10 07:00:00,731,1,-0.3032104293734177,0.3032104293734177,{'model__alpha': 0.01}
2024-12-10 07:00:00,Random Forest,7,1.0271465490008778,0.9461296249048935,2022-12-10 07:00:00,2024-12-10 07:00:00,2024-12-10 07:00:00,731,1,-0.28640559026943707,0.28640559026943707,"{'max_depth': 10, 'max_features': 0.5, 'min_samples_leaf': 2, 'n_estimators': 100}"
2024-12-10 07:00:00,Neural Network,7,1.0271465490008778,1.1162159464741659,2022-12-10 07:00:00,2024-12-10 07:00:00,2024-12-10 07:00:00,731,1,-0.35941423956503044,0.35941423956503044,"{'regressor__model__alpha': 0.0001, 'regressor__model__hidden_layer_sizes': (64, 32), 'regressor__model__learning_rate_init': 0.0001}"
2024-12-10 07:00:00,Naive,7,1.0271465490008778,0.6006432607901333,2022-12-10 07:00:00,2024-12-10 07:00:00,2024-12-10 07:00:00,731,1,,,not_applicable
2024-12-11 07:00:00,Decision Tree,7,2.4012428003529602,1.529005600327417,2022-12-11 07:00:00,2024-12-11 07:00:00,2024-12-11 07:00:00,731,1,-0.42290985504429074,0.42290985504429074,"{'max_depth': None, 'min_samples_leaf': 1, 'min_samples_split': 20}"
2024-12-11 07:00:00,ARX,7,2.4012428003529602,1.6384256518520128,2022-12-11 07:00:00,2024-12-11 07:00:00,2024-12-11 07:00:00,731,1,-0.3032104293734177,0.3032104293734177,{'model__alpha': 0.01}
2024-12-11 07:00:00,Random Forest,7,2.4012428003529602,1.473327495889896,2022-12-11 07:00:00,2024-12-11 07:00:00,2024-12-11 07:00:00,731,1,-0.28640559026943707,0.28640559026943707,"{'max_depth': 10, 'max_features': 0.5, 'min_samples_leaf': 2, 'n_estimators': 100}"
2024-12-11 07:00:00,Neural Network,7,2.4012428003529602,1.0825991567031026,2022-12-11 07:00:00,2024-12-11 07:00:00,2024-12-11 07:00:00,731,1,-0.35941423956503044,0.35941423956503044,"{'regressor__model__alpha': 0.0001, 'regressor__model__hidden_layer_sizes': (64, 32), 'regressor__model__learning_rate_init': 0.0001}"
2024-12-11 07:00:00,Naive,7,2.4012428003529602,1.0271465490008778,2022-12-11 07:00:00,2024-12-11 07:00:00,2024-12-11 07:00:00,731,1,,,not_applicable
2024-12-12 07:00:00,Decision Tree,7,3.3018567607857725,1.836729285735694,2022-12-12 07:00:00,2024-12-12 07:00:00,2024-12-12 07:00:00,731,1,-0.42290985504429074,0.42290985504429074,"{'max_depth': None, 'min_samples_leaf': 1, 'min_samples_split': 20}"
2024-12-12 07:00:00,ARX,7,3.3018567607857725,1.6324765918491553,2022-12-12 07:00:00,2024-12-12 07:00:00,2024-12-12 07:00:00,731,1,-0.3032104293734177,0.3032104293734177,{'model__alpha': 0.01}
2024-12-12 07:00:00,Random Forest,7,3.3018567607857725,1.8268808181155827,2022-12-12 07:00:00,2024-12-12 07:00:00,2024-12-12 07:00:00,731,1,-0.28640559026943707,0.28640559026943707,"{'max_depth': 10, 'max_features': 0.5, 'min_samples_leaf': 2, 'n_estimators': 100}"
2024-12-12 07:00:00,Neural Network,7,3.3018567607857725,2.150197078701534,2022-12-12 07:00:00,2024-12-12 07:00:00,2024-12-12 07:00:00,731,1,-0.35941423956503044,0.35941423956503044,"{'regressor__model__alpha': 0.0001, 'regressor__model__hidden_layer_sizes': (64, 32), 'regressor__model__learning_rate_init': 0.0001}"
2024-12-12 07:00:00,Naive,7,3.3018567607857725,2.4012428003529602,2022-12-12 07:00:00,2024-12-12 07:00:00,2024-12-12 07:00:00,731,1,,,not_applicable
2024-12-13 07:00:00,Decision Tree,7,1.6895222314402496,0.643864565774726,2022-12-13 07:00:00,2024-12-13 07:00:00,2024-12-13 07:00:00,731,1,-0.42290985504429074,0.42290985504429074,"{'max_depth': None, 'min_samples_leaf': 1, 'min_samples_split': 20}"
2024-12-13 07:00:00,ARX,7,1.6895222314402496,1.5505316093344017,2022-12-13 07:00:00,2024-12-13 07:00:00,2024-12-13 07:00:00,731,1,-0.3032104293734177,0.3032104293734177,{'model__alpha': 0.01}
2024-12-13 07:00:00,Random Forest,7,1.6895222314402496,1.4462520414292832,2022-12-13 07:00:00,2024-12-13 07:00:00,2024-12-13 07:00:00,731,1,-0.28640559026943707,0.28640559026943707,"{'max_depth': 10, 'max_features': 0.5, 'min_samples_leaf': 2, 'n_estimators': 100}"
2024-12-13 07:00:00,Neural Network,7,1.6895222314402496,1.4726175882316312,2022-12-13 07:00:00,2024-12-13 07:00:00,2024-12-13 07:00:00,731,1,-0.35941423956503044,0.35941423956503044,"{'regressor__model__alpha': 0.0001, 'regressor__model__hidden_layer_sizes': (64, 32), 'regressor__model__learning_rate_init': 0.0001}"
2024-12-13 07:00:00,Naive,7,1.6895222314402496,3.3018567607857725,2022-12-13 07:00:00,2024-12-13 07:00:00,2024-12-13 07:00:00,731,1,,,not_applicable
2024-12-14 07:00:00,Decision Tree,7,0.32473377663667613,0.13225162153472914,2022-12-14 07:00:00,2024-12-14 07:00:00,2024-12-14 07:00:00,731,1,-0.42290985504429074,0.42290985504429074,"{'max_depth': None, 'min_samples_leaf': 1, 'min_samples_split': 20}"
2024-12-14 07:00:00,ARX,7,0.32473377663667613,0.5303557324672801,2022-12-14 07:00:00,2024-12-14 07:00:00,2024-12-14 07:00:00,731,1,-0.3032104293734177,0.3032104293734177,{'model__alpha': 0.01}
2024-12-14 07:00:00,Random Forest,7,0.32473377663667613,0.7850290166220982,2022-12-14 07:00:00,2024-12-14 07:00:00,2024-12-14 07:00:00,731,1,-0.28640559026943707,0.28640559026943707,"{'max_depth': 10, 'max_features': 0.5, 'min_samples_leaf': 2, 'n_estimators': 100}"
2024-12-14 07:00:00,Neural Network,7,0.32473377663667613,-0.039993481660261954,2022-12-14 07:00:00,2024-12-14 07:00:00,2024-12-14 07:00:00,731,1,-0.35941423956503044,0.35941423956503044,"{'regressor__model__alpha': 0.0001, 'regressor__model__hidden_layer_sizes': (64, 32), 'regressor__model__learning_rate_init': 0.0001}"
2024-12-14 07:00:00,Naive,7,0.32473377663667613,1.6895222314402496,2022-12-14 07:00:00,2024-12-14 07:00:00,2024-12-14 07:00:00,731,1,,,not_applicable
2024-12-15 07:00:00,Decision Tree,7,-0.8384585613932214,-0.5196895156444323,2022-12-15 07:00:00,2024-12-15 07:00:00,2024-12-15 07:00:00,731,1,-0.42290985504429074,0.42290985504429074,"{'max_depth': None, 'min_samples_leaf': 1, 'min_samples_split': 20}"
2024-12-15 07:00:00,ARX,7,-0.8384585613932214,-0.37489271024035165,2022-12-15 07:00:00,2024-12-15 07:00:00,2024-12-15 07:00:00,731,1,-0.3032104293734177,0.3032104293734177,{'model__alpha': 0.01}
2024-12-15 07:00:00,Random Forest,7,-0.8384585613932214,-0.40209583514143754,2022-12-15 07:00:00,2024-12-15 07:00:00,2024-12-15 07:00:00,731,1,-0.28640559026943707,0.28640559026943707,"{'max_depth': 10, 'max_features': 0.5, 'min_samples_leaf': 2, 'n_estimators': 100}"
2024-12-15 07:00:00,Neural Network,7,-0.8384585613932214,-0.7735997863509647,2022-12-15 07:00:00,2024-12-15 07:00:00,2024-12-15 07:00:00,731,1,-0.35941423956503044,0.35941423956503044,"{'regressor__model__alpha': 0.0001, 'regressor__model__hidden_layer_sizes': (64, 32), 'regressor__model__learning_rate_init': 0.0001}"
2024-12-15 07:00:00,Naive,7,-0.8384585613932214,0.32473377663667613,2022-12-15 07:00:00,2024-12-15 07:00:00,2024-12-15 07:00:00,731,1,,,not_applicable
2024-12-16 07:00:00,Decision Tree,7,-0.7293582773267289,-0.6226990825043315,2022-12-16 07:00:00,2024-12-16 07:00:00,2024-12-16 07:00:00,731,1,-0.42290985504429074,0.42290985504429074,"{'max_depth': None, 'min_samples_leaf': 1, 'min_samples_split': 20}"
2024-12-16 07:00:00,ARX,7,-0.7293582773267289,-0.5997397508600677,2022-12-16 07:00:00,2024-12-16 07:00:00,2024-12-16 07:00:00,731,1,-0.3032104293734177,0.3032104293734177,{'model__alpha': 0.01}
2024-12-16 07:00:00,Random Forest,7,-0.7293582773267289,-0.47605268435272974,2022-12-16 07:00:00,2024-12-16 07:00:00,2024-12-16 07:00:00,731,1,-0.28640559026943707,0.28640559026943707,"{'max_depth': 10, 'max_features': 0.5, 'min_samples_leaf': 2, 'n_estimators': 100}"
2024-12-16 07:00:00,Neural Network,7,-0.7293582773267289,-0.9739809011269629,2022-12-16 07:00:00,2024-12-16 07:00:00,2024-12-16 07:00:00,731,1,-0.35941423956503044,0.35941423956503044,"{'regressor__model__alpha': 0.0001, 'regressor__model__hidden_layer_sizes': (64, 32), 'regressor__model__learning_rate_init': 0.0001}"
2024-12-16 07:00:00,Naive,7,-0.7293582773267289,-0.8384585613932214,2022-12-16 07:00:00,2024-12-16 07:00:00,2024-12-16 07:00:00,731,1,,,not_applicable
2024-12-17 07:00:00,Decision Tree,7,0.41407375606886865,0.3328799596090327,2022-12-17 07:00:00,2024-12-17 07:00:00,2024-12-17 07:00:00,731,1,-0.42290985504429074,0.42290985504429074,"{'max_depth': None, 'min_samples_leaf': 1, 'min_samples_split': 20}"
2024-12-17 07:00:00,ARX,7,0.41407375606886865,-0.16305644945448167,2022-12-17 07:00:00,2024-12-17 07:00:00,2024-12-17 07:00:00,731,1,-0.3032104293734177,0.3032104293734177,{'model__alpha': 0.01}
2024-12-17 07:00:00,Random Forest,7,0.41407375606886865,0.14809815695936593,2022-12-17 07:00:00,2024-12-17 07:00:00,2024-12-17 07:00:00,731,1,-0.28640559026943707,0.28640559026943707,"{'max_depth': 10, 'max_features': 0.5, 'min_samples_leaf': 2, 'n_estimators': 100}"
2024-12-17 07:00:00,Neural Network,7,0.41407375606886865,0.4033279138881525,2022-12-17 07:00:00,2024-12-17 07:00:00,2024-12-17 07:00:00,731,1,-0.35941423956503044,0.35941423956503044,"{'regressor__model__alpha': 0.0001, 'regressor__model__hidden_layer_sizes': (64, 32), 'regressor__model__learning_rate_init': 0.0001}"
2024-12-17 07:00:00,Naive,7,0.41407375606886865,-0.7293582773267289,2022-12-17 07:00:00,2024-12-17 07:00:00,2024-12-17 07:00:00,731,1,,,not_applicable
2024-12-18 07:00:00,Decision Tree,7,-0.7595555932460148,-0.4729128844822986,2022-12-18 07:00:00,2024-12-18 07:00:00,2024-12-18 07:00:00,731,1,-0.42290985504429074,0.42290985504429074,"{'max_depth': None, 'min_samples_leaf': 1, 'min_samples_split': 20}"
2024-12-18 07:00:00,ARX,7,-0.7595555932460148,0.6565075008771726,2022-12-18 07:00:00,2024-12-18 07:00:00,2024-12-18 07:00:00,731,1,-0.3032104293734177,0.3032104293734177,{'model__alpha': 0.01}
2024-12-18 07:00:00,Random Forest,7,-0.7595555932460148,0.3394969867193058,2022-12-18 07:00:00,2024-12-18 07:00:00,2024-12-18 07:00:00,731,1,-0.28640559026943707,0.28640559026943707,"{'max_depth': 10, 'max_features': 0.5, 'min_samples_leaf': 2, 'n_estimators': 100}"
2024-12-18 07:00:00,Neural Network,7,-0.7595555932460148,1.2172509560051352,2022-12-18 07:00:00,2024-12-18 07:00:00,2024-12-18 07:00:00,731,1,-0.35941423956503044,0.35941423956503044,"{'regressor__model__alpha': 0.0001, 'regressor__model__hidden_layer_sizes': (64, 32), 'regressor__model__learning_rate_init': 0.0001}"
2024-12-18 07:00:00,Naive,7,-0.7595555932460148,0.41407375606886865,2022-12-18 07:00:00,2024-12-18 07:00:00,2024-12-18 07:00:00,731,1,,,not_applicable
2024-12-19 07:00:00,Decision Tree,7,-0.8366183110799204,-0.6772581974946317,2022-12-19 07:00:00,2024-12-19 07:00:00,2024-12-19 07:00:00,731,1,-0.42290985504429074,0.42290985504429074,"{'max_depth': None, 'min_samples_leaf': 1, 'min_samples_split': 20}"
2024-12-19 07:00:00,ARX,7,-0.8366183110799204,-0.11934514748830302,2022-12-19 07:00:00,2024-12-19 07:00:00,2024-12-19 07:00:00,731,1,-0.3032104293734177,0.3032104293734177,{'model__alpha': 0.01}
2024-12-19 07:00:00,Random Forest,7,-0.8366183110799204,-0.7211956939059212,2022-12-19 07:00:00,2024-12-19 07:00:00,2024-12-19 07:00:00,731,1,-0.28640559026943707,0.28640559026943707,"{'max_depth': 10, 'max_features': 0.5, 'min_samples_leaf': 2, 'n_estimators': 100}"
2024-12-19 07:00:00,Neural Network,7,-0.8366183110799204,0.1389450833411485,2022-12-19 07:00:00,2024-12-19 07:00:00,2024-12-19 07:00:00,731,1,-0.35941423956503044,0.35941423956503044,"{'regressor__model__alpha': 0.0001, 'regressor__model__hidden_layer_sizes': (64, 32), 'regressor__model__learning_rate_init': 0.0001}"
2024-12-19 07:00:00,Naive,7,-0.8366183110799204,-0.7595555932460148,2022-12-19 07:00:00,2024-12-19 07:00:00,2024-12-19 07:00:00,731,1,,,not_applicable
2024-12-20 07:00:00,Decision Tree,7,0.35678676982629476,0.13156511529927625,2022-12-20 07:00:00,2024-12-20 07:00:00,2024-12-20 07:00:00,731,1,-0.42290985504429074,0.42290985504429074,"{'max_depth': None, 'min_samples_leaf': 1, 'min_samples_split': 20}"
2024-12-20 07:00:00,ARX,7,0.35678676982629476,-0.08329468390245547,2022-12-20 07:00:00,2024-12-20 07:00:00,2024-12-20 07:00:00,731,1,-0.3032104293734177,0.3032104293734177,{'model__alpha': 0.01}
2024-12-20 07:00:00,Random Forest,7,0.35678676982629476,-0.14930600554018705,2022-12-20 07:00:00,2024-12-20 07:00:00,2024-12-20 07:00:00,731,1,-0.28640559026943707,0.28640559026943707,"{'max_depth': 10, 'max_features': 0.5, 'min_samples_leaf': 2, 'n_estimators': 100}"
2024-12-20 07:00:00,Neural Network,7,0.35678676982629476,0.018760526557143387,2022-12-20 07:00:00,2024-12-20 07:00:00,2024-12-20 07:00:00,731,1,-0.35941423956503044,0.35941423956503044,"{'regressor__model__alpha': 0.0001, 'regressor__model__hidden_layer_sizes': (64, 32), 'regressor__model__learning_rate_init': 0.0001}"
2024-12-20 07:00:00,Naive,7,0.35678676982629476,-0.8366183110799204,2022-12-20 07:00:00,2024-12-20 07:00:00,2024-12-20 07:00:00,731,1,,,not_applicable
2024-12-21 07:00:00,Decision Tree,7,-1.358463618181622,-0.7346423242259432,2022-12-21 07:00:00,2024-12-21 07:00:00,2024-12-21 07:00:00,731,1,-0.42290985504429074,0.42290985504429074,"{'max_depth': None, 'min_samples_leaf': 1, 'min_samples_split': 20}"
2024-12-21 07:00:00,ARX,7,-1.358463618181622,-0.611801739595089,2022-12-21 07:00:00,2024-12-21 07:00:00,2024-12-21 07:00:00,731,1,-0.3032104293734177,0.3032104293734177,{'model__alpha': 0.01}
2024-12-21 07:00:00,Random Forest,7,-1.358463618181622,-0.7618304358694687,2022-12-21 07:00:00,2024-12-21 07:00:00,2024-12-21 07:00:00,731,1,-0.28640559026943707,0.28640559026943707,"{'max_depth': 10, 'max_features': 0.5, 'min_samples_leaf': 2, 'n_estimators': 100}"
2024-12-21 07:00:00,Neural Network,7,-1.358463618181622,-0.7330855668765139,2022-12-21 07:00:00,2024-12-21 07:00:00,2024-12-21 07:00:00,731,1,-0.35941423956503044,0.35941423956503044,"{'regressor__model__alpha': 0.0001, 'regressor__model__hidden_layer_sizes': (64, 32), 'regressor__model__learning_rate_init': 0.0001}"
2024-12-21 07:00:00,Naive,7,-1.358463618181622,0.35678676982629476,2022-12-21 07:00:00,2024-12-21 07:00:00,2024-12-21 07:00:00,731,1,,,not_applicable
2024-12-22 07:00:00,Decision Tree,7,-1.603487542690158,-1.2517415386722461,2022-12-22 07:00:00,2024-12-22 07:00:00,2024-12-22 07:00:00,731,1,-0.42290985504429074,0.42290985504429074,"{'max_depth': None, 'min_samples_leaf': 1, 'min_samples_split': 20}"
2024-12-22 07:00:00,ARX,7,-1.603487542690158,-1.4774323425795095,2022-12-22 07:00:00,2024-12-22 07:00:00,2024-12-22 07:00:00,731,1,-0.3032104293734177,0.3032104293734177,{'model__alpha': 0.01}
2024-12-22 07:00:00,Random Forest,7,-1.603487542690158,-1.2349241680926222,2022-12-22 07:00:00,2024-12-22 07:00:00,2024-12-22 07:00:00,731,1,-0.28640559026943707,0.28640559026943707,"{'max_depth': 10, 'max_features': 0.5, 'min_samples_leaf': 2, 'n_estimators': 100}"
2024-12-22 07:00:00,Neural Network,7,-1.603487542690158,-1.781109138466066,2022-12-22 07:00:00,2024-12-22 07:00:00,2024-12-22 07:00:00,731,1,-0.35941423956503044,0.35941423956503044,"{'regressor__model__alpha': 0.0001, 'regressor__model__hidden_layer_sizes': (64, 32), 'regressor__model__learning_rate_init': 0.0001}"
2024-12-22 07:00:00,Naive,7,-1.603487542690158,-1.358463618181622,2022-12-22 07:00:00,2024-12-22 07:00:00,2024-12-22 07:00:00,731,1,,,not_applicable
2024-12-23 07:00:00,Decision Tree,7,-0.8661521558576302,-1.2496371431211728,2022-12-23 07:00:00,2024-12-23 07:00:00,2024-12-23 07:00:00,731,1,-0.42290985504429074,0.42290985504429074,"{'max_depth': None, 'min_samples_leaf': 1, 'min_samples_split': 20}"
2024-12-23 07:00:00,ARX,7,-0.8661521558576302,-0.45748847922898817,2022-12-23 07:00:00,2024-12-23 07:00:00,2024-12-23 07:00:00,731,1,-0.3032104293734177,0.3032104293734177,{'model__alpha': 0.01}
2024-12-23 07:00:00,Random Forest,7,-0.8661521558576302,-0.8073971010522566,2022-12-23 07:00:00,2024-12-23 07:00:00,2024-12-23 07:00:00,731,1,-0.28640559026943707,0.28640559026943707,"{'max_depth': 10, 'max_features': 0.5, 'min_samples_leaf': 2, 'n_estimators': 100}"
2024-12-23 07:00:00,Neural Network,7,-0.8661521558576302,-0.3501940089253931,2022-12-23 07:00:00,2024-12-23 07:00:00,2024-12-23 07:00:00,731,1,-0.35941423956503044,0.35941423956503044,"{'regressor__model__alpha': 0.0001, 'regressor__model__hidden_layer_sizes': (64, 32), 'regressor__model__learning_rate_init': 0.0001}"
2024-12-23 07:00:00,Naive,7,-0.8661521558576302,-1.603487542690158,2022-12-23 07:00:00,2024-12-23 07:00:00,2024-12-23 07:00:00,731,1,,,not_applicable
2024-12-24 07:00:00,Decision Tree,7,0.32752794438443555,0.7379161249452035,2022-12-24 07:00:00,2024-12-24 07:00:00,2024-12-24 07:00:00,731,1,-0.42290985504429074,0.42290985504429074,"{'max_depth': None, 'min_samples_leaf': 1, 'min_samples_split': 20}"
2024-12-24 07:00:00,ARX,7,0.32752794438443555,0.6077246694245748,2022-12-24 07:00:00,2024-12-24 07:00:00,2024-12-24 07:00:00,731,1,-0.3032104293734177,0.3032104293734177,{'model__alpha': 0.01}
2024-12-24 07:00:00,Random Forest,7,0.32752794438443555,0.4171941112926251,2022-12-24 07:00:00,2024-12-24 07:00:00,2024-12-24 07:00:00,731,1,-0.28640559026943707,0.28640559026943707,"{'max_depth': 10, 'max_features': 0.5, 'min_samples_leaf': 2, 'n_estimators': 100}"
2024-12-24 07:00:00,Neural Network,7,0.32752794438443555,0.35049112046645964,2022-12-24 07:00:00,2024-12-24 07:00:00,2024-12-24 07:00:00,731,1,-0.35941423956503044,0.35941423956503044,"{'regressor__model__alpha': 0.0001, 'regressor__model__hidden_layer_sizes': (64, 32), 'regressor__model__learning_rate_init': 0.0001}"
2024-12-24 07:00:00,Naive,7,0.32752794438443555,-0.8661521558576302,2022-12-24 07:00:00,2024-12-24 07:00:00,2024-12-24 07:00:00,731,1,,,not_applicable
2024-12-25 07:00:00,Decision Tree,7,-0.09280729727806449,0.03602152129390835,2022-12-25 07:00:00,2024-12-25 07:00:00,2024-12-25 07:00:00,731,1,-0.42290985504429074,0.42290985504429074,"{'max_depth': None, 'min_samples_leaf': 1, 'min_samples_split': 20}"
2024-12-25 07:00:00,ARX,7,-0.09280729727806449,-0.02735942531354961,2022-12-25 07:00:00,2024-12-25 07:00:00,2024-12-25 07:00:00,731,1,-0.3032104293734177,0.3032104293734177,{'model__alpha': 0.01}
2024-12-25 07:00:00,Random Forest,7,-0.09280729727806449,-0.2273780064097049,2022-12-25 07:00:00,2024-12-25 07:00:00,2024-12-25 07:00:00,731,1,-0.28640559026943707,0.28640559026943707,"{'max_depth': 10, 'max_features': 0.5, 'min_samples_leaf': 2, 'n_estimators': 100}"
2024-12-25 07:00:00,Neural Network,7,-0.09280729727806449,-0.4582724696512897,2022-12-25 07:00:00,2024-12-25 07:00:00,2024-12-25 07:00:00,731,1,-0.35941423956503044,0.35941423956503044,"{'regressor__model__alpha': 0.0001, 'regressor__model__hidden_layer_sizes': (64, 32), 'regressor__model__learning_rate_init': 0.0001}"
2024-12-25 07:00:00,Naive,7,-0.09280729727806449,0.32752794438443555,2022-12-25 07:00:00,2024-12-25 07:00:00,2024-12-25 07:00:00,731,1,,,not_applicable
2024-12-26 07:00:00,Decision Tree,7,0.6114240161494838,-0.07662167633402654,2022-12-26 07:00:00,2024-12-26 07:00:00,2024-12-26 07:00:00,731,1,-0.42290985504429074,0.42290985504429074,"{'max_depth': None, 'min_samples_leaf': 1, 'min_samples_split': 20}"
2024-12-26 07:00:00,ARX,7,0.6114240161494838,0.26007771269598556,2022-12-26 07:00:00,2024-12-26 07:00:00,2024-12-26 07:00:00,731,1,-0.3032104293734177,0.3032104293734177,{'model__alpha': 0.01}
2024-12-26 07:00:00,Random Forest,7,0.6114240161494838,0.0892748171253934,2022-12-26 07:00:00,2024-12-26 07:00:00,2024-12-26 07:00:00,731,1,-0.28640559026943707,0.28640559026943707,"{'max_depth': 10, 'max_features': 0.5, 'min_samples_leaf': 2, 'n_estimators': 100}"
2024-12-26 07:00:00,Neural Network,7,0.6114240161494838,0.272750234446518,2022-12-26 07:00:00,2024-12-26 07:00:00,2024-12-26 07:00:00,731,1,-0.35941423956503044,0.35941423956503044,"{'regressor__model__alpha': 0.0001, 'regressor__model__hidden_layer_sizes': (64, 32), 'regressor__model__learning_rate_init': 0.0001}"
2024-12-26 07:00:00,Naive,7,0.6114240161494838,-0.09280729727806449,2022-12-26 07:00:00,2024-12-26 07:00:00,2024-12-26 07:00:00,731,1,,,not_applicable
2024-12-27 07:00:00,Decision Tree,7,0.856007538664117,0.24280226153444529,2022-12-27 07:00:00,2024-12-27 07:00:00,2024-12-27 07:00:00,731,1,-0.42290985504429074,0.42290985504429074,"{'max_depth': None, 'min_samples_leaf': 1, 'min_samples_split': 20}"
2024-12-27 07:00:00,ARX,7,0.856007538664117,0.8267791988043023,2022-12-27 07:00:00,2024-12-27 07:00:00,2024-12-27 07:00:00,731,1,-0.3032104293734177,0.3032104293734177,{'model__alpha': 0.01}
2024-12-27 07:00:00,Random Forest,7,0.856007538664117,0.6462671975004607,2022-12-27 07:00:00,2024-12-27 07:00:00,2024-12-27 07:00:00,731,1,-0.28640559026943707,0.28640559026943707,"{'max_depth': 10, 'max_features': 0.5, 'min_samples_leaf': 2, 'n_estimators': 100}"
2024-12-27 07:00:00,Neural Network,7,0.856007538664117,0.7624174290925408,2022-12-27 07:00:00,2024-12-27 07:00:00,2024-12-27 07:00:00,731,1,-0.35941423956503044,0.35941423956503044,"{'regressor__model__alpha': 0.0001, 'regressor__model__hidden_layer_sizes': (64, 32), 'regressor__model__learning_rate_init': 0.0001}"
2024-12-27 07:00:00,Naive,7,0.856007538664117,0.6114240161494838,2022-12-27 07:00:00,2024-12-27 07:00:00,2024-12-27 07:00:00,731,1,,,not_applicable
2024-12-28 07:00:00,Decision Tree,7,0.853034993106611,0.29439324128146416,2022-12-28 07:00:00,2024-12-28 07:00:00,2024-12-28 07:00:00,731,1,-0.42290985504429074,0.42290985504429074,"{'max_depth': None, 'min_samples_leaf': 1, 'min_samples_split': 20}"
2024-12-28 07:00:00,ARX,7,0.853034993106611,0.34974456606150806,2022-12-28 07:00:00,2024-12-28 07:00:00,2024-12-28 07:00:00,731,1,-0.3032104293734177,0.3032104293734177,{'model__alpha': 0.01}
2024-12-28 07:00:00,Random Forest,7,0.853034993106611,0.57035571979929,2022-12-28 07:00:00,2024-12-28 07:00:00,2024-12-28 07:00:00,731,1,-0.28640559026943707,0.28640559026943707,"{'max_depth': 10, 'max_features': 0.5, 'min_samples_leaf': 2, 'n_estimators': 100}"
2024-12-28 07:00:00,Neural Network,7,0.853034993106611,0.7998324553182945,2022-12-28 07:00:00,2024-12-28 07:00:00,2024-12-28 07:00:00,731,1,-0.35941423956503044,0.35941423956503044,"{'regressor__model__alpha': 0.0001, 'regressor__model__hidden_layer_sizes': (64, 32), 'regressor__model__learning_rate_init': 0.0001}"
2024-12-28 07:00:00,Naive,7,0.853034993106611,0.856007538664117,2022-12-28 07:00:00,2024-12-28 07:00:00,2024-12-28 07:00:00,731,1,,,not_applicable
2024-12-29 07:00:00,Decision Tree,7,0.3522370253343397,-0.40801853728966786,2022-12-29 07:00:00,2024-12-29 07:00:00,2024-12-29 07:00:00,731,1,-0.42290985504429074,0.42290985504429074,"{'max_depth': None, 'min_samples_leaf': 1, 'min_samples_split': 20}"
2024-12-29 07:00:00,ARX,7,0.3522370253343397,0.06194059275310558,2022-12-29 07:00:00,2024-12-29 07:00:00,2024-12-29 07:00:00,731,1,-0.3032104293734177,0.3032104293734177,{'model__alpha': 0.01}
2024-12-29 07:00:00,Random Forest,7,0.3522370253343397,0.1349419904712012,2022-12-29 07:00:00,2024-12-29 07:00:00,2024-12-29 07:00:00,731,1,-0.28640559026943707,0.28640559026943707,"{'max_depth': 10, 'max_features': 0.5, 'min_samples_leaf': 2, 'n_estimators': 100}"
2024-12-29 07:00:00,Neural Network,7,0.3522370253343397,-0.25089272737915524,2022-12-29 07:00:00,2024-12-29 07:00:00,2024-12-29 07:00:00,731,1,-0.35941423956503044,0.35941423956503044,"{'regressor__model__alpha': 0.0001, 'regressor__model__hidden_layer_sizes': (64, 32), 'regressor__model__learning_rate_init': 0.0001}"
2024-12-29 07:00:00,Naive,7,0.3522370253343397,0.853034993106611,2022-12-29 07:00:00,2024-12-29 07:00:00,2024-12-29 07:00:00,731,1,,,not_applicable
2024-12-30 07:00:00,Decision Tree,7,-0.23345103539971176,-0.34141708940108195,2022-12-30 07:00:00,2024-12-30 07:00:00,2024-12-30 07:00:00,731,1,-0.42290985504429074,0.42290985504429074,"{'max_depth': None, 'min_samples_leaf': 1, 'min_samples_split': 20}"
2024-12-30 07:00:00,ARX,7,-0.23345103539971176,-0.1655643735225673,2022-12-30 07:00:00,2024-12-30 07:00:00,2024-12-30 07:00:00,731,1,-0.3032104293734177,0.3032104293734177,{'model__alpha': 0.01}
2024-12-30 07:00:00,Random Forest,7,-0.23345103539971176,-0.027013010867276907,2022-12-30 07:00:00,2024-12-30 07:00:00,2024-12-30 07:00:00,731,1,-0.28640559026943707,0.28640559026943707,"{'max_depth': 10, 'max_features': 0.5, 'min_samples_leaf': 2, 'n_estimators': 100}"
2024-12-30 07:00:00,Neural Network,7,-0.23345103539971176,0.11195568823853884,2022-12-30 07:00:00,2024-12-30 07:00:00,2024-12-30 07:00:00,731,1,-0.35941423956503044,0.35941423956503044,"{'regressor__model__alpha': 0.0001, 'regressor__model__hidden_layer_sizes': (64, 32), 'regressor__model__learning_rate_init': 0.0001}"
2024-12-30 07:00:00,Naive,7,-0.23345103539971176,0.3522370253343397,2022-12-30 07:00:00,2024-12-30 07:00:00,2024-12-30 07:00:00,731,1,,,not_applicable
2024-12-31 07:00:00,Decision Tree,7,-0.4536762208809707,-0.4620711067632923,2022-12-31 07:00:00,2024-12-31 07:00:00,2024-12-31 07:00:00,731,1,-0.42290985504429074,0.42290985504429074,"{'max_depth': None, 'min_samples_leaf': 1, 'min_samples_split': 20}"
2024-12-31 07:00:00,ARX,7,-0.4536762208809707,-0.3742069889537258,2022-12-31 07:00:00,2024-12-31 07:00:00,2024-12-31 07:00:00,731,1,-0.3032104293734177,0.3032104293734177,{'model__alpha': 0.01}
2024-12-31 07:00:00,Random Forest,7,-0.4536762208809707,-0.26594130717440145,2022-12-31 07:00:00,2024-12-31 07:00:00,2024-12-31 07:00:00,731,1,-0.28640559026943707,0.28640559026943707,"{'max_depth': 10, 'max_features': 0.5, 'min_samples_leaf': 2, 'n_estimators': 100}"
2024-12-31 07:00:00,Neural Network,7,-0.4536762208809707,-0.10718630301954193,2022-12-31 07:00:00,2024-12-31 07:00:00,2024-12-31 07:00:00,731,1,-0.35941423956503044,0.35941423956503044,"{'regressor__model__alpha': 0.0001, 'regressor__model__hidden_layer_sizes': (64, 32), 'regressor__model__learning_rate_init': 0.0001}"
2024-12-31 07:00:00,Naive,7,-0.4536762208809707,-0.23345103539971176,2022-12-31 07:00:00,2024-12-31 07:00:00,2024-12-31 07:00:00,731,1,,,not_applicable
2025-01-01 07:00:00,Decision Tree,7,-1.61741464464882,-1.5759174896796064,2023-01-01 07:00:00,2025-01-01 07:00:00,2025-01-01 07:00:00,731,1,-0.42290985504429074,0.42290985504429074,"{'max_depth': None, 'min_samples_leaf': 1, 'min_samples_split': 20}"
2025-01-01 07:00:00,ARX,7,-1.61741464464882,-1.3970684288965194,2023-01-01 07:00:00,2025-01-01 07:00:00,2025-01-01 07:00:00,731,1,-0.3032104293734177,0.3032104293734177,{'model__alpha': 0.01}
2025-01-01 07:00:00,Random Forest,7,-1.61741464464882,-1.1270147407465654,2023-01-01 07:00:00,2025-01-01 07:00:00,2025-01-01 07:00:00,731,1,-0.28640559026943707,0.28640559026943707,"{'max_depth': 10, 'max_features': 0.5, 'min_samples_leaf': 2, 'n_estimators': 100}"
2025-01-01 07:00:00,Neural Network,7,-1.61741464464882,-0.46617868058358725,2023-01-01 07:00:00,2025-01-01 07:00:00,2025-01-01 07:00:00,731,1,-0.35941423956503044,0.35941423956503044,"{'regressor__model__alpha': 0.0001, 'regressor__model__hidden_layer_sizes': (64, 32), 'regressor__model__learning_rate_init': 0.0001}"
2025-01-01 07:00:00,Naive,7,-1.61741464464882,-0.4536762208809707,2023-01-01 07:00:00,2025-01-01 07:00:00,2025-01-01 07:00:00,731,1,,,not_applicable
2025-01-02 07:00:00,Decision Tree,7,0.2683579667460459,0.34641225901900546,2023-01-02 07:00:00,2025-01-02 07:00:00,2025-01-02 07:00:00,731,1,-0.42290985504429074,0.42290985504429074,"{'max_depth': None, 'min_samples_leaf': 1, 'min_samples_split': 20}"
2025-01-02 07:00:00,ARX,7,0.2683579667460459,-0.8209100185161268,2023-01-02 07:00:00,2025-01-02 07:00:00,2025-01-02 07:00:00,731,1,-0.3032104293734177,0.3032104293734177,{'model__alpha': 0.01}
2025-01-02 07:00:00,Random Forest,7,0.2683579667460459,0.1936349391216316,2023-01-02 07:00:00,2025-01-02 07:00:00,2025-01-02 07:00:00,731,1,-0.28640559026943707,0.28640559026943707,"{'max_depth': 10, 'max_features': 0.5, 'min_samples_leaf': 2, 'n_estimators': 100}"
2025-01-02 07:00:00,Neural Network,7,0.2683579667460459,-0.06873270366780632,2023-01-02 07:00:00,2025-01-02 07:00:00,2025-01-02 07:00:00,731,1,-0.35941423956503044,0.35941423956503044,"{'regressor__model__alpha': 0.0001, 'regressor__model__hidden_layer_sizes': (64, 32), 'regressor__model__learning_rate_init': 0.0001}"
2025-01-02 07:00:00,Naive,7,0.2683579667460459,-1.61741464464882,2023-01-02 07:00:00,2025-01-02 07:00:00,2025-01-02 07:00:00,731,1,,,not_applicable
2025-01-03 07:00:00,Decision Tree,7,-0.2785333465187072,1.1914236202375124,2023-01-03 07:00:00,2025-01-03 07:00:00,2025-01-03 07:00:00,731,1,-0.42290985504429074,0.42290985504429074,"{'max_depth': None, 'min_samples_leaf': 1, 'min_samples_split': 20}"
2025-01-03 07:00:00,ARX,7,-0.2785333465187072,0.07905079890331225,2023-01-03 07:00:00,2025-01-03 07:00:00,2025-01-03 07:00:00,731,1,-0.3032104293734177,0.3032104293734177,{'model__alpha': 0.01}
2025-01-03 07:00:00,Random Forest,7,-0.2785333465187072,0.9245925294783943,2023-01-03 07:00:00,2025-01-03 07:00:00,2025-01-03 07:00:00,731,1,-0.28640559026943707,0.28640559026943707,"{'max_depth': 10, 'max_features': 0.5, 'min_samples_leaf': 2, 'n_estimators': 100}"
2025-01-03 07:00:00,Neural Network,7,-0.2785333465187072,0.14915232624175306,2023-01-03 07:00:00,2025-01-03 07:00:00,2025-01-03 07:00:00,731,1,-0.35941423956503044,0.35941423956503044,"{'regressor__model__alpha': 0.0001, 'regressor__model__hidden_layer_sizes': (64, 32), 'regressor__model__learning_rate_init': 0.0001}"
2025-01-03 07:00:00,Naive,7,-0.2785333465187072,0.2683579667460459,2023-01-03 07:00:00,2025-01-03 07:00:00,2025-01-03 07:00:00,731,1,,,not_applicable
2025-01-04 07:00:00,Decision Tree,7,0.7692567965399196,0.9077261254082519,2023-01-04 07:00:00,2025-01-04 07:00:00,2025-01-04 07:00:00,731,1,-0.42290985504429074,0.42290985504429074,"{'max_depth': None, 'min_samples_leaf': 1, 'min_samples_split': 20}"
2025-01-04 07:00:00,ARX,7,0.7692567965399196,0.31952896852645035,2023-01-04 07:00:00,2025-01-04 07:00:00,2025-01-04 07:00:00,731,1,-0.3032104293734177,0.3032104293734177,{'model__alpha': 0.01}
2025-01-04 07:00:00,Random Forest,7,0.7692567965399196,0.4202047918469014,2023-01-04 07:00:00,2025-01-04 07:00:00,2025-01-04 07:00:00,731,1,-0.28640559026943707,0.28640559026943707,"{'max_depth': 10, 'max_features': 0.5, 'min_samples_leaf': 2, 'n_estimators': 100}"
2025-01-04 07:00:00,Neural Network,7,0.7692567965399196,-0.07585821575813217,2023-01-04 07:00:00,2025-01-04 07:00:00,2025-01-04 07:00:00,731,1,-0.35941423956503044,0.35941423956503044,"{'regressor__model__alpha': 0.0001, 'regressor__model__hidden_layer_sizes': (64, 32), 'regressor__model__learning_rate_init': 0.0001}"
2025-01-04 07:00:00,Naive,7,0.7692567965399196,-0.2785333465187072,2023-01-04 07:00:00,2025-01-04 07:00:00,2025-01-04 07:00:00,731,1,,,not_applicable
2025-01-05 07:00:00,Decision Tree,7,-0.17216444100805994,0.08667421521030773,2023-01-05 07:00:00,2025-01-05 07:00:00,2025-01-05 07:00:00,731,1,-0.42290985504429074,0.42290985504429074,"{'max_depth': None, 'min_samples_leaf': 1, 'min_samples_split': 20}"
2025-01-05 07:00:00,ARX,7,-0.17216444100805994,0.1965388969148964,2023-01-05 07:00:00,2025-01-05 07:00:00,2025-01-05 07:00:00,731,1,-0.3032104293734177,0.3032104293734177,{'model__alpha': 0.01}
2025-01-05 07:00:00,Random Forest,7,-0.17216444100805994,-0.013741084491648155,2023-01-05 07:00:00,2025-01-05 07:00:00,2025-01-05 07:00:00,731,1,-0.28640559026943707,0.28640559026943707,"{'max_depth': 10, 'max_features': 0.5, 'min_samples_leaf': 2, 'n_estimators': 100}"
2025-01-05 07:00:00,Neural Network,7,-0.17216444100805994,0.5456863444807992,2023-01-05 07:00:00,2025-01-05 07:00:00,2025-01-05 07:00:00,731,1,-0.35941423956503044,0.35941423956503044,"{'regressor__model__alpha': 0.0001, 'regressor__model__hidden_layer_sizes': (64, 32), 'regressor__model__learning_rate_init': 0.0001}"
2025-01-05 07:00:00,Naive,7,-0.17216444100805994,0.7692567965399196,2023-01-05 07:00:00,2025-01-05 07:00:00,2025-01-05 07:00:00,731,1,,,not_applicable
2025-01-06 07:00:00,Decision Tree,7,-1.2266003004138677,-1.2026855103210694,2023-01-06 07:00:00,2025-01-06 07:00:00,2025-01-06 07:00:00,731,1,-0.42290985504429074,0.42290985504429074,"{'max_depth': None, 'min_samples_leaf': 1, 'min_samples_split': 20}"
2025-01-06 07:00:00,ARX,7,-1.2266003004138677,-0.6411874157555569,2023-01-06 07:00:00,2025-01-06 07:00:00,2025-01-06 07:00:00,731,1,-0.3032104293734177,0.3032104293734177,{'model__alpha': 0.01}
2025-01-06 07:00:00,Random Forest,7,-1.2266003004138677,-0.9369828697180583,2023-01-06 07:00:00,2025-01-06 07:00:00,2025-01-06 07:00:00,731,1,-0.28640559026943707,0.28640559026943707,"{'max_depth': 10, 'max_features': 0.5, 'min_samples_leaf': 2, 'n_estimators': 100}"
2025-01-06 07:00:00,Neural Network,7,-1.2266003004138677,-0.19617302672422376,2023-01-06 07:00:00,2025-01-06 07:00:00,2025-01-06 07:00:00,731,1,-0.35941423956503044,0.35941423956503044,"{'regressor__model__alpha': 0.0001, 'regressor__model__hidden_layer_sizes': (64, 32), 'regressor__model__learning_rate_init': 0.0001}"
2025-01-06 07:00:00,Naive,7,-1.2266003004138677,-0.17216444100805994,2023-01-06 07:00:00,2025-01-06 07:00:00,2025-01-06 07:00:00,731,1,,,not_applicable
2025-01-07 07:00:00,Decision Tree,7,-0.3182939094472768,-0.5407631055985441,2023-01-07 07:00:00,2025-01-07 07:00:00,2025-01-07 07:00:00,731,1,-0.42290985504429074,0.42290985504429074,"{'max_depth': None, 'min_samples_leaf': 1, 'min_samples_split': 20}"
2025-01-07 07:00:00,ARX,7,-0.3182939094472768,-0.9303496817167132,2023-01-07 07:00:00,2025-01-07 07:00:00,2025-01-07 07:00:00,731,1,-0.3032104293734177,0.3032104293734177,{'model__alpha': 0.01}
2025-01-07 07:00:00,Random Forest,7,-0.3182939094472768,-0.5278925516462482,2023-01-07 07:00:00,2025-01-07 07:00:00,2025-01-07 07:00:00,731,1,-0.28640559026943707,0.28640559026943707,"{'max_depth': 10, 'max_features': 0.5, 'min_samples_leaf': 2, 'n_estimators': 100}"
2025-01-07 07:00:00,Neural Network,7,-0.3182939094472768,-1.071703415366792,2023-01-07 07:00:00,2025-01-07 07:00:00,2025-01-07 07:00:00,731,1,-0.35941423956503044,0.35941423956503044,"{'regressor__model__alpha': 0.0001, 'regressor__model__hidden_layer_sizes': (64, 32), 'regressor__model__learning_rate_init': 0.0001}"
2025-01-07 07:00:00,Naive,7,-0.3182939094472768,-1.2266003004138677,2023-01-07 07:00:00,2025-01-07 07:00:00,2025-01-07 07:00:00,731,1,,,not_applicable
2025-01-08 07:00:00,Decision Tree,7,0.32352602045256384,-0.5392733894595116,2023-01-08 07:00:00,2025-01-08 07:00:00,2025-01-08 07:00:00,731,1,-0.42290985504429074,0.42290985504429074,"{'max_depth': None, 'min_samples_leaf': 1, 'min_samples_split': 20}"
2025-01-08 07:00:00,ARX,7,0.32352602045256384,-0.5012072373364053,2023-01-08 07:00:00,2025-01-08 07:00:00,2025-01-08 07:00:00,731,1,-0.3032104293734177,0.3032104293734177,{'model__alpha': 0.01}
2025-01-08 07:00:00,Random Forest,7,0.32352602045256384,0.027435674620018582,2023-01-08 07:00:00,2025-01-08 07:00:00,2025-01-08 07:00:00,731,1,-0.28640559026943707,0.28640559026943707,"{'max_depth': 10, 'max_features': 0.5, 'min_samples_leaf': 2, 'n_estimators': 100}"
2025-01-08 07:00:00,Neural Network,7,0.32352602045256384,-0.009756249016034058,2023-01-08 07:00:00,2025-01-08 07:00:00,2025-01-08 07:00:00,731,1,-0.35941423956503044,0.35941423956503044,"{'regressor__model__alpha': 0.0001, 'regressor__model__hidden_layer_sizes': (64, 32), 'regressor__model__learning_rate_init': 0.0001}"
2025-01-08 07:00:00,Naive,7,0.32352602045256384,-0.3182939094472768,2023-01-08 07:00:00,2025-01-08 07:00:00,2025-01-08 07:00:00,731,1,,,not_applicable
2025-01-09 07:00:00,Decision Tree,7,1.2708259253528118,0.8222986464472608,2023-01-09 07:00:00,2025-01-09 07:00:00,2025-01-09 07:00:00,731,1,-0.42290985504429074,0.42290985504429074,"{'max_depth': None, 'min_samples_leaf': 1, 'min_samples_split': 20}"
2025-01-09 07:00:00,ARX,7,1.2708259253528118,0.9583500748422613,2023-01-09 07:00:00,2025-01-09 07:00:00,2025-01-09 07:00:00,731,1,-0.3032104293734177,0.3032104293734177,{'model__alpha': 0.01}
2025-01-09 07:00:00,Random Forest,7,1.2708259253528118,0.9355095922217334,2023-01-09 07:00:00,2025-01-09 07:00:00,2025-01-09 07:00:00,731,1,-0.28640559026943707,0.28640559026943707,"{'max_depth': 10, 'max_features': 0.5, 'min_samples_leaf': 2, 'n_estimators': 100}"
2025-01-09 07:00:00,Neural Network,7,1.2708259253528118,1.2457025240585549,2023-01-09 07:00:00,2025-01-09 07:00:00,2025-01-09 07:00:00,731,1,-0.35941423956503044,0.35941423956503044,"{'regressor__model__alpha': 0.0001, 'regressor__model__hidden_layer_sizes': (64, 32), 'regressor__model__learning_rate_init': 0.0001}"
2025-01-09 07:00:00,Naive,7,1.2708259253528118,0.32352602045256384,2023-01-09 07:00:00,2025-01-09 07:00:00,2025-01-09 07:00:00,731,1,,,not_applicable
2025-01-10 07:00:00,Decision Tree,7,0.8543441096770159,0.4970187604465371,2023-01-10 07:00:00,2025-01-10 07:00:00,2025-01-10 07:00:00,731,1,-0.42290985504429074,0.42290985504429074,"{'max_depth': None, 'min_samples_leaf': 1, 'min_samples_split': 20}"
2025-01-10 07:00:00,ARX,7,0.8543441096770159,0.20191073588803193,2023-01-10 07:00:00,2025-01-10 07:00:00,2025-01-10 07:00:00,731,1,-0.3032104293734177,0.3032104293734177,{'model__alpha': 0.01}
2025-01-10 07:00:00,Random Forest,7,0.8543441096770159,0.5672630402277852,2023-01-10 07:00:00,2025-01-10 07:00:00,2025-01-10 07:00:00,731,1,-0.28640559026943707,0.28640559026943707,"{'max_depth': 10, 'max_features': 0.5, 'min_samples_leaf': 2, 'n_estimators': 100}"
2025-01-10 07:00:00,Neural Network,7,0.8543441096770159,0.33829561481311726,2023-01-10 07:00:00,2025-01-10 07:00:00,2025-01-10 07:00:00,731,1,-0.35941423956503044,0.35941423956503044,"{'regressor__model__alpha': 0.0001, 'regressor__model__hidden_layer_sizes': (64, 32), 'regressor__model__learning_rate_init': 0.0001}"
2025-01-10 07:00:00,Naive,7,0.8543441096770159,1.2708259253528118,2023-01-10 07:00:00,2025-01-10 07:00:00,2025-01-10 07:00:00,731,1,,,not_applicable
2025-01-11 07:00:00,Decision Tree,7,0.16311956548944917,0.294785975297726,2023-01-11 07:00:00,2025-01-11 07:00:00,2025-01-11 07:00:00,731,1,-0.42290985504429074,0.42290985504429074,"{'max_depth': None, 'min_samples_leaf': 1, 'min_samples_split': 20}"
2025-01-11 07:00:00,ARX,7,0.16311956548944917,0.5091133480392454,2023-01-11 07:00:00,2025-01-11 07:00:00,2025-01-11 07:00:00,731,1,-0.3032104293734177,0.3032104293734177,{'model__alpha': 0.01}
2025-01-11 07:00:00,Random Forest,7,0.16311956548944917,0.45114513786463134,2023-01-11 07:00:00,2025-01-11 07:00:00,2025-01-11 07:00:00,731,1,-0.28640559026943707,0.28640559026943707,"{'max_depth': 10, 'max_features': 0.5, 'min_samples_leaf': 2, 'n_estimators': 100}"
2025-01-11 07:00:00,Neural Network,7,0.16311956548944917,0.4381064760469927,2023-01-11 07:00:00,2025-01-11 07:00:00,2025-01-11 07:00:00,731,1,-0.35941423956503044,0.35941423956503044,"{'regressor__model__alpha': 0.0001, 'regressor__model__hidden_layer_sizes': (64, 32), 'regressor__model__learning_rate_init': 0.0001}"
2025-01-11 07:00:00,Naive,7,0.16311956548944917,0.8543441096770159,2023-01-11 07:00:00,2025-01-11 07:00:00,2025-01-11 07:00:00,731,1,,,not_applicable
2025-01-12 07:00:00,Decision Tree,7,0.3472696409469684,-0.05392578469569023,2023-01-12 07:00:00,2025-01-12 07:00:00,2025-01-12 07:00:00,731,1,-0.42290985504429074,0.42290985504429074,"{'max_depth': None, 'min_samples_leaf': 1, 'min_samples_split': 20}"
2025-01-12 07:00:00,ARX,7,0.3472696409469684,0.048215422772899155,2023-01-12 07:00:00,2025-01-12 07:00:00,2025-01-12 07:00:00,731,1,-0.3032104293734177,0.3032104293734177,{'model__alpha': 0.01}
2025-01-12 07:00:00,Random Forest,7,0.3472696409469684,0.028179568310443055,2023-01-12 07:00:00,2025-01-12 07:00:00,2025-01-12 07:00:00,731,1,-0.28640559026943707,0.28640559026943707,"{'max_depth': 10, 'max_features': 0.5, 'min_samples_leaf': 2, 'n_estimators': 100}"
2025-01-12 07:00:00,Neural Network,7,0.3472696409469684,0.5272206981156276,2023-01-12 07:00:00,2025-01-12 07:00:00,2025-01-12 07:00:00,731,1,-0.35941423956503044,0.35941423956503044,"{'regressor__model__alpha': 0.0001, 'regressor__model__hidden_layer_sizes': (64, 32), 'regressor__model__learning_rate_init': 0.0001}"
2025-01-12 07:00:00,Naive,7,0.3472696409469684,0.16311956548944917,2023-01-12 07:00:00,2025-01-12 07:00:00,2025-01-12 07:00:00,731,1,,,not_applicable
2025-01-13 07:00:00,Decision Tree,7,1.6609499181364837,0.7342018130263628,2023-01-13 07:00:00,2025-01-13 07:00:00,2025-01-13 07:00:00,731,1,-0.42290985504429074,0.42290985504429074,"{'max_depth': None, 'min_samples_leaf': 1, 'min_samples_split': 20}"
2025-01-13 07:00:00,ARX,7,1.6609499181364837,1.0124015274512899,2023-01-13 07:00:00,2025-01-13 07:00:00,2025-01-13 07:00:00,731,1,-0.3032104293734177,0.3032104293734177,{'model__alpha': 0.01}
2025-01-13 07:00:00,Random Forest,7,1.6609499181364837,0.7199934687107598,2023-01-13 07:00:00,2025-01-13 07:00:00,2025-01-13 07:00:00,731,1,-0.28640559026943707,0.28640559026943707,"{'max_depth': 10, 'max_features': 0.5, 'min_samples_leaf': 2, 'n_estimators': 100}"
2025-01-13 07:00:00,Neural Network,7,1.6609499181364837,0.45396197741578487,2023-01-13 07:00:00,2025-01-13 07:00:00,2025-01-13 07:00:00,731,1,-0.35941423956503044,0.35941423956503044,"{'regressor__model__alpha': 0.0001, 'regressor__model__hidden_layer_sizes': (64, 32), 'regressor__model__learning_rate_init': 0.0001}"
2025-01-13 07:00:00,Naive,7,1.6609499181364837,0.3472696409469684,2023-01-13 07:00:00,2025-01-13 07:00:00,2025-01-13 07:00:00,731,1,,,not_applicable
2025-01-14 07:00:00,Decision Tree,7,1.373626367521353,0.36515113053257015,2023-01-14 07:00:00,2025-01-14 07:00:00,2025-01-14 07:00:00,731,1,-0.42290985504429074,0.42290985504429074,"{'max_depth': None, 'min_samples_leaf': 1, 'min_samples_split': 20}"
2025-01-14 07:00:00,ARX,7,1.373626367521353,0.8436003869769214,2023-01-14 07:00:00,2025-01-14 07:00:00,2025-01-14 07:00:00,731,1,-0.3032104293734177,0.3032104293734177,{'model__alpha': 0.01}
2025-01-14 07:00:00,Random Forest,7,1.373626367521353,0.8545767110686688,2023-01-14 07:00:00,2025-01-14 07:00:00,2025-01-14 07:00:00,731,1,-0.28640559026943707,0.28640559026943707,"{'max_depth': 10, 'max_features': 0.5, 'min_samples_leaf': 2, 'n_estimators': 100}"
2025-01-14 07:00:00,Neural Network,7,1.373626367521353,0.996968746269149,2023-01-14 07:00:00,2025-01-14 07:00:00,2025-01-14 07:00:00,731,1,-0.35941423956503044,0.35941423956503044,"{'regressor__model__alpha': 0.0001, 'regressor__model__hidden_layer_sizes': (64, 32), 'regressor__model__learning_rate_init': 0.0001}"
2025-01-14 07:00:00,Naive,7,1.373626367521353,1.6609499181364837,2023-01-14 07:00:00,2025-01-14 07:00:00,2025-01-14 07:00:00,731,1,,,not_applicable
2025-01-15 07:00:00,Decision Tree,7,1.7566602527509916,1.0115176218190436,2023-01-15 07:00:00,2025-01-15 07:00:00,2025-01-15 07:00:00,731,1,-0.42290985504429074,0.42290985504429074,"{'max_depth': None, 'min_samples_leaf': 1, 'min_samples_split': 20}"
2025-01-15 07:00:00,ARX,7,1.7566602527509916,1.3247971866548813,2023-01-15 07:00:00,2025-01-15 07:00:00,2025-01-15 07:00:00,731,1,-0.3032104293734177,0.3032104293734177,{'model__alpha': 0.01}
2025-01-15 07:00:00,Random Forest,7,1.7566602527509916,1.1740871161325892,2023-01-15 07:00:00,2025-01-15 07:00:00,2025-01-15 07:00:00,731,1,-0.28640559026943707,0.28640559026943707,"{'max_depth': 10, 'max_features': 0.5, 'min_samples_leaf': 2, 'n_estimators': 100}"
2025-01-15 07:00:00,Neural Network,7,1.7566602527509916,1.5330245662422561,2023-01-15 07:00:00,2025-01-15 07:00:00,2025-01-15 07:00:00,731,1,-0.35941423956503044,0.35941423956503044,"{'regressor__model__alpha': 0.0001, 'regressor__model__hidden_layer_sizes': (64, 32), 'regressor__model__learning_rate_init': 0.0001}"
2025-01-15 07:00:00,Naive,7,1.7566602527509916,1.373626367521353,2023-01-15 07:00:00,2025-01-15 07:00:00,2025-01-15 07:00:00,731,1,,,not_applicable
2025-01-16 07:00:00,Decision Tree,7,1.5697764811444106,1.9430676125543567,2023-01-16 07:00:00,2025-01-16 07:00:00,2025-01-16 07:00:00,731,1,-0.42290985504429074,0.42290985504429074,"{'max_depth': None, 'min_samples_leaf': 1, 'min_samples_split': 20}"
2025-01-16 07:00:00,ARX,7,1.5697764811444106,1.5230604033203532,2023-01-16 07:00:00,2025-01-16 07:00:00,2025-01-16 07:00:00,731,1,-0.3032104293734177,0.3032104293734177,{'model__alpha': 0.01}
2025-01-16 07:00:00,Random Forest,7,1.5697764811444106,1.8419646610568787,2023-01-16 07:00:00,2025-01-16 07:00:00,2025-01-16 07:00:00,731,1,-0.28640559026943707,0.28640559026943707,"{'max_depth': 10, 'max_features': 0.5, 'min_samples_leaf': 2, 'n_estimators': 100}"
2025-01-16 07:00:00,Neural Network,7,1.5697764811444106,1.9769305505599117,2023-01-16 07:00:00,2025-01-16 07:00:00,2025-01-16 07:00:00,731,1,-0.35941423956503044,0.35941423956503044,"{'regressor__model__alpha': 0.0001, 'regressor__model__hidden_layer_sizes': (64, 32), 'regressor__model__learning_rate_init': 0.0001}"
2025-01-16 07:00:00,Naive,7,1.5697764811444106,1.7566602527509916,2023-01-16 07:00:00,2025-01-16 07:00:00,2025-01-16 07:00:00,731,1,,,not_applicable
2025-01-17 07:00:00,Decision Tree,7,1.5901371841224958,1.06474209545704,2023-01-17 07:00:00,2025-01-17 07:00:00,2025-01-17 07:00:00,731,1,-0.42290985504429074,0.42290985504429074,"{'max_depth': None, 'min_samples_leaf': 1, 'min_samples_split': 20}"
2025-01-17 07:00:00,ARX,7,1.5901371841224958,1.336278018796727,2023-01-17 07:00:00,2025-01-17 07:00:00,2025-01-17 07:00:00,731,1,-0.3032104293734177,0.3032104293734177,{'model__alpha': 0.01}
2025-01-17 07:00:00,Random Forest,7,1.5901371841224958,1.5465405838909114,2023-01-17 07:00:00,2025-01-17 07:00:00,2025-01-17 07:00:00,731,1,-0.28640559026943707,0.28640559026943707,"{'max_depth': 10, 'max_features': 0.5, 'min_samples_leaf': 2, 'n_estimators': 100}"
2025-01-17 07:00:00,Neural Network,7,1.5901371841224958,0.9075724743439144,2023-01-17 07:00:00,2025-01-17 07:00:00,2025-01-17 07:00:00,731,1,-0.35941423956503044,0.35941423956503044,"{'regressor__model__alpha': 0.0001, 'regressor__model__hidden_layer_sizes': (64, 32), 'regressor__model__learning_rate_init': 0.0001}"
2025-01-17 07:00:00,Naive,7,1.5901371841224958,1.5697764811444106,2023-01-17 07:00:00,2025-01-17 07:00:00,2025-01-17 07:00:00,731,1,,,not_applicable
2025-01-18 07:00:00,Decision Tree,7,1.0238454632311846,1.1810941420892132,2023-01-18 07:00:00,2025-01-18 07:00:00,2025-01-18 07:00:00,731,1,-0.42290985504429074,0.42290985504429074,"{'max_depth': None, 'min_samples_leaf': 1, 'min_samples_split': 20}"
2025-01-18 07:00:00,ARX,7,1.0238454632311846,0.9435078664162303,2023-01-18 07:00:00,2025-01-18 07:00:00,2025-01-18 07:00:00,731,1,-0.3032104293734177,0.3032104293734177,{'model__alpha': 0.01}
2025-01-18 07:00:00,Random Forest,7,1.0238454632311846,0.9601534084201969,2023-01-18 07:00:00,2025-01-18 07:00:00,2025-01-18 07:00:00,731,1,-0.28640559026943707,0.28640559026943707,"{'max_depth': 10, 'max_features': 0.5, 'min_samples_leaf': 2, 'n_estimators': 100}"
2025-01-18 07:00:00,Neural Network,7,1.0238454632311846,0.8696329368593054,2023-01-18 07:00:00,2025-01-18 07:00:00,2025-01-18 07:00:00,731,1,-0.35941423956503044,0.35941423956503044,"{'regressor__model__alpha': 0.0001, 'regressor__model__hidden_layer_sizes': (64, 32), 'regressor__model__learning_rate_init': 0.0001}"
2025-01-18 07:00:00,Naive,7,1.0238454632311846,1.5901371841224958,2023-01-18 07:00:00,2025-01-18 07:00:00,2025-01-18 07:00:00,731,1,,,not_applicable
2025-01-19 07:00:00,Decision Tree,7,0.8357167118972662,1.1026006093253762,2023-01-19 07:00:00,2025-01-19 07:00:00,2025-01-19 07:00:00,731,1,-0.42290985504429074,0.42290985504429074,"{'max_depth': None, 'min_samples_leaf': 1, 'min_samples_split': 20}"
2025-01-19 07:00:00,ARX,7,0.8357167118972662,0.7628817075690435,2023-01-19 07:00:00,2025-01-19 07:00:00,2025-01-19 07:00:00,731,1,-0.3032104293734177,0.3032104293734177,{'model__alpha': 0.01}
2025-01-19 07:00:00,Random Forest,7,0.8357167118972662,0.7335292123526959,2023-01-19 07:00:00,2025-01-19 07:00:00,2025-01-19 07:00:00,731,1,-0.28640559026943707,0.28640559026943707,"{'max_depth': 10, 'max_features': 0.5, 'min_samples_leaf': 2, 'n_estimators': 100}"
2025-01-19 07:00:00,Neural Network,7,0.8357167118972662,0.895367577486879,2023-01-19 07:00:00,2025-01-19 07:00:00,2025-01-19 07:00:00,731,1,-0.35941423956503044,0.35941423956503044,"{'regressor__model__alpha': 0.0001, 'regressor__model__hidden_layer_sizes': (64, 32), 'regressor__model__learning_rate_init': 0.0001}"
2025-01-19 07:00:00,Naive,7,0.8357167118972662,1.0238454632311846,2023-01-19 07:00:00,2025-01-19 07:00:00,2025-01-19 07:00:00,731,1,,,not_applicable
2025-01-20 07:00:00,Decision Tree,7,2.3354664210649414,1.8829621515745767,2023-01-20 07:00:00,2025-01-20 07:00:00,2025-01-20 07:00:00,731,1,-0.42290985504429074,0.42290985504429074,"{'max_depth': None, 'min_samples_leaf': 1, 'min_samples_split': 20}"
2025-01-20 07:00:00,ARX,7,2.3354664210649414,1.631774050031851,2023-01-20 07:00:00,2025-01-20 07:00:00,2025-01-20 07:00:00,731,1,-0.3032104293734177,0.3032104293734177,{'model__alpha': 0.01}
2025-01-20 07:00:00,Random Forest,7,2.3354664210649414,1.4883347699453535,2023-01-20 07:00:00,2025-01-20 07:00:00,2025-01-20 07:00:00,731,1,-0.28640559026943707,0.28640559026943707,"{'max_depth': 10, 'max_features': 0.5, 'min_samples_leaf': 2, 'n_estimators': 100}"
2025-01-20 07:00:00,Neural Network,7,2.3354664210649414,1.4760854954671114,2023-01-20 07:00:00,2025-01-20 07:00:00,2025-01-20 07:00:00,731,1,-0.35941423956503044,0.35941423956503044,"{'regressor__model__alpha': 0.0001, 'regressor__model__hidden_layer_sizes': (64, 32), 'regressor__model__learning_rate_init': 0.0001}"
2025-01-20 07:00:00,Naive,7,2.3354664210649414,0.8357167118972662,2023-01-20 07:00:00,2025-01-20 07:00:00,2025-01-20 07:00:00,731,1,,,not_applicable
2025-01-21 07:00:00,Decision Tree,7,1.739300569957875,1.917770172304605,2023-01-21 07:00:00,2025-01-21 07:00:00,2025-01-21 07:00:00,731,1,-0.42290985504429074,0.42290985504429074,"{'max_depth': None, 'min_samples_leaf': 1, 'min_samples_split': 20}"
2025-01-21 07:00:00,ARX,7,1.739300569957875,1.7636849606408442,2023-01-21 07:00:00,2025-01-21 07:00:00,2025-01-21 07:00:00,731,1,-0.3032104293734177,0.3032104293734177,{'model__alpha': 0.01}
2025-01-21 07:00:00,Random Forest,7,1.739300569957875,1.9334679724405606,2023-01-21 07:00:00,2025-01-21 07:00:00,2025-01-21 07:00:00,731,1,-0.28640559026943707,0.28640559026943707,"{'max_depth': 10, 'max_features': 0.5, 'min_samples_leaf': 2, 'n_estimators': 100}"
2025-01-21 07:00:00,Neural Network,7,1.739300569957875,2.702316534496667,2023-01-21 07:00:00,2025-01-21 07:00:00,2025-01-21 07:00:00,731,1,-0.35941423956503044,0.35941423956503044,"{'regressor__model__alpha': 0.0001, 'regressor__model__hidden_layer_sizes': (64, 32), 'regressor__model__learning_rate_init': 0.0001}"
2025-01-21 07:00:00,Naive,7,1.739300569957875,2.3354664210649414,2023-01-21 07:00:00,2025-01-21 07:00:00,2025-01-21 07:00:00,731,1,,,not_applicable
2025-01-22 07:00:00,Decision Tree,7,1.896698498701811,1.9050223435655531,2023-01-22 07:00:00,2025-01-22 07:00:00,2025-01-22 07:00:00,731,1,-0.42290985504429074,0.42290985504429074,"{'max_depth': None, 'min_samples_leaf': 1, 'min_samples_split': 20}"
2025-01-22 07:00:00,ARX,7,1.896698498701811,1.7678121355564795,2023-01-22 07:00:00,2025-01-22 07:00:00,2025-01-22 07:00:00,731,1,-0.3032104293734177,0.3032104293734177,{'model__alpha': 0.01}
2025-01-22 07:00:00,Random Forest,7,1.896698498701811,2.0845113182822113,2023-01-22 07:00:00,2025-01-22 07:00:00,2025-01-22 07:00:00,731,1,-0.28640559026943707,0.28640559026943707,"{'max_depth': 10, 'max_features': 0.5, 'min_samples_leaf': 2, 'n_estimators': 100}"
2025-01-22 07:00:00,Neural Network,7,1.896698498701811,1.8331127876479427,2023-01-22 07:00:00,2025-01-22 07:00:00,2025-01-22 07:00:00,731,1,-0.35941423956503044,0.35941423956503044,"{'regressor__model__alpha': 0.0001, 'regressor__model__hidden_layer_sizes': (64, 32), 'regressor__model__learning_rate_init': 0.0001}"
2025-01-22 07:00:00,Naive,7,1.896698498701811,1.739300569957875,2023-01-22 07:00:00,2025-01-22 07:00:00,2025-01-22 07:00:00,731,1,,,not_applicable
2025-01-23 07:00:00,Decision Tree,7,1.0781676666670312,0.5777372065991226,2023-01-23 07:00:00,2025-01-23 07:00:00,2025-01-23 07:00:00,731,1,-0.42290985504429074,0.42290985504429074,"{'max_depth': None, 'min_samples_leaf': 1, 'min_samples_split': 20}"
2025-01-23 07:00:00,ARX,7,1.0781676666670312,1.0092687008156662,2023-01-23 07:00:00,2025-01-23 07:00:00,2025-01-23 07:00:00,731,1,-0.3032104293734177,0.3032104293734177,{'model__alpha': 0.01}
2025-01-23 07:00:00,Random Forest,7,1.0781676666670312,1.4742881750431613,2023-01-23 07:00:00,2025-01-23 07:00:00,2025-01-23 07:00:00,731,1,-0.28640559026943707,0.28640559026943707,"{'max_depth': 10, 'max_features': 0.5, 'min_samples_leaf': 2, 'n_estimators': 100}"
2025-01-23 07:00:00,Neural Network,7,1.0781676666670312,0.9927453967009849,2023-01-23 07:00:00,2025-01-23 07:00:00,2025-01-23 07:00:00,731,1,-0.35941423956503044,0.35941423956503044,"{'regressor__model__alpha': 0.0001, 'regressor__model__hidden_layer_sizes': (64, 32), 'regressor__model__learning_rate_init': 0.0001}"
2025-01-23 07:00:00,Naive,7,1.0781676666670312,1.896698498701811,2023-01-23 07:00:00,2025-01-23 07:00:00,2025-01-23 07:00:00,731,1,,,not_applicable
2025-01-24 07:00:00,Decision Tree,7,0.5266048522777899,0.1999186271348555,2023-01-24 07:00:00,2025-01-24 07:00:00,2025-01-24 07:00:00,731,1,-0.42290985504429074,0.42290985504429074,"{'max_depth': None, 'min_samples_leaf': 1, 'min_samples_split': 20}"
2025-01-24 07:00:00,ARX,7,0.5266048522777899,0.10265623197223427,2023-01-24 07:00:00,2025-01-24 07:00:00,2025-01-24 07:00:00,731,1,-0.3032104293734177,0.3032104293734177,{'model__alpha': 0.01}
2025-01-24 07:00:00,Random Forest,7,0.5266048522777899,0.17929887013183993,2023-01-24 07:00:00,2025-01-24 07:00:00,2025-01-24 07:00:00,731,1,-0.28640559026943707,0.28640559026943707,"{'max_depth': 10, 'max_features': 0.5, 'min_samples_leaf': 2, 'n_estimators': 100}"
2025-01-24 07:00:00,Neural Network,7,0.5266048522777899,0.027246254915298265,2023-01-24 07:00:00,2025-01-24 07:00:00,2025-01-24 07:00:00,731,1,-0.35941423956503044,0.35941423956503044,"{'regressor__model__alpha': 0.0001, 'regressor__model__hidden_layer_sizes': (64, 32), 'regressor__model__learning_rate_init': 0.0001}"
2025-01-24 07:00:00,Naive,7,0.5266048522777899,1.0781676666670312,2023-01-24 07:00:00,2025-01-24 07:00:00,2025-01-24 07:00:00,731,1,,,not_applicable
2025-01-25 07:00:00,Decision Tree,7,-0.32530102496296204,-0.46100654534808655,2023-01-25 07:00:00,2025-01-25 07:00:00,2025-01-25 07:00:00,731,1,-0.42290985504429074,0.42290985504429074,"{'max_depth': None, 'min_samples_leaf': 1, 'min_samples_split': 20}"
2025-01-25 07:00:00,ARX,7,-0.32530102496296204,0.13335191772495875,2023-01-25 07:00:00,2025-01-25 07:00:00,2025-01-25 07:00:00,731,1,-0.3032104293734177,0.3032104293734177,{'model__alpha': 0.01}
2025-01-25 07:00:00,Random Forest,7,-0.32530102496296204,-0.056143992208651475,2023-01-25 07:00:00,2025-01-25 07:00:00,2025-01-25 07:00:00,731,1,-0.28640559026943707,0.28640559026943707,"{'max_depth': 10, 'max_features': 0.5, 'min_samples_leaf': 2, 'n_estimators': 100}"
2025-01-25 07:00:00,Neural Network,7,-0.32530102496296204,-0.2993228995741891,2023-01-25 07:00:00,2025-01-25 07:00:00,2025-01-25 07:00:00,731,1,-0.35941423956503044,0.35941423956503044,"{'regressor__model__alpha': 0.0001, 'regressor__model__hidden_layer_sizes': (64, 32), 'regressor__model__learning_rate_init': 0.0001}"
2025-01-25 07:00:00,Naive,7,-0.32530102496296204,0.5266048522777899,2023-01-25 07:00:00,2025-01-25 07:00:00,2025-01-25 07:00:00,731,1,,,not_applicable
2025-01-26 07:00:00,Decision Tree,7,0.7254542252216624,0.6090141103533669,2023-01-26 07:00:00,2025-01-26 07:00:00,2025-01-26 07:00:00,731,1,-0.42290985504429074,0.42290985504429074,"{'max_depth': None, 'min_samples_leaf': 1, 'min_samples_split': 20}"
2025-01-26 07:00:00,ARX,7,0.7254542252216624,0.7052280946058227,2023-01-26 07:00:00,2025-01-26 07:00:00,2025-01-26 07:00:00,731,1,-0.3032104293734177,0.3032104293734177,{'model__alpha': 0.01}
2025-01-26 07:00:00,Random Forest,7,0.7254542252216624,0.4260087470826109,2023-01-26 07:00:00,2025-01-26 07:00:00,2025-01-26 07:00:00,731,1,-0.28640559026943707,0.28640559026943707,"{'max_depth': 10, 'max_features': 0.5, 'min_samples_leaf': 2, 'n_estimators': 100}"
2025-01-26 07:00:00,Neural Network,7,0.7254542252216624,1.2174632717331617,2023-01-26 07:00:00,2025-01-26 07:00:00,2025-01-26 07:00:00,731,1,-0.35941423956503044,0.35941423956503044,"{'regressor__model__alpha': 0.0001, 'regressor__model__hidden_layer_sizes': (64, 32), 'regressor__model__learning_rate_init': 0.0001}"
2025-01-26 07:00:00,Naive,7,0.7254542252216624,-0.32530102496296204,2023-01-26 07:00:00,2025-01-26 07:00:00,2025-01-26 07:00:00,731,1,,,not_applicable
2025-01-27 07:00:00,Decision Tree,7,-0.7934890708217897,-1.0249409524289859,2023-01-27 07:00:00,2025-01-27 07:00:00,2025-01-27 07:00:00,731,1,-0.42290985504429074,0.42290985504429074,"{'max_depth': None, 'min_samples_leaf': 1, 'min_samples_split': 20}"
2025-01-27 07:00:00,ARX,7,-0.7934890708217897,-0.06884446240448529,2023-01-27 07:00:00,2025-01-27 07:00:00,2025-01-27 07:00:00,731,1,-0.3032104293734177,0.3032104293734177,{'model__alpha': 0.01}
2025-01-27 07:00:00,Random Forest,7,-0.7934890708217897,-0.43102149901053666,2023-01-27 07:00:00,2025-01-27 07:00:00,2025-01-27 07:00:00,731,1,-0.28640559026943707,0.28640559026943707,"{'max_depth': 10, 'max_features': 0.5, 'min_samples_leaf': 2, 'n_estimators': 100}"
2025-01-27 07:00:00,Neural Network,7,-0.7934890708217897,-0.5891975645602647,2023-01-27 07:00:00,2025-01-27 07:00:00,2025-01-27 07:00:00,731,1,-0.35941423956503044,0.35941423956503044,"{'regressor__model__alpha': 0.0001, 'regressor__model__hidden_layer_sizes': (64, 32), 'regressor__model__learning_rate_init': 0.0001}"
2025-01-27 07:00:00,Naive,7,-0.7934890708217897,0.7254542252216624,2023-01-27 07:00:00,2025-01-27 07:00:00,2025-01-27 07:00:00,731,1,,,not_applicable
2025-01-28 07:00:00,Decision Tree,7,0.89129943644188,0.7309975259302279,2023-01-28 07:00:00,2025-01-28 07:00:00,2025-01-28 07:00:00,731,1,-0.42290985504429074,0.42290985504429074,"{'max_depth': None, 'min_samples_leaf': 1, 'min_samples_split': 20}"
2025-01-28 07:00:00,ARX,7,0.89129943644188,0.6001302377377103,2023-01-28 07:00:00,2025-01-28 07:00:00,2025-01-28 07:00:00,731,1,-0.3032104293734177,0.3032104293734177,{'model__alpha': 0.01}
2025-01-28 07:00:00,Random Forest,7,0.89129943644188,0.49033697912360275,2023-01-28 07:00:00,2025-01-28 07:00:00,2025-01-28 07:00:00,731,1,-0.28640559026943707,0.28640559026943707,"{'max_depth': 10, 'max_features': 0.5, 'min_samples_leaf': 2, 'n_estimators': 100}"
2025-01-28 07:00:00,Neural Network,7,0.89129943644188,1.1607434576689588,2023-01-28 07:00:00,2025-01-28 07:00:00,2025-01-28 07:00:00,731,1,-0.35941423956503044,0.35941423956503044,"{'regressor__model__alpha': 0.0001, 'regressor__model__hidden_layer_sizes': (64, 32), 'regressor__model__learning_rate_init': 0.0001}"
2025-01-28 07:00:00,Naive,7,0.89129943644188,-0.7934890708217897,2023-01-28 07:00:00,2025-01-28 07:00:00,2025-01-28 07:00:00,731,1,,,not_applicable
2025-01-29 07:00:00,Decision Tree,7,1.1714361870795031,-0.2772060576011112,2023-01-29 07:00:00,2025-01-29 07:00:00,2025-01-29 07:00:00,731,1,-0.42290985504429074,0.42290985504429074,"{'max_depth': None, 'min_samples_leaf': 1, 'min_samples_split': 20}"
2025-01-29 07:00:00,ARX,7,1.1714361870795031,0.39123835699693876,2023-01-29 07:00:00,2025-01-29 07:00:00,2025-01-29 07:00:00,731,1,-0.3032104293734177,0.3032104293734177,{'model__alpha': 0.01}
2025-01-29 07:00:00,Random Forest,7,1.1714361870795031,0.3578976181508115,2023-01-29 07:00:00,2025-01-29 07:00:00,2025-01-29 07:00:00,731,1,-0.28640559026943707,0.28640559026943707,"{'max_depth': 10, 'max_features': 0.5, 'min_samples_leaf': 2, 'n_estimators': 100}"
2025-01-29 07:00:00,Neural Network,7,1.1714361870795031,0.7301771658540603,2023-01-29 07:00:00,2025-01-29 07:00:00,2025-01-29 07:00:00,731,1,-0.35941423956503044,0.35941423956503044,"{'regressor__model__alpha': 0.0001, 'regressor__model__hidden_layer_sizes': (64, 32), 'regressor__model__learning_rate_init': 0.0001}"
2025-01-29 07:00:00,Naive,7,1.1714361870795031,0.89129943644188,2023-01-29 07:00:00,2025-01-29 07:00:00,2025-01-29 07:00:00,731,1,,,not_applicable
2025-01-30 07:00:00,Decision Tree,7,1.3341704525929425,1.0762244179870992,2023-01-30 07:00:00,2025-01-30 07:00:00,2025-01-30 07:00:00,731,1,-0.42290985504429074,0.42290985504429074,"{'max_depth': None, 'min_samples_leaf': 1, 'min_samples_split': 20}"
2025-01-30 07:00:00,ARX,7,1.3341704525929425,1.0302108016605702,2023-01-30 07:00:00,2025-01-30 07:00:00,2025-01-30 07:00:00,731,1,-0.3032104293734177,0.3032104293734177,{'model__alpha': 0.01}
2025-01-30 07:00:00,Random Forest,7,1.3341704525929425,1.0916382752666898,2023-01-30 07:00:00,2025-01-30 07:00:00,2025-01-30 07:00:00,731,1,-0.28640559026943707,0.28640559026943707,"{'max_depth': 10, 'max_features': 0.5, 'min_samples_leaf': 2, 'n_estimators': 100}"
2025-01-30 07:00:00,Neural Network,7,1.3341704525929425,1.4807648082315528,2023-01-30 07:00:00,2025-01-30 07:00:00,2025-01-30 07:00:00,731,1,-0.35941423956503044,0.35941423956503044,"{'regressor__model__alpha': 0.0001, 'regressor__model__hidden_layer_sizes': (64, 32), 'regressor__model__learning_rate_init': 0.0001}"
2025-01-30 07:00:00,Naive,7,1.3341704525929425,1.1714361870795031,2023-01-30 07:00:00,2025-01-30 07:00:00,2025-01-30 07:00:00,731,1,,,not_applicable
2025-01-31 07:00:00,Decision Tree,7,1.4034888091745747,1.3278785446838999,2023-01-31 07:00:00,2025-01-31 07:00:00,2025-01-31 07:00:00,731,1,-0.42290985504429074,0.42290985504429074,"{'max_depth': None, 'min_samples_leaf': 1, 'min_samples_split': 20}"
2025-01-31 07:00:00,ARX,7,1.4034888091745747,1.1819639915411273,2023-01-31 07:00:00,2025-01-31 07:00:00,2025-01-31 07:00:00,731,1,-0.3032104293734177,0.3032104293734177,{'model__alpha': 0.01}
2025-01-31 07:00:00,Random Forest,7,1.4034888091745747,1.2651212464162294,2023-01-31 07:00:00,2025-01-31 07:00:00,2025-01-31 07:00:00,731,1,-0.28640559026943707,0.28640559026943707,"{'max_depth': 10, 'max_features': 0.5, 'min_samples_leaf': 2, 'n_estimators': 100}"
2025-01-31 07:00:00,Neural Network,7,1.4034888091745747,1.3791377370533946,2023-01-31 07:00:00,2025-01-31 07:00:00,2025-01-31 07:00:00,731,1,-0.35941423956503044,0.35941423956503044,"{'regressor__model__alpha': 0.0001, 'regressor__model__hidden_layer_sizes': (64, 32), 'regressor__model__learning_rate_init': 0.0001}"
2025-01-31 07:00:00,Naive,7,1.4034888091745747,1.3341704525929425,2023-01-31 07:00:00,2025-01-31 07:00:00,2025-01-31 07:00:00,731,1,,,not_applicable
2025-02-01 07:00:00,Decision Tree,7,1.2164921696872328,0.6158635288750313,2023-02-01 07:00:00,2025-02-01 07:00:00,2025-02-01 07:00:00,731,1,-0.42290985504429074,0.42290985504429074,"{'max_depth': None, 'min_samples_leaf': 1, 'min_samples_split': 20}"
2025-02-01 07:00:00,ARX,7,1.2164921696872328,1.0392866285667193,2023-02-01 07:00:00,2025-02-01 07:00:00,2025-02-01 07:00:00,731,1,-0.3032104293734177,0.3032104293734177,{'model__alpha': 0.01}
2025-02-01 07:00:00,Random Forest,7,1.2164921696872328,1.2131020874694047,2023-02-01 07:00:00,2025-02-01 07:00:00,2025-02-01 07:00:00,731,1,-0.28640559026943707,0.28640559026943707,"{'max_depth': 10, 'max_features': 0.5, 'min_samples_leaf': 2, 'n_estimators': 100}"
2025-02-01 07:00:00,Neural Network,7,1.2164921696872328,0.7710305766577645,2023-02-01 07:00:00,2025-02-01 07:00:00,2025-02-01 07:00:00,731,1,-0.35941423956503044,0.35941423956503044,"{'regressor__model__alpha': 0.0001, 'regressor__model__hidden_layer_sizes': (64, 32), 'regressor__model__learning_rate_init': 0.0001}"
2025-02-01 07:00:00,Naive,7,1.2164921696872328,1.4034888091745747,2023-02-01 07:00:00,2025-02-01 07:00:00,2025-02-01 07:00:00,731,1,,,not_applicable
2025-02-02 07:00:00,Decision Tree,7,1.0749348647839465,0.6492317866979315,2023-02-02 07:00:00,2025-02-02 07:00:00,2025-02-02 07:00:00,731,1,-0.42290985504429074,0.42290985504429074,"{'max_depth': None, 'min_samples_leaf': 1, 'min_samples_split': 20}"
2025-02-02 07:00:00,ARX,7,1.0749348647839465,0.9520877930707015,2023-02-02 07:00:00,2025-02-02 07:00:00,2025-02-02 07:00:00,731,1,-0.3032104293734177,0.3032104293734177,{'model__alpha': 0.01}
2025-02-02 07:00:00,Random Forest,7,1.0749348647839465,0.9323649588704552,2023-02-02 07:00:00,2025-02-02 07:00:00,2025-02-02 07:00:00,731,1,-0.28640559026943707,0.28640559026943707,"{'max_depth': 10, 'max_features': 0.5, 'min_samples_leaf': 2, 'n_estimators': 100}"
2025-02-02 07:00:00,Neural Network,7,1.0749348647839465,1.1446286946419146,2023-02-02 07:00:00,2025-02-02 07:00:00,2025-02-02 07:00:00,731,1,-0.35941423956503044,0.35941423956503044,"{'regressor__model__alpha': 0.0001, 'regressor__model__hidden_layer_sizes': (64, 32), 'regressor__model__learning_rate_init': 0.0001}"
2025-02-02 07:00:00,Naive,7,1.0749348647839465,1.2164921696872328,2023-02-02 07:00:00,2025-02-02 07:00:00,2025-02-02 07:00:00,731,1,,,not_applicable
2025-02-03 07:00:00,Decision Tree,7,1.897459579316962,1.9044674205746366,2023-02-03 07:00:00,2025-02-03 07:00:00,2025-02-03 07:00:00,731,1,-0.42290985504429074,0.42290985504429074,"{'max_depth': None, 'min_samples_leaf': 1, 'min_samples_split': 20}"
2025-02-03 07:00:00,ARX,7,1.897459579316962,1.6112945532699443,2023-02-03 07:00:00,2025-02-03 07:00:00,2025-02-03 07:00:00,731,1,-0.3032104293734177,0.3032104293734177,{'model__alpha': 0.01}
2025-02-03 07:00:00,Random Forest,7,1.897459579316962,1.5803729303431644,2023-02-03 07:00:00,2025-02-03 07:00:00,2025-02-03 07:00:00,731,1,-0.28640559026943707,0.28640559026943707,"{'max_depth': 10, 'max_features': 0.5, 'min_samples_leaf': 2, 'n_estimators': 100}"
2025-02-03 07:00:00,Neural Network,7,1.897459579316962,1.1409131606760954,2023-02-03 07:00:00,2025-02-03 07:00:00,2025-02-03 07:00:00,731,1,-0.35941423956503044,0.35941423956503044,"{'regressor__model__alpha': 0.0001, 'regressor__model__hidden_layer_sizes': (64, 32), 'regressor__model__learning_rate_init': 0.0001}"
2025-02-03 07:00:00,Naive,7,1.897459579316962,1.0749348647839465,2023-02-03 07:00:00,2025-02-03 07:00:00,2025-02-03 07:00:00,731,1,,,not_applicable
2025-02-04 07:00:00,Decision Tree,7,1.7634765754359687,1.9040294304960321,2023-02-04 07:00:00,2025-02-04 07:00:00,2025-02-04 07:00:00,731,1,-0.42290985504429074,0.42290985504429074,"{'max_depth': None, 'min_samples_leaf': 1, 'min_samples_split': 20}"
2025-02-04 07:00:00,ARX,7,1.7634765754359687,1.6813240569641543,2023-02-04 07:00:00,2025-02-04 07:00:00,2025-02-04 07:00:00,731,1,-0.3032104293734177,0.3032104293734177,{'model__alpha': 0.01}
2025-02-04 07:00:00,Random Forest,7,1.7634765754359687,1.7564582124631403,2023-02-04 07:00:00,2025-02-04 07:00:00,2025-02-04 07:00:00,731,1,-0.28640559026943707,0.28640559026943707,"{'max_depth': 10, 'max_features': 0.5, 'min_samples_leaf': 2, 'n_estimators': 100}"
2025-02-04 07:00:00,Neural Network,7,1.7634765754359687,1.778317750141201,2023-02-04 07:00:00,2025-02-04 07:00:00,2025-02-04 07:00:00,731,1,-0.35941423956503044,0.35941423956503044,"{'regressor__model__alpha': 0.0001, 'regressor__model__hidden_layer_sizes': (64, 32), 'regressor__model__learning_rate_init': 0.0001}"
2025-02-04 07:00:00,Naive,7,1.7634765754359687,1.897459579316962,2023-02-04 07:00:00,2025-02-04 07:00:00,2025-02-04 07:00:00,731,1,,,not_applicable
2025-02-05 07:00:00,Decision Tree,7,1.4843458928714914,1.0314259516064896,2023-02-05 07:00:00,2025-02-05 07:00:00,2025-02-05 07:00:00,731,1,-0.42290985504429074,0.42290985504429074,"{'max_depth': None, 'min_samples_leaf': 1, 'min_samples_split': 20}"
2025-02-05 07:00:00,ARX,7,1.4843458928714914,1.316736287148748,2023-02-05 07:00:00,2025-02-05 07:00:00,2025-02-05 07:00:00,731,1,-0.3032104293734177,0.3032104293734177,{'model__alpha': 0.01}
2025-02-05 07:00:00,Random Forest,7,1.4843458928714914,1.4749370301753615,2023-02-05 07:00:00,2025-02-05 07:00:00,2025-02-05 07:00:00,731,1,-0.28640559026943707,0.28640559026943707,"{'max_depth': 10, 'max_features': 0.5, 'min_samples_leaf': 2, 'n_estimators': 100}"
2025-02-05 07:00:00,Neural Network,7,1.4843458928714914,1.3221373116496224,2023-02-05 07:00:00,2025-02-05 07:00:00,2025-02-05 07:00:00,731,1,-0.35941423956503044,0.35941423956503044,"{'regressor__model__alpha': 0.0001, 'regressor__model__hidden_layer_sizes': (64, 32), 'regressor__model__learning_rate_init': 0.0001}"
2025-02-05 07:00:00,Naive,7,1.4843458928714914,1.7634765754359687,2023-02-05 07:00:00,2025-02-05 07:00:00,2025-02-05 07:00:00,731,1,,,not_applicable
2025-02-06 07:00:00,Decision Tree,7,1.6464720334878153,1.8957616154924983,2023-02-06 07:00:00,2025-02-06 07:00:00,2025-02-06 07:00:00,731,1,-0.42290985504429074,0.42290985504429074,"{'max_depth': None, 'min_samples_leaf': 1, 'min_samples_split': 20}"
2025-02-06 07:00:00,ARX,7,1.6464720334878153,1.6371087988474657,2023-02-06 07:00:00,2025-02-06 07:00:00,2025-02-06 07:00:00,731,1,-0.3032104293734177,0.3032104293734177,{'model__alpha': 0.01}
2025-02-06 07:00:00,Random Forest,7,1.6464720334878153,1.7163851786549529,2023-02-06 07:00:00,2025-02-06 07:00:00,2025-02-06 07:00:00,731,1,-0.28640559026943707,0.28640559026943707,"{'max_depth': 10, 'max_features': 0.5, 'min_samples_leaf': 2, 'n_estimators': 100}"
2025-02-06 07:00:00,Neural Network,7,1.6464720334878153,1.6278464585234278,2023-02-06 07:00:00,2025-02-06 07:00:00,2025-02-06 07:00:00,731,1,-0.35941423956503044,0.35941423956503044,"{'regressor__model__alpha': 0.0001, 'regressor__model__hidden_layer_sizes': (64, 32), 'regressor__model__learning_rate_init': 0.0001}"
2025-02-06 07:00:00,Naive,7,1.6464720334878153,1.4843458928714914,2023-02-06 07:00:00,2025-02-06 07:00:00,2025-02-06 07:00:00,731,1,,,not_applicable
2025-02-07 07:00:00,Decision Tree,7,1.1642990727092273,-0.5123484939845313,2023-02-07 07:00:00,2025-02-07 07:00:00,2025-02-07 07:00:00,731,1,-0.42290985504429074,0.42290985504429074,"{'max_depth': None, 'min_samples_leaf': 1, 'min_samples_split': 20}"
2025-02-07 07:00:00,ARX,7,1.1642990727092273,0.9648541561310182,2023-02-07 07:00:00,2025-02-07 07:00:00,2025-02-07 07:00:00,731,1,-0.3032104293734177,0.3032104293734177,{'model__alpha': 0.01}
2025-02-07 07:00:00,Random Forest,7,1.1642990727092273,1.3729146550801579,2023-02-07 07:00:00,2025-02-07 07:00:00,2025-02-07 07:00:00,731,1,-0.28640559026943707,0.28640559026943707,"{'max_depth': 10, 'max_features': 0.5, 'min_samples_leaf': 2, 'n_estimators': 100}"
2025-02-07 07:00:00,Neural Network,7,1.1642990727092273,0.889078716930234,2023-02-07 07:00:00,2025-02-07 07:00:00,2025-02-07 07:00:00,731,1,-0.35941423956503044,0.35941423956503044,"{'regressor__model__alpha': 0.0001, 'regressor__model__hidden_layer_sizes': (64, 32), 'regressor__model__learning_rate_init': 0.0001}"
2025-02-07 07:00:00,Naive,7,1.1642990727092273,1.6464720334878153,2023-02-07 07:00:00,2025-02-07 07:00:00,2025-02-07 07:00:00,731,1,,,not_applicable
2025-02-08 07:00:00,Decision Tree,7,0.17632239267474428,0.6716372118603534,2023-02-08 07:00:00,2025-02-08 07:00:00,2025-02-08 07:00:00,731,1,-0.42290985504429074,0.42290985504429074,"{'max_depth': None, 'min_samples_leaf': 1, 'min_samples_split': 20}"
2025-02-08 07:00:00,ARX,7,0.17632239267474428,0.39348589704493186,2023-02-08 07:00:00,2025-02-08 07:00:00,2025-02-08 07:00:00,731,1,-0.3032104293734177,0.3032104293734177,{'model__alpha': 0.01}
2025-02-08 07:00:00,Random Forest,7,0.17632239267474428,0.6723346490265679,2023-02-08 07:00:00,2025-02-08 07:00:00,2025-02-08 07:00:00,731,1,-0.28640559026943707,0.28640559026943707,"{'max_depth': 10, 'max_features': 0.5, 'min_samples_leaf': 2, 'n_estimators': 100}"
2025-02-08 07:00:00,Neural Network,7,0.17632239267474428,0.38257751918280464,2023-02-08 07:00:00,2025-02-08 07:00:00,2025-02-08 07:00:00,731,1,-0.35941423956503044,0.35941423956503044,"{'regressor__model__alpha': 0.0001, 'regressor__model__hidden_layer_sizes': (64, 32), 'regressor__model__learning_rate_init': 0.0001}"
2025-02-08 07:00:00,Naive,7,0.17632239267474428,1.1642990727092273,2023-02-08 07:00:00,2025-02-08 07:00:00,2025-02-08 07:00:00,731,1,,,not_applicable
2025-02-09 07:00:00,Decision Tree,7,1.0329761884077793,0.37250085774212466,2023-02-09 07:00:00,2025-02-09 07:00:00,2025-02-09 07:00:00,731,1,-0.42290985504429074,0.42290985504429074,"{'max_depth': None, 'min_samples_leaf': 1, 'min_samples_split': 20}"
2025-02-09 07:00:00,ARX,7,1.0329761884077793,0.8532003187076861,2023-02-09 07:00:00,2025-02-09 07:00:00,2025-02-09 07:00:00,731,1,-0.3032104293734177,0.3032104293734177,{'model__alpha': 0.01}
2025-02-09 07:00:00,Random Forest,7,1.0329761884077793,0.8705012005819068,2023-02-09 07:00:00,2025-02-09 07:00:00,2025-02-09 07:00:00,731,1,-0.28640559026943707,0.28640559026943707,"{'max_depth': 10, 'max_features': 0.5, 'min_samples_leaf': 2, 'n_estimators': 100}"
2025-02-09 07:00:00,Neural Network,7,1.0329761884077793,0.5874780238385876,2023-02-09 07:00:00,2025-02-09 07:00:00,2025-02-09 07:00:00,731,1,-0.35941423956503044,0.35941423956503044,"{'regressor__model__alpha': 0.0001, 'regressor__model__hidden_layer_sizes': (64, 32), 'regressor__model__learning_rate_init': 0.0001}"
2025-02-09 07:00:00,Naive,7,1.0329761884077793,0.17632239267474428,2023-02-09 07:00:00,2025-02-09 07:00:00,2025-02-09 07:00:00,731,1,,,not_applicable
2025-02-10 07:00:00,Decision Tree,7,1.4491999858100106,1.455516944036954,2023-02-10 07:00:00,2025-02-10 07:00:00,2025-02-10 07:00:00,731,1,-0.42290985504429074,0.42290985504429074,"{'max_depth': None, 'min_samples_leaf': 1, 'min_samples_split': 20}"
2025-02-10 07:00:00,ARX,7,1.4491999858100106,1.3995470297656347,2023-02-10 07:00:00,2025-02-10 07:00:00,2025-02-10 07:00:00,731,1,-0.3032104293734177,0.3032104293734177,{'model__alpha': 0.01}
2025-02-10 07:00:00,Random Forest,7,1.4491999858100106,1.3296116507849618,2023-02-10 07:00:00,2025-02-10 07:00:00,2025-02-10 07:00:00,731,1,-0.28640559026943707,0.28640559026943707,"{'max_depth': 10, 'max_features': 0.5, 'min_samples_leaf': 2, 'n_estimators': 100}"
2025-02-10 07:00:00,Neural Network,7,1.4491999858100106,1.1037366638994002,2023-02-10 07:00:00,2025-02-10 07:00:00,2025-02-10 07:00:00,731,1,-0.35941423956503044,0.35941423956503044,"{'regressor__model__alpha': 0.0001, 'regressor__model__hidden_layer_sizes': (64, 32), 'regressor__model__learning_rate_init': 0.0001}"
2025-02-10 07:00:00,Naive,7,1.4491999858100106,1.0329761884077793,2023-02-10 07:00:00,2025-02-10 07:00:00,2025-02-10 07:00:00,731,1,,,not_applicable
2025-02-11 07:00:00,Decision Tree,7,1.057555179066218,0.9509976673066994,2023-02-11 07:00:00,2025-02-11 07:00:00,2025-02-11 07:00:00,731,1,-0.42290985504429074,0.42290985504429074,"{'max_depth': None, 'min_samples_leaf': 1, 'min_samples_split': 20}"
2025-02-11 07:00:00,ARX,7,1.057555179066218,0.6162397308758947,2023-02-11 07:00:00,2025-02-11 07:00:00,2025-02-11 07:00:00,731,1,-0.3032104293734177,0.3032104293734177,{'model__alpha': 0.01}
2025-02-11 07:00:00,Random Forest,7,1.057555179066218,0.7972513343989043,2023-02-11 07:00:00,2025-02-11 07:00:00,2025-02-11 07:00:00,731,1,-0.28640559026943707,0.28640559026943707,"{'max_depth': 10, 'max_features': 0.5, 'min_samples_leaf': 2, 'n_estimators': 100}"
2025-02-11 07:00:00,Neural Network,7,1.057555179066218,0.24880814328478928,2023-02-11 07:00:00,2025-02-11 07:00:00,2025-02-11 07:00:00,731,1,-0.35941423956503044,0.35941423956503044,"{'regressor__model__alpha': 0.0001, 'regressor__model__hidden_layer_sizes': (64, 32), 'regressor__model__learning_rate_init': 0.0001}"
2025-02-11 07:00:00,Naive,7,1.057555179066218,1.4491999858100106,2023-02-11 07:00:00,2025-02-11 07:00:00,2025-02-11 07:00:00,731,1,,,not_applicable
2025-02-12 07:00:00,Decision Tree,7,1.469581405249513,1.4546145214331052,2023-02-12 07:00:00,2025-02-12 07:00:00,2025-02-12 07:00:00,731,1,-0.42290985504429074,0.42290985504429074,"{'max_depth': None, 'min_samples_leaf': 1, 'min_samples_split': 20}"
2025-02-12 07:00:00,ARX,7,1.469581405249513,1.3825569807136464,2023-02-12 07:00:00,2025-02-12 07:00:00,2025-02-12 07:00:00,731,1,-0.3032104293734177,0.3032104293734177,{'model__alpha': 0.01}
2025-02-12 07:00:00,Random Forest,7,1.469581405249513,1.491173879655463,2023-02-12 07:00:00,2025-02-12 07:00:00,2025-02-12 07:00:00,731,1,-0.28640559026943707,0.28640559026943707,"{'max_depth': 10, 'max_features': 0.5, 'min_samples_leaf': 2, 'n_estimators': 100}"
2025-02-12 07:00:00,Neural Network,7,1.469581405249513,1.2027056400267147,2023-02-12 07:00:00,2025-02-12 07:00:00,2025-02-12 07:00:00,731,1,-0.35941423956503044,0.35941423956503044,"{'regressor__model__alpha': 0.0001, 'regressor__model__hidden_layer_sizes': (64, 32), 'regressor__model__learning_rate_init': 0.0001}"
2025-02-12 07:00:00,Naive,7,1.469581405249513,1.057555179066218,2023-02-12 07:00:00,2025-02-12 07:00:00,2025-02-12 07:00:00,731,1,,,not_applicable
2025-02-13 07:00:00,Decision Tree,7,1.7509321973922252,1.6740694645952097,2023-02-13 07:00:00,2025-02-13 07:00:00,2025-02-13 07:00:00,731,1,-0.42290985504429074,0.42290985504429074,"{'max_depth': None, 'min_samples_leaf': 1, 'min_samples_split': 20}"
2025-02-13 07:00:00,ARX,7,1.7509321973922252,1.7226009332832146,2023-02-13 07:00:00,2025-02-13 07:00:00,2025-02-13 07:00:00,731,1,-0.3032104293734177,0.3032104293734177,{'model__alpha': 0.01}
2025-02-13 07:00:00,Random Forest,7,1.7509321973922252,1.6852191500280094,2023-02-13 07:00:00,2025-02-13 07:00:00,2025-02-13 07:00:00,731,1,-0.28640559026943707,0.28640559026943707,"{'max_depth': 10, 'max_features': 0.5, 'min_samples_leaf': 2, 'n_estimators': 100}"
2025-02-13 07:00:00,Neural Network,7,1.7509321973922252,1.5325972703024673,2023-02-13 07:00:00,2025-02-13 07:00:00,2025-02-13 07:00:00,731,1,-0.35941423956503044,0.35941423956503044,"{'regressor__model__alpha': 0.0001, 'regressor__model__hidden_layer_sizes': (64, 32), 'regressor__model__learning_rate_init': 0.0001}"
2025-02-13 07:00:00,Naive,7,1.7509321973922252,1.469581405249513,2023-02-13 07:00:00,2025-02-13 07:00:00,2025-02-13 07:00:00,731,1,,,not_applicable
2025-02-14 07:00:00,Decision Tree,7,2.046173335485732,1.8869112097842242,2023-02-14 07:00:00,2025-02-14 07:00:00,2025-02-14 07:00:00,731,1,-0.42290985504429074,0.42290985504429074,"{'max_depth': None, 'min_samples_leaf': 1, 'min_samples_split': 20}"
2025-02-14 07:00:00,ARX,7,2.046173335485732,1.6347328862426567,2023-02-14 07:00:00,2025-02-14 07:00:00,2025-02-14 07:00:00,731,1,-0.3032104293734177,0.3032104293734177,{'model__alpha': 0.01}
2025-02-14 07:00:00,Random Forest,7,2.046173335485732,1.7942071265536972,2023-02-14 07:00:00,2025-02-14 07:00:00,2025-02-14 07:00:00,731,1,-0.28640559026943707,0.28640559026943707,"{'max_depth': 10, 'max_features': 0.5, 'min_samples_leaf': 2, 'n_estimators': 100}"
2025-02-14 07:00:00,Neural Network,7,2.046173335485732,1.5127703763072726,2023-02-14 07:00:00,2025-02-14 07:00:00,2025-02-14 07:00:00,731,1,-0.35941423956503044,0.35941423956503044,"{'regressor__model__alpha': 0.0001, 'regressor__model__hidden_layer_sizes': (64, 32), 'regressor__model__learning_rate_init': 0.0001}"
2025-02-14 07:00:00,Naive,7,2.046173335485732,1.7509321973922252,2023-02-14 07:00:00,2025-02-14 07:00:00,2025-02-14 07:00:00,731,1,,,not_applicable
2025-02-15 07:00:00,Decision Tree,7,1.2722104570667123,0.8656361295669363,2023-02-15 07:00:00,2025-02-15 07:00:00,2025-02-15 07:00:00,731,1,-0.42290985504429074,0.42290985504429074,"{'max_depth': None, 'min_samples_leaf': 1, 'min_samples_split': 20}"
2025-02-15 07:00:00,ARX,7,1.2722104570667123,1.268808925107106,2023-02-15 07:00:00,2025-02-15 07:00:00,2025-02-15 07:00:00,731,1,-0.3032104293734177,0.3032104293734177,{'model__alpha': 0.01}
2025-02-15 07:00:00,Random Forest,7,1.2722104570667123,1.1642279885884712,2023-02-15 07:00:00,2025-02-15 07:00:00,2025-02-15 07:00:00,731,1,-0.28640559026943707,0.28640559026943707,"{'max_depth': 10, 'max_features': 0.5, 'min_samples_leaf': 2, 'n_estimators': 100}"
2025-02-15 07:00:00,Neural Network,7,1.2722104570667123,1.4866563348097381,2023-02-15 07:00:00,2025-02-15 07:00:00,2025-02-15 07:00:00,731,1,-0.35941423956503044,0.35941423956503044,"{'regressor__model__alpha': 0.0001, 'regressor__model__hidden_layer_sizes': (64, 32), 'regressor__model__learning_rate_init': 0.0001}"
2025-02-15 07:00:00,Naive,7,1.2722104570667123,2.046173335485732,2023-02-15 07:00:00,2025-02-15 07:00:00,2025-02-15 07:00:00,731,1,,,not_applicable
2025-02-16 07:00:00,Decision Tree,7,0.9262101361451558,0.9916233574621582,2023-02-16 07:00:00,2025-02-16 07:00:00,2025-02-16 07:00:00,731,1,-0.42290985504429074,0.42290985504429074,"{'max_depth': None, 'min_samples_leaf': 1, 'min_samples_split': 20}"
2025-02-16 07:00:00,ARX,7,0.9262101361451558,0.7798624207471695,2023-02-16 07:00:00,2025-02-16 07:00:00,2025-02-16 07:00:00,731,1,-0.3032104293734177,0.3032104293734177,{'model__alpha': 0.01}
2025-02-16 07:00:00,Random Forest,7,0.9262101361451558,0.9132343118458288,2023-02-16 07:00:00,2025-02-16 07:00:00,2025-02-16 07:00:00,731,1,-0.28640559026943707,0.28640559026943707,"{'max_depth': 10, 'max_features': 0.5, 'min_samples_leaf': 2, 'n_estimators': 100}"
2025-02-16 07:00:00,Neural Network,7,0.9262101361451558,1.3187251742340202,2023-02-16 07:00:00,2025-02-16 07:00:00,2025-02-16 07:00:00,731,1,-0.35941423956503044,0.35941423956503044,"{'regressor__model__alpha': 0.0001, 'regressor__model__hidden_layer_sizes': (64, 32), 'regressor__model__learning_rate_init': 0.0001}"
2025-02-16 07:00:00,Naive,7,0.9262101361451558,1.2722104570667123,2023-02-16 07:00:00,2025-02-16 07:00:00,2025-02-16 07:00:00,731,1,,,not_applicable
2025-02-17 07:00:00,Decision Tree,7,1.8734273608978453,1.8952934269264088,2023-02-17 07:00:00,2025-02-17 07:00:00,2025-02-17 07:00:00,731,1,-0.42290985504429074,0.42290985504429074,"{'max_depth': None, 'min_samples_leaf': 1, 'min_samples_split': 20}"
2025-02-17 07:00:00,ARX,7,1.8734273608978453,1.8736444680026758,2023-02-17 07:00:00,2025-02-17 07:00:00,2025-02-17 07:00:00,731,1,-0.3032104293734177,0.3032104293734177,{'model__alpha': 0.01}
2025-02-17 07:00:00,Random Forest,7,1.8734273608978453,1.944386200715905,2023-02-17 07:00:00,2025-02-17 07:00:00,2025-02-17 07:00:00,731,1,-0.28640559026943707,0.28640559026943707,"{'max_depth': 10, 'max_features': 0.5, 'min_samples_leaf': 2, 'n_estimators': 100}"
2025-02-17 07:00:00,Neural Network,7,1.8734273608978453,2.171315513907632,2023-02-17 07:00:00,2025-02-17 07:00:00,2025-02-17 07:00:00,731,1,-0.35941423956503044,0.35941423956503044,"{'regressor__model__alpha': 0.0001, 'regressor__model__hidden_layer_sizes': (64, 32), 'regressor__model__learning_rate_init': 0.0001}"
2025-02-17 07:00:00,Naive,7,1.8734273608978453,0.9262101361451558,2023-02-17 07:00:00,2025-02-17 07:00:00,2025-02-17 07:00:00,731,1,,,not_applicable
2025-02-18 07:00:00,Decision Tree,7,1.7461146081579277,1.820112932195465,2023-02-18 07:00:00,2025-02-18 07:00:00,2025-02-18 07:00:00,731,1,-0.42290985504429074,0.42290985504429074,"{'max_depth': None, 'min_samples_leaf': 1, 'min_samples_split': 20}"
2025-02-18 07:00:00,ARX,7,1.7461146081579277,1.6586771015388542,2023-02-18 07:00:00,2025-02-18 07:00:00,2025-02-18 07:00:00,731,1,-0.3032104293734177,0.3032104293734177,{'model__alpha': 0.01}
2025-02-18 07:00:00,Random Forest,7,1.7461146081579277,1.797882003920526,2023-02-18 07:00:00,2025-02-18 07:00:00,2025-02-18 07:00:00,731,1,-0.28640559026943707,0.28640559026943707,"{'max_depth': 10, 'max_features': 0.5, 'min_samples_leaf': 2, 'n_estimators': 100}"
2025-02-18 07:00:00,Neural Network,7,1.7461146081579277,1.7727768294170718,2023-02-18 07:00:00,2025-02-18 07:00:00,2025-02-18 07:00:00,731,1,-0.35941423956503044,0.35941423956503044,"{'regressor__model__alpha': 0.0001, 'regressor__model__hidden_layer_sizes': (64, 32), 'regressor__model__learning_rate_init': 0.0001}"
2025-02-18 07:00:00,Naive,7,1.7461146081579277,1.8734273608978453,2023-02-18 07:00:00,2025-02-18 07:00:00,2025-02-18 07:00:00,731,1,,,not_applicable
2025-02-19 07:00:00,Decision Tree,7,1.2790738747421884,1.4564853819101558,2023-02-19 07:00:00,2025-02-19 07:00:00,2025-02-19 07:00:00,731,1,-0.42290985504429074,0.42290985504429074,"{'max_depth': None, 'min_samples_leaf': 1, 'min_samples_split': 20}"
2025-02-19 07:00:00,ARX,7,1.2790738747421884,1.1750130503167047,2023-02-19 07:00:00,2025-02-19 07:00:00,2025-02-19 07:00:00,731,1,-0.3032104293734177,0.3032104293734177,{'model__alpha': 0.01}
2025-02-19 07:00:00,Random Forest,7,1.2790738747421884,1.2978560098392906,2023-02-19 07:00:00,2025-02-19 07:00:00,2025-02-19 07:00:00,731,1,-0.28640559026943707,0.28640559026943707,"{'max_depth': 10, 'max_features': 0.5, 'min_samples_leaf': 2, 'n_estimators': 100}"
2025-02-19 07:00:00,Neural Network,7,1.2790738747421884,1.4354491330192454,2023-02-19 07:00:00,2025-02-19 07:00:00,2025-02-19 07:00:00,731,1,-0.35941423956503044,0.35941423956503044,"{'regressor__model__alpha': 0.0001, 'regressor__model__hidden_layer_sizes': (64, 32), 'regressor__model__learning_rate_init': 0.0001}"
2025-02-19 07:00:00,Naive,7,1.2790738747421884,1.7461146081579277,2023-02-19 07:00:00,2025-02-19 07:00:00,2025-02-19 07:00:00,731,1,,,not_applicable
2025-02-20 07:00:00,Decision Tree,7,0.5568617386965382,0.8605213494927885,2023-02-20 07:00:00,2025-02-20 07:00:00,2025-02-20 07:00:00,731,1,-0.42290985504429074,0.42290985504429074,"{'max_depth': None, 'min_samples_leaf': 1, 'min_samples_split': 20}"
2025-02-20 07:00:00,ARX,7,0.5568617386965382,0.9796697353578467,2023-02-20 07:00:00,2025-02-20 07:00:00,2025-02-20 07:00:00,731,1,-0.3032104293734177,0.3032104293734177,{'model__alpha': 0.01}
2025-02-20 07:00:00,Random Forest,7,0.5568617386965382,0.9965879201707502,2023-02-20 07:00:00,2025-02-20 07:00:00,2025-02-20 07:00:00,731,1,-0.28640559026943707,0.28640559026943707,"{'max_depth': 10, 'max_features': 0.5, 'min_samples_leaf': 2, 'n_estimators': 100}"
2025-02-20 07:00:00,Neural Network,7,0.5568617386965382,1.1902079201243563,2023-02-20 07:00:00,2025-02-20 07:00:00,2025-02-20 07:00:00,731,1,-0.35941423956503044,0.35941423956503044,"{'regressor__model__alpha': 0.0001, 'regressor__model__hidden_layer_sizes': (64, 32), 'regressor__model__learning_rate_init': 0.0001}"
2025-02-20 07:00:00,Naive,7,0.5568617386965382,1.2790738747421884,2023-02-20 07:00:00,2025-02-20 07:00:00,2025-02-20 07:00:00,731,1,,,not_applicable
2025-02-21 07:00:00,Decision Tree,7,1.3225705306986382,0.8234772665267069,2023-02-21 07:00:00,2025-02-21 07:00:00,2025-02-21 07:00:00,731,1,-0.42290985504429074,0.42290985504429074,"{'max_depth': None, 'min_samples_leaf': 1, 'min_samples_split': 20}"
2025-02-21 07:00:00,ARX,7,1.3225705306986382,0.7348921243632178,2023-02-21 07:00:00,2025-02-21 07:00:00,2025-02-21 07:00:00,731,1,-0.3032104293734177,0.3032104293734177,{'model__alpha': 0.01}
2025-02-21 07:00:00,Random Forest,7,1.3225705306986382,0.7709928034797069,2023-02-21 07:00:00,2025-02-21 07:00:00,2025-02-21 07:00:00,731,1,-0.28640559026943707,0.28640559026943707,"{'max_depth': 10, 'max_features': 0.5, 'min_samples_leaf': 2, 'n_estimators': 100}"
2025-02-21 07:00:00,Neural Network,7,1.3225705306986382,0.49017427754580106,2023-02-21 07:00:00,2025-02-21 07:00:00,2025-02-21 07:00:00,731,1,-0.35941423956503044,0.35941423956503044,"{'regressor__model__alpha': 0.0001, 'regressor__model__hidden_layer_sizes': (64, 32), 'regressor__model__learning_rate_init': 0.0001}"
2025-02-21 07:00:00,Naive,7,1.3225705306986382,0.5568617386965382,2023-02-21 07:00:00,2025-02-21 07:00:00,2025-02-21 07:00:00,731,1,,,not_applicable
2025-02-22 07:00:00,Decision Tree,7,-0.7029011040068766,-0.7385681178519755,2023-02-22 07:00:00,2025-02-22 07:00:00,2025-02-22 07:00:00,731,1,-0.42290985504429074,0.42290985504429074,"{'max_depth': None, 'min_samples_leaf': 1, 'min_samples_split': 20}"
2025-02-22 07:00:00,ARX,7,-0.7029011040068766,-0.3224227249576105,2023-02-22 07:00:00,2025-02-22 07:00:00,2025-02-22 07:00:00,731,1,-0.3032104293734177,0.3032104293734177,{'model__alpha': 0.01}
2025-02-22 07:00:00,Random Forest,7,-0.7029011040068766,-0.53456778296458,2023-02-22 07:00:00,2025-02-22 07:00:00,2025-02-22 07:00:00,731,1,-0.28640559026943707,0.28640559026943707,"{'max_depth': 10, 'max_features': 0.5, 'min_samples_leaf': 2, 'n_estimators': 100}"
2025-02-22 07:00:00,Neural Network,7,-0.7029011040068766,-0.31708682993487947,2023-02-22 07:00:00,2025-02-22 07:00:00,2025-02-22 07:00:00,731,1,-0.35941423956503044,0.35941423956503044,"{'regressor__model__alpha': 0.0001, 'regressor__model__hidden_layer_sizes': (64, 32), 'regressor__model__learning_rate_init': 0.0001}"
2025-02-22 07:00:00,Naive,7,-0.7029011040068766,1.3225705306986382,2023-02-22 07:00:00,2025-02-22 07:00:00,2025-02-22 07:00:00,731,1,,,not_applicable
2025-02-23 07:00:00,Decision Tree,7,0.5076701124933104,-0.4538641495383432,2023-02-23 07:00:00,2025-02-23 07:00:00,2025-02-23 07:00:00,731,1,-0.42290985504429074,0.42290985504429074,"{'max_depth': None, 'min_samples_leaf': 1, 'min_samples_split': 20}"
2025-02-23 07:00:00,ARX,7,0.5076701124933104,0.19707731027770625,2023-02-23 07:00:00,2025-02-23 07:00:00,2025-02-23 07:00:00,731,1,-0.3032104293734177,0.3032104293734177,{'model__alpha': 0.01}
2025-02-23 07:00:00,Random Forest,7,0.5076701124933104,0.15912055917064782,2023-02-23 07:00:00,2025-02-23 07:00:00,2025-02-23 07:00:00,731,1,-0.28640559026943707,0.28640559026943707,"{'max_depth': 10, 'max_features': 0.5, 'min_samples_leaf': 2, 'n_estimators': 100}"
2025-02-23 07:00:00,Neural Network,7,0.5076701124933104,0.17738518053496038,2023-02-23 07:00:00,2025-02-23 07:00:00,2025-02-23 07:00:00,731,1,-0.35941423956503044,0.35941423956503044,"{'regressor__model__alpha': 0.0001, 'regressor__model__hidden_layer_sizes': (64, 32), 'regressor__model__learning_rate_init': 0.0001}"
2025-02-23 07:00:00,Naive,7,0.5076701124933104,-0.7029011040068766,2023-02-23 07:00:00,2025-02-23 07:00:00,2025-02-23 07:00:00,731,1,,,not_applicable
2025-02-24 07:00:00,Decision Tree,7,-0.10827767274910666,0.855255224282165,2023-02-24 07:00:00,2025-02-24 07:00:00,2025-02-24 07:00:00,731,1,-0.42290985504429074,0.42290985504429074,"{'max_depth': None, 'min_samples_leaf': 1, 'min_samples_split': 20}"
2025-02-24 07:00:00,ARX,7,-0.10827767274910666,0.4176008853553148,2023-02-24 07:00:00,2025-02-24 07:00:00,2025-02-24 07:00:00,731,1,-0.3032104293734177,0.3032104293734177,{'model__alpha': 0.01}
2025-02-24 07:00:00,Random Forest,7,-0.10827767274910666,0.39446088587744016,2023-02-24 07:00:00,2025-02-24 07:00:00,2025-02-24 07:00:00,731,1,-0.28640559026943707,0.28640559026943707,"{'max_depth': 10, 'max_features': 0.5, 'min_samples_leaf': 2, 'n_estimators': 100}"
2025-02-24 07:00:00,Neural Network,7,-0.10827767274910666,0.13324894090857176,2023-02-24 07:00:00,2025-02-24 07:00:00,2025-02-24 07:00:00,731,1,-0.35941423956503044,0.35941423956503044,"{'regressor__model__alpha': 0.0001, 'regressor__model__hidden_layer_sizes': (64, 32), 'regressor__model__learning_rate_init': 0.0001}"
2025-02-24 07:00:00,Naive,7,-0.10827767274910666,0.5076701124933104,2023-02-24 07:00:00,2025-02-24 07:00:00,2025-02-24 07:00:00,731,1,,,not_applicable
2025-02-25 07:00:00,Decision Tree,7,1.5185936356543255,0.7230803220093794,2023-02-25 07:00:00,2025-02-25 07:00:00,2025-02-25 07:00:00,731,1,-0.42290985504429074,0.42290985504429074,"{'max_depth': None, 'min_samples_leaf': 1, 'min_samples_split': 20}"
2025-02-25 07:00:00,ARX,7,1.5185936356543255,1.3794645760855324,2023-02-25 07:00:00,2025-02-25 07:00:00,2025-02-25 07:00:00,731,1,-0.3032104293734177,0.3032104293734177,{'model__alpha': 0.01}
2025-02-25 07:00:00,Random Forest,7,1.5185936356543255,1.0620095814225181,2023-02-25 07:00:00,2025-02-25 07:00:00,2025-02-25 07:00:00,731,1,-0.28640559026943707,0.28640559026943707,"{'max_depth': 10, 'max_features': 0.5, 'min_samples_leaf': 2, 'n_estimators': 100}"
2025-02-25 07:00:00,Neural Network,7,1.5185936356543255,1.124377719319773,2023-02-25 07:00:00,2025-02-25 07:00:00,2025-02-25 07:00:00,731,1,-0.35941423956503044,0.35941423956503044,"{'regressor__model__alpha': 0.0001, 'regressor__model__hidden_layer_sizes': (64, 32), 'regressor__model__learning_rate_init': 0.0001}"
2025-02-25 07:00:00,Naive,7,1.5185936356543255,-0.10827767274910666,2023-02-25 07:00:00,2025-02-25 07:00:00,2025-02-25 07:00:00,731,1,,,not_applicable
2025-02-26 07:00:00,Decision Tree,7,1.4298549142652244,1.534250618254468,2023-02-26 07:00:00,2025-02-26 07:00:00,2025-02-26 07:00:00,731,1,-0.42290985504429074,0.42290985504429074,"{'max_depth': None, 'min_samples_leaf': 1, 'min_samples_split': 20}"
2025-02-26 07:00:00,ARX,7,1.4298549142652244,1.4509944932961851,2023-02-26 07:00:00,2025-02-26 07:00:00,2025-02-26 07:00:00,731,1,-0.3032104293734177,0.3032104293734177,{'model__alpha': 0.01}
2025-02-26 07:00:00,Random Forest,7,1.4298549142652244,1.4738488739846765,2023-02-26 07:00:00,2025-02-26 07:00:00,2025-02-26 07:00:00,731,1,-0.28640559026943707,0.28640559026943707,"{'max_depth': 10, 'max_features': 0.5, 'min_samples_leaf': 2, 'n_estimators': 100}"
2025-02-26 07:00:00,Neural Network,7,1.4298549142652244,1.207517598026012,2023-02-26 07:00:00,2025-02-26 07:00:00,2025-02-26 07:00:00,731,1,-0.35941423956503044,0.35941423956503044,"{'regressor__model__alpha': 0.0001, 'regressor__model__hidden_layer_sizes': (64, 32), 'regressor__model__learning_rate_init': 0.0001}"
2025-02-26 07:00:00,Naive,7,1.4298549142652244,1.5185936356543255,2023-02-26 07:00:00,2025-02-26 07:00:00,2025-02-26 07:00:00,731,1,,,not_applicable
2025-02-27 07:00:00,Decision Tree,7,1.3304314956250294,1.1473674137943555,2023-02-27 07:00:00,2025-02-27 07:00:00,2025-02-27 07:00:00,731,1,-0.42290985504429074,0.42290985504429074,"{'max_depth': None, 'min_samples_leaf': 1, 'min_samples_split': 20}"
2025-02-27 07:00:00,ARX,7,1.3304314956250294,1.1641753884459485,2023-02-27 07:00:00,2025-02-27 07:00:00,2025-02-27 07:00:00,731,1,-0.3032104293734177,0.3032104293734177,{'model__alpha': 0.01}
2025-02-27 07:00:00,Random Forest,7,1.3304314956250294,1.3241589467373691,2023-02-27 07:00:00,2025-02-27 07:00:00,2025-02-27 07:00:00,731,1,-0.28640559026943707,0.28640559026943707,"{'max_depth': 10, 'max_features': 0.5, 'min_samples_leaf': 2, 'n_estimators': 100}"
2025-02-27 07:00:00,Neural Network,7,1.3304314956250294,1.7108200541832836,2023-02-27 07:00:00,2025-02-27 07:00:00,2025-02-27 07:00:00,731,1,-0.35941423956503044,0.35941423956503044,"{'regressor__model__alpha': 0.0001, 'regressor__model__hidden_layer_sizes': (64, 32), 'regressor__model__learning_rate_init': 0.0001}"
2025-02-27 07:00:00,Naive,7,1.3304314956250294,1.4298549142652244,2023-02-27 07:00:00,2025-02-27 07:00:00,2025-02-27 07:00:00,731,1,,,not_applicable
2025-02-28 07:00:00,Decision Tree,7,1.298961894480962,1.5272909046551848,2023-02-28 07:00:00,2025-02-28 07:00:00,2025-02-28 07:00:00,731,1,-0.42290985504429074,0.42290985504429074,"{'max_depth': None, 'min_samples_leaf': 1, 'min_samples_split': 20}"
2025-02-28 07:00:00,ARX,7,1.298961894480962,1.3663353882660219,2023-02-28 07:00:00,2025-02-28 07:00:00,2025-02-28 07:00:00,731,1,-0.3032104293734177,0.3032104293734177,{'model__alpha': 0.01}
2025-02-28 07:00:00,Random Forest,7,1.298961894480962,1.465477422822739,2023-02-28 07:00:00,2025-02-28 07:00:00,2025-02-28 07:00:00,731,1,-0.28640559026943707,0.28640559026943707,"{'max_depth': 10, 'max_features': 0.5, 'min_samples_leaf': 2, 'n_estimators': 100}"
2025-02-28 07:00:00,Neural Network,7,1.298961894480962,1.4388090991224254,2023-02-28 07:00:00,2025-02-28 07:00:00,2025-02-28 07:00:00,731,1,-0.35941423956503044,0.35941423956503044,"{'regressor__model__alpha': 0.0001, 'regressor__model__hidden_layer_sizes': (64, 32), 'regressor__model__learning_rate_init': 0.0001}"
2025-02-28 07:00:00,Naive,7,1.298961894480962,1.3304314956250294,2023-02-28 07:00:00,2025-02-28 07:00:00,2025-02-28 07:00:00,731,1,,,not_applicable
2025-03-01 07:00:00,Decision Tree,7,1.0817412187570175,0.9302311777236741,2023-03-01 07:00:00,2025-03-01 07:00:00,2025-03-01 07:00:00,731,1,-0.42290985504429074,0.42290985504429074,"{'max_depth': None, 'min_samples_leaf': 1, 'min_samples_split': 20}"
2025-03-01 07:00:00,ARX,7,1.0817412187570175,0.8730352869242056,2023-03-01 07:00:00,2025-03-01 07:00:00,2025-03-01 07:00:00,731,1,-0.3032104293734177,0.3032104293734177,{'model__alpha': 0.01}
2025-03-01 07:00:00,Random Forest,7,1.0817412187570175,0.9003575308649644,2023-03-01 07:00:00,2025-03-01 07:00:00,2025-03-01 07:00:00,731,1,-0.28640559026943707,0.28640559026943707,"{'max_depth': 10, 'max_features': 0.5, 'min_samples_leaf': 2, 'n_estimators': 100}"
2025-03-01 07:00:00,Neural Network,7,1.0817412187570175,0.8573313717466194,2023-03-01 07:00:00,2025-03-01 07:00:00,2025-03-01 07:00:00,731,1,-0.35941423956503044,0.35941423956503044,"{'regressor__model__alpha': 0.0001, 'regressor__model__hidden_layer_sizes': (64, 32), 'regressor__model__learning_rate_init': 0.0001}"
2025-03-01 07:00:00,Naive,7,1.0817412187570175,1.298961894480962,2023-03-01 07:00:00,2025-03-01 07:00:00,2025-03-01 07:00:00,731,1,,,not_applicable
2025-03-02 07:00:00,Decision Tree,7,0.37557855404968143,0.8360359017494032,2023-03-02 07:00:00,2025-03-02 07:00:00,2025-03-02 07:00:00,731,1,-0.42290985504429074,0.42290985504429074,"{'max_depth': None, 'min_samples_leaf': 1, 'min_samples_split': 20}"
2025-03-02 07:00:00,ARX,7,0.37557855404968143,0.7422462666068859,2023-03-02 07:00:00,2025-03-02 07:00:00,2025-03-02 07:00:00,731,1,-0.3032104293734177,0.3032104293734177,{'model__alpha': 0.01}
2025-03-02 07:00:00,Random Forest,7,0.37557855404968143,0.5567655710927772,2023-03-02 07:00:00,2025-03-02 07:00:00,2025-03-02 07:00:00,731,1,-0.28640559026943707,0.28640559026943707,"{'max_depth': 10, 'max_features': 0.5, 'min_samples_leaf': 2, 'n_estimators': 100}"
2025-03-02 07:00:00,Neural Network,7,0.37557855404968143,0.8618181786013275,2023-03-02 07:00:00,2025-03-02 07:00:00,2025-03-02 07:00:00,731,1,-0.35941423956503044,0.35941423956503044,"{'regressor__model__alpha': 0.0001, 'regressor__model__hidden_layer_sizes': (64, 32), 'regressor__model__learning_rate_init': 0.0001}"
2025-03-02 07:00:00,Naive,7,0.37557855404968143,1.0817412187570175,2023-03-02 07:00:00,2025-03-02 07:00:00,2025-03-02 07:00:00,731,1,,,not_applicable
2025-03-03 07:00:00,Decision Tree,7,1.4727761560949244,1.43435162130612,2023-03-03 07:00:00,2025-03-03 07:00:00,2025-03-03 07:00:00,731,1,-0.42290985504429074,0.42290985504429074,"{'max_depth': None, 'min_samples_leaf': 1, 'min_samples_split': 20}"
2025-03-03 07:00:00,ARX,7,1.4727761560949244,1.2048971372929187,2023-03-03 07:00:00,2025-03-03 07:00:00,2025-03-03 07:00:00,731,1,-0.3032104293734177,0.3032104293734177,{'model__alpha': 0.01}
2025-03-03 07:00:00,Random Forest,7,1.4727761560949244,1.074715668926742,2023-03-03 07:00:00,2025-03-03 07:00:00,2025-03-03 07:00:00,731,1,-0.28640559026943707,0.28640559026943707,"{'max_depth': 10, 'max_features': 0.5, 'min_samples_leaf': 2, 'n_estimators': 100}"
2025-03-03 07:00:00,Neural Network,7,1.4727761560949244,1.2778988084857272,2023-03-03 07:00:00,2025-03-03 07:00:00,2025-03-03 07:00:00,731,1,-0.35941423956503044,0.35941423956503044,"{'regressor__model__alpha': 0.0001, 'regressor__model__hidden_layer_sizes': (64, 32), 'regressor__model__learning_rate_init': 0.0001}"
2025-03-03 07:00:00,Naive,7,1.4727761560949244,0.37557855404968143,2023-03-03 07:00:00,2025-03-03 07:00:00,2025-03-03 07:00:00,731,1,,,not_applicable
2025-03-04 07:00:00,Decision Tree,7,1.5490544758723097,1.4364863176832758,2023-03-04 07:00:00,2025-03-04 07:00:00,2025-03-04 07:00:00,731,1,-0.42290985504429074,0.42290985504429074,"{'max_depth': None, 'min_samples_leaf': 1, 'min_samples_split': 20}"
2025-03-04 07:00:00,ARX,7,1.5490544758723097,1.467660692209293,2023-03-04 07:00:00,2025-03-04 07:00:00,2025-03-04 07:00:00,731,1,-0.3032104293734177,0.3032104293734177,{'model__alpha': 0.01}
2025-03-04 07:00:00,Random Forest,7,1.5490544758723097,1.394072090958592,2023-03-04 07:00:00,2025-03-04 07:00:00,2025-03-04 07:00:00,731,1,-0.28640559026943707,0.28640559026943707,"{'max_depth': 10, 'max_features': 0.5, 'min_samples_leaf': 2, 'n_estimators': 100}"
2025-03-04 07:00:00,Neural Network,7,1.5490544758723097,1.2906969174971477,2023-03-04 07:00:00,2025-03-04 07:00:00,2025-03-04 07:00:00,731,1,-0.35941423956503044,0.35941423956503044,"{'regressor__model__alpha': 0.0001, 'regressor__model__hidden_layer_sizes': (64, 32), 'regressor__model__learning_rate_init': 0.0001}"
2025-03-04 07:00:00,Naive,7,1.5490544758723097,1.4727761560949244,2023-03-04 07:00:00,2025-03-04 07:00:00,2025-03-04 07:00:00,731,1,,,not_applicable
2025-03-05 07:00:00,Decision Tree,7,1.1554926074765262,0.9368061300284656,2023-03-05 07:00:00,2025-03-05 07:00:00,2025-03-05 07:00:00,731,1,-0.42290985504429074,0.42290985504429074,"{'max_depth': None, 'min_samples_leaf': 1, 'min_samples_split': 20}"
2025-03-05 07:00:00,ARX,7,1.1554926074765262,1.059299448919192,2023-03-05 07:00:00,2025-03-05 07:00:00,2025-03-05 07:00:00,731,1,-0.3032104293734177,0.3032104293734177,{'model__alpha': 0.01}
2025-03-05 07:00:00,Random Forest,7,1.1554926074765262,1.1499963271037106,2023-03-05 07:00:00,2025-03-05 07:00:00,2025-03-05 07:00:00,731,1,-0.28640559026943707,0.28640559026943707,"{'max_depth': 10, 'max_features': 0.5, 'min_samples_leaf': 2, 'n_estimators': 100}"
2025-03-05 07:00:00,Neural Network,7,1.1554926074765262,1.2636899669237924,2023-03-05 07:00:00,2025-03-05 07:00:00,2025-03-05 07:00:00,731,1,-0.35941423956503044,0.35941423956503044,"{'regressor__model__alpha': 0.0001, 'regressor__model__hidden_layer_sizes': (64, 32), 'regressor__model__learning_rate_init': 0.0001}"
2025-03-05 07:00:00,Naive,7,1.1554926074765262,1.5490544758723097,2023-03-05 07:00:00,2025-03-05 07:00:00,2025-03-05 07:00:00,731,1,,,not_applicable
2025-03-06 07:00:00,Decision Tree,7,1.3236606240533721,1.006412402796654,2023-03-06 07:00:00,2025-03-06 07:00:00,2025-03-06 07:00:00,731,1,-0.42290985504429074,0.42290985504429074,"{'max_depth': None, 'min_samples_leaf': 1, 'min_samples_split': 20}"
2025-03-06 07:00:00,ARX,7,1.3236606240533721,0.9180632162086875,2023-03-06 07:00:00,2025-03-06 07:00:00,2025-03-06 07:00:00,731,1,-0.3032104293734177,0.3032104293734177,{'model__alpha': 0.01}
2025-03-06 07:00:00,Random Forest,7,1.3236606240533721,0.8666184716020676,2023-03-06 07:00:00,2025-03-06 07:00:00,2025-03-06 07:00:00,731,1,-0.28640559026943707,0.28640559026943707,"{'max_depth': 10, 'max_features': 0.5, 'min_samples_leaf': 2, 'n_estimators': 100}"
2025-03-06 07:00:00,Neural Network,7,1.3236606240533721,1.4074354160142903,2023-03-06 07:00:00,2025-03-06 07:00:00,2025-03-06 07:00:00,731,1,-0.35941423956503044,0.35941423956503044,"{'regressor__model__alpha': 0.0001, 'regressor__model__hidden_layer_sizes': (64, 32), 'regressor__model__learning_rate_init': 0.0001}"
2025-03-06 07:00:00,Naive,7,1.3236606240533721,1.1554926074765262,2023-03-06 07:00:00,2025-03-06 07:00:00,2025-03-06 07:00:00,731,1,,,not_applicable
2025-03-07 07:00:00,Decision Tree,7,1.2717058885409305,1.0641436513573366,2023-03-07 07:00:00,2025-03-07 07:00:00,2025-03-07 07:00:00,731,1,-0.42290985504429074,0.42290985504429074,"{'max_depth': None, 'min_samples_leaf': 1, 'min_samples_split': 20}"
2025-03-07 07:00:00,ARX,7,1.2717058885409305,0.8703606030169144,2023-03-07 07:00:00,2025-03-07 07:00:00,2025-03-07 07:00:00,731,1,-0.3032104293734177,0.3032104293734177,{'model__alpha': 0.01}
2025-03-07 07:00:00,Random Forest,7,1.2717058885409305,1.1000085605617718,2023-03-07 07:00:00,2025-03-07 07:00:00,2025-03-07 07:00:00,731,1,-0.28640559026943707,0.28640559026943707,"{'max_depth': 10, 'max_features': 0.5, 'min_samples_leaf': 2, 'n_estimators': 100}"
2025-03-07 07:00:00,Neural Network,7,1.2717058885409305,1.004859893798639,2023-03-07 07:00:00,2025-03-07 07:00:00,2025-03-07 07:00:00,731,1,-0.35941423956503044,0.35941423956503044,"{'regressor__model__alpha': 0.0001, 'regressor__model__hidden_layer_sizes': (64, 32), 'regressor__model__learning_rate_init': 0.0001}"
2025-03-07 07:00:00,Naive,7,1.2717058885409305,1.3236606240533721,2023-03-07 07:00:00,2025-03-07 07:00:00,2025-03-07 07:00:00,731,1,,,not_applicable
2025-03-08 07:00:00,Decision Tree,7,0.8025244517775536,1.0447951026292825,2023-03-08 07:00:00,2025-03-08 07:00:00,2025-03-08 07:00:00,731,1,-0.42290985504429074,0.42290985504429074,"{'max_depth': None, 'min_samples_leaf': 1, 'min_samples_split': 20}"
2025-03-08 07:00:00,ARX,7,0.8025244517775536,1.0498491419930347,2023-03-08 07:00:00,2025-03-08 07:00:00,2025-03-08 07:00:00,731,1,-0.3032104293734177,0.3032104293734177,{'model__alpha': 0.01}
2025-03-08 07:00:00,Random Forest,7,0.8025244517775536,0.7596160403578124,2023-03-08 07:00:00,2025-03-08 07:00:00,2025-03-08 07:00:00,731,1,-0.28640559026943707,0.28640559026943707,"{'max_depth': 10, 'max_features': 0.5, 'min_samples_leaf': 2, 'n_estimators': 100}"
2025-03-08 07:00:00,Neural Network,7,0.8025244517775536,0.8559841450258897,2023-03-08 07:00:00,2025-03-08 07:00:00,2025-03-08 07:00:00,731,1,-0.35941423956503044,0.35941423956503044,"{'regressor__model__alpha': 0.0001, 'regressor__model__hidden_layer_sizes': (64, 32), 'regressor__model__learning_rate_init': 0.0001}"
2025-03-08 07:00:00,Naive,7,0.8025244517775536,1.2717058885409305,2023-03-08 07:00:00,2025-03-08 07:00:00,2025-03-08 07:00:00,731,1,,,not_applicable
2025-03-09 07:00:00,Decision Tree,7,0.1251660480683596,0.2606850323947967,2023-03-09 07:00:00,2025-03-09 07:00:00,2025-03-09 07:00:00,731,1,-0.42290985504429074,0.42290985504429074,"{'max_depth': None, 'min_samples_leaf': 1, 'min_samples_split': 20}"
2025-03-09 07:00:00,ARX,7,0.1251660480683596,0.4514731644480367,2023-03-09 07:00:00,2025-03-09 07:00:00,2025-03-09 07:00:00,731,1,-0.3032104293734177,0.3032104293734177,{'model__alpha': 0.01}
2025-03-09 07:00:00,Random Forest,7,0.1251660480683596,0.2542513774463329,2023-03-09 07:00:00,2025-03-09 07:00:00,2025-03-09 07:00:00,731,1,-0.28640559026943707,0.28640559026943707,"{'max_depth': 10, 'max_features': 0.5, 'min_samples_leaf': 2, 'n_estimators': 100}"
2025-03-09 07:00:00,Neural Network,7,0.1251660480683596,0.36701650668266195,2023-03-09 07:00:00,2025-03-09 07:00:00,2025-03-09 07:00:00,731,1,-0.35941423956503044,0.35941423956503044,"{'regressor__model__alpha': 0.0001, 'regressor__model__hidden_layer_sizes': (64, 32), 'regressor__model__learning_rate_init': 0.0001}"
2025-03-09 07:00:00,Naive,7,0.1251660480683596,0.8025244517775536,2023-03-09 07:00:00,2025-03-09 07:00:00,2025-03-09 07:00:00,731,1,,,not_applicable
2025-03-10 07:00:00,Decision Tree,7,1.436313835211002,1.517884294332143,2023-03-10 07:00:00,2025-03-10 07:00:00,2025-03-10 07:00:00,731,1,-0.42290985504429074,0.42290985504429074,"{'max_depth': None, 'min_samples_leaf': 1, 'min_samples_split': 20}"
2025-03-10 07:00:00,ARX,7,1.436313835211002,1.5757965248329768,2023-03-10 07:00:00,2025-03-10 07:00:00,2025-03-10 07:00:00,731,1,-0.3032104293734177,0.3032104293734177,{'model__alpha': 0.01}
2025-03-10 07:00:00,Random Forest,7,1.436313835211002,1.2275177242153938,2023-03-10 07:00:00,2025-03-10 07:00:00,2025-03-10 07:00:00,731,1,-0.28640559026943707,0.28640559026943707,"{'max_depth': 10, 'max_features': 0.5, 'min_samples_leaf': 2, 'n_estimators': 100}"
2025-03-10 07:00:00,Neural Network,7,1.436313835211002,1.9381132293736174,2023-03-10 07:00:00,2025-03-10 07:00:00,2025-03-10 07:00:00,731,1,-0.35941423956503044,0.35941423956503044,"{'regressor__model__alpha': 0.0001, 'regressor__model__hidden_layer_sizes': (64, 32), 'regressor__model__learning_rate_init': 0.0001}"
2025-03-10 07:00:00,Naive,7,1.436313835211002,0.1251660480683596,2023-03-10 07:00:00,2025-03-10 07:00:00,2025-03-10 07:00:00,731,1,,,not_applicable
2025-03-11 07:00:00,Decision Tree,7,1.3475262579822553,1.1054521139105309,2023-03-11 07:00:00,2025-03-11 07:00:00,2025-03-11 07:00:00,731,1,-0.42290985504429074,0.42290985504429074,"{'max_depth': None, 'min_samples_leaf': 1, 'min_samples_split': 20}"
2025-03-11 07:00:00,ARX,7,1.3475262579822553,1.3386336961562586,2023-03-11 07:00:00,2025-03-11 07:00:00,2025-03-11 07:00:00,731,1,-0.3032104293734177,0.3032104293734177,{'model__alpha': 0.01}
2025-03-11 07:00:00,Random Forest,7,1.3475262579822553,1.3195806513779271,2023-03-11 07:00:00,2025-03-11 07:00:00,2025-03-11 07:00:00,731,1,-0.28640559026943707,0.28640559026943707,"{'max_depth': 10, 'max_features': 0.5, 'min_samples_leaf': 2, 'n_estimators': 100}"
2025-03-11 07:00:00,Neural Network,7,1.3475262579822553,0.6972334535230527,2023-03-11 07:00:00,2025-03-11 07:00:00,2025-03-11 07:00:00,731,1,-0.35941423956503044,0.35941423956503044,"{'regressor__model__alpha': 0.0001, 'regressor__model__hidden_layer_sizes': (64, 32), 'regressor__model__learning_rate_init': 0.0001}"
2025-03-11 07:00:00,Naive,7,1.3475262579822553,1.436313835211002,2023-03-11 07:00:00,2025-03-11 07:00:00,2025-03-11 07:00:00,731,1,,,not_applicable
2025-03-12 07:00:00,Decision Tree,7,1.4577713331512627,1.4665971712183812,2023-03-12 07:00:00,2025-03-12 07:00:00,2025-03-12 07:00:00,731,1,-0.42290985504429074,0.42290985504429074,"{'max_depth': None, 'min_samples_leaf': 1, 'min_samples_split': 20}"
2025-03-12 07:00:00,ARX,7,1.4577713331512627,1.2883656635380514,2023-03-12 07:00:00,2025-03-12 07:00:00,2025-03-12 07:00:00,731,1,-0.3032104293734177,0.3032104293734177,{'model__alpha': 0.01}
2025-03-12 07:00:00,Random Forest,7,1.4577713331512627,1.3158936147233518,2023-03-12 07:00:00,2025-03-12 07:00:00,2025-03-12 07:00:00,731,1,-0.28640559026943707,0.28640559026943707,"{'max_depth': 10, 'max_features': 0.5, 'min_samples_leaf': 2, 'n_estimators': 100}"
2025-03-12 07:00:00,Neural Network,7,1.4577713331512627,0.7349091701615594,2023-03-12 07:00:00,2025-03-12 07:00:00,2025-03-12 07:00:00,731,1,-0.35941423956503044,0.35941423956503044,"{'regressor__model__alpha': 0.0001, 'regressor__model__hidden_layer_sizes': (64, 32), 'regressor__model__learning_rate_init': 0.0001}"
2025-03-12 07:00:00,Naive,7,1.4577713331512627,1.3475262579822553,2023-03-12 07:00:00,2025-03-12 07:00:00,2025-03-12 07:00:00,731,1,,,not_applicable
2025-03-13 07:00:00,Decision Tree,7,1.4350097740357974,1.466132653425375,2023-03-13 07:00:00,2025-03-13 07:00:00,2025-03-13 07:00:00,731,1,-0.42290985504429074,0.42290985504429074,"{'max_depth': None, 'min_samples_leaf': 1, 'min_samples_split': 20}"
2025-03-13 07:00:00,ARX,7,1.4350097740357974,1.3789503096444136,2023-03-13 07:00:00,2025-03-13 07:00:00,2025-03-13 07:00:00,731,1,-0.3032104293734177,0.3032104293734177,{'model__alpha': 0.01}
2025-03-13 07:00:00,Random Forest,7,1.4350097740357974,1.3652855946928677,2023-03-13 07:00:00,2025-03-13 07:00:00,2025-03-13 07:00:00,731,1,-0.28640559026943707,0.28640559026943707,"{'max_depth': 10, 'max_features': 0.5, 'min_samples_leaf': 2, 'n_estimators': 100}"
2025-03-13 07:00:00,Neural Network,7,1.4350097740357974,0.9872470321230896,2023-03-13 07:00:00,2025-03-13 07:00:00,2025-03-13 07:00:00,731,1,-0.35941423956503044,0.35941423956503044,"{'regressor__model__alpha': 0.0001, 'regressor__model__hidden_layer_sizes': (64, 32), 'regressor__model__learning_rate_init': 0.0001}"
2025-03-13 07:00:00,Naive,7,1.4350097740357974,1.4577713331512627,2023-03-13 07:00:00,2025-03-13 07:00:00,2025-03-13 07:00:00,731,1,,,not_applicable
2025-03-14 07:00:00,Decision Tree,7,1.3733997528958983,1.3965524868595667,2023-03-14 07:00:00,2025-03-14 07:00:00,2025-03-14 07:00:00,731,1,-0.42290985504429074,0.42290985504429074,"{'max_depth': None, 'min_samples_leaf': 1, 'min_samples_split': 20}"
2025-03-14 07:00:00,ARX,7,1.3733997528958983,1.3806143938048907,2023-03-14 07:00:00,2025-03-14 07:00:00,2025-03-14 07:00:00,731,1,-0.3032104293734177,0.3032104293734177,{'model__alpha': 0.01}
2025-03-14 07:00:00,Random Forest,7,1.3733997528958983,1.4252097799943817,2023-03-14 07:00:00,2025-03-14 07:00:00,2025-03-14 07:00:00,731,1,-0.28640559026943707,0.28640559026943707,"{'max_depth': 10, 'max_features': 0.5, 'min_samples_leaf': 2, 'n_estimators': 100}"
2025-03-14 07:00:00,Neural Network,7,1.3733997528958983,0.9569893579579436,2023-03-14 07:00:00,2025-03-14 07:00:00,2025-03-14 07:00:00,731,1,-0.35941423956503044,0.35941423956503044,"{'regressor__model__alpha': 0.0001, 'regressor__model__hidden_layer_sizes': (64, 32), 'regressor__model__learning_rate_init': 0.0001}"
2025-03-14 07:00:00,Naive,7,1.3733997528958983,1.4350097740357974,2023-03-14 07:00:00,2025-03-14 07:00:00,2025-03-14 07:00:00,731,1,,,not_applicable
2025-03-15 07:00:00,Decision Tree,7,0.2939600598095093,0.2304416399583896,2023-03-15 07:00:00,2025-03-15 07:00:00,2025-03-15 07:00:00,731,1,-0.42290985504429074,0.42290985504429074,"{'max_depth': None, 'min_samples_leaf': 1, 'min_samples_split': 20}"
2025-03-15 07:00:00,ARX,7,0.2939600598095093,0.625991050468693,2023-03-15 07:00:00,2025-03-15 07:00:00,2025-03-15 07:00:00,731,1,-0.3032104293734177,0.3032104293734177,{'model__alpha': 0.01}
2025-03-15 07:00:00,Random Forest,7,0.2939600598095093,0.5605585551356086,2023-03-15 07:00:00,2025-03-15 07:00:00,2025-03-15 07:00:00,731,1,-0.28640559026943707,0.28640559026943707,"{'max_depth': 10, 'max_features': 0.5, 'min_samples_leaf': 2, 'n_estimators': 100}"
2025-03-15 07:00:00,Neural Network,7,0.2939600598095093,0.6395955043272559,2023-03-15 07:00:00,2025-03-15 07:00:00,2025-03-15 07:00:00,731,1,-0.35941423956503044,0.35941423956503044,"{'regressor__model__alpha': 0.0001, 'regressor__model__hidden_layer_sizes': (64, 32), 'regressor__model__learning_rate_init': 0.0001}"
2025-03-15 07:00:00,Naive,7,0.2939600598095093,1.3733997528958983,2023-03-15 07:00:00,2025-03-15 07:00:00,2025-03-15 07:00:00,731,1,,,not_applicable
2025-03-16 07:00:00,Decision Tree,7,-0.18315411355549793,0.2335812355295092,2023-03-16 07:00:00,2025-03-16 07:00:00,2025-03-16 07:00:00,731,1,-0.42290985504429074,0.42290985504429074,"{'max_depth': None, 'min_samples_leaf': 1, 'min_samples_split': 20}"
2025-03-16 07:00:00,ARX,7,-0.18315411355549793,0.11902872066033793,2023-03-16 07:00:00,2025-03-16 07:00:00,2025-03-16 07:00:00,731,1,-0.3032104293734177,0.3032104293734177,{'model__alpha': 0.01}
2025-03-16 07:00:00,Random Forest,7,-0.18315411355549793,0.22696995204126033,2023-03-16 07:00:00,2025-03-16 07:00:00,2025-03-16 07:00:00,731,1,-0.28640559026943707,0.28640559026943707,"{'max_depth': 10, 'max_features': 0.5, 'min_samples_leaf': 2, 'n_estimators': 100}"
2025-03-16 07:00:00,Neural Network,7,-0.18315411355549793,-0.22097673264185752,2023-03-16 07:00:00,2025-03-16 07:00:00,2025-03-16 07:00:00,731,1,-0.35941423956503044,0.35941423956503044,"{'regressor__model__alpha': 0.0001, 'regressor__model__hidden_layer_sizes': (64, 32), 'regressor__model__learning_rate_init': 0.0001}"
2025-03-16 07:00:00,Naive,7,-0.18315411355549793,0.2939600598095093,2023-03-16 07:00:00,2025-03-16 07:00:00,2025-03-16 07:00:00,731,1,,,not_applicable
2025-03-17 07:00:00,Decision Tree,7,1.3437722146161137,0.8802244219501907,2023-03-17 07:00:00,2025-03-17 07:00:00,2025-03-17 07:00:00,731,1,-0.42290985504429074,0.42290985504429074,"{'max_depth': None, 'min_samples_leaf': 1, 'min_samples_split': 20}"
2025-03-17 07:00:00,ARX,7,1.3437722146161137,0.8336496288282235,2023-03-17 07:00:00,2025-03-17 07:00:00,2025-03-17 07:00:00,731,1,-0.3032104293734177,0.3032104293734177,{'model__alpha': 0.01}
2025-03-17 07:00:00,Random Forest,7,1.3437722146161137,0.8767809104010237,2023-03-17 07:00:00,2025-03-17 07:00:00,2025-03-17 07:00:00,731,1,-0.28640559026943707,0.28640559026943707,"{'max_depth': 10, 'max_features': 0.5, 'min_samples_leaf': 2, 'n_estimators': 100}"
2025-03-17 07:00:00,Neural Network,7,1.3437722146161137,1.3868972504247399,2023-03-17 07:00:00,2025-03-17 07:00:00,2025-03-17 07:00:00,731,1,-0.35941423956503044,0.35941423956503044,"{'regressor__model__alpha': 0.0001, 'regressor__model__hidden_layer_sizes': (64, 32), 'regressor__model__learning_rate_init': 0.0001}"
2025-03-17 07:00:00,Naive,7,1.3437722146161137,-0.18315411355549793,2023-03-17 07:00:00,2025-03-17 07:00:00,2025-03-17 07:00:00,731,1,,,not_applicable
2025-03-18 07:00:00,Decision Tree,7,1.1007384255924821,1.132927102570353,2023-03-18 07:00:00,2025-03-18 07:00:00,2025-03-18 07:00:00,731,1,-0.42290985504429074,0.42290985504429074,"{'max_depth': None, 'min_samples_leaf': 1, 'min_samples_split': 20}"
2025-03-18 07:00:00,ARX,7,1.1007384255924821,1.0546103194694565,2023-03-18 07:00:00,2025-03-18 07:00:00,2025-03-18 07:00:00,731,1,-0.3032104293734177,0.3032104293734177,{'model__alpha': 0.01}
2025-03-18 07:00:00,Random Forest,7,1.1007384255924821,1.1508393632021687,2023-03-18 07:00:00,2025-03-18 07:00:00,2025-03-18 07:00:00,731,1,-0.28640559026943707,0.28640559026943707,"{'max_depth': 10, 'max_features': 0.5, 'min_samples_leaf': 2, 'n_estimators': 100}"
2025-03-18 07:00:00,Neural Network,7,1.1007384255924821,1.9225963905846428,2023-03-18 07:00:00,2025-03-18 07:00:00,2025-03-18 07:00:00,731,1,-0.35941423956503044,0.35941423956503044,"{'regressor__model__alpha': 0.0001, 'regressor__model__hidden_layer_sizes': (64, 32), 'regressor__model__learning_rate_init': 0.0001}"
2025-03-18 07:00:00,Naive,7,1.1007384255924821,1.3437722146161137,2023-03-18 07:00:00,2025-03-18 07:00:00,2025-03-18 07:00:00,731,1,,,not_applicable
2025-03-19 07:00:00,Decision Tree,7,1.272523023624357,0.9413027849679674,2023-03-19 07:00:00,2025-03-19 07:00:00,2025-03-19 07:00:00,731,1,-0.42290985504429074,0.42290985504429074,"{'max_depth': None, 'min_samples_leaf': 1, 'min_samples_split': 20}"
2025-03-19 07:00:00,ARX,7,1.272523023624357,1.277420488853773,2023-03-19 07:00:00,2025-03-19 07:00:00,2025-03-19 07:00:00,731,1,-0.3032104293734177,0.3032104293734177,{'model__alpha': 0.01}
2025-03-19 07:00:00,Random Forest,7,1.272523023624357,1.222709580852706,2023-03-19 07:00:00,2025-03-19 07:00:00,2025-03-19 07:00:00,731,1,-0.28640559026943707,0.28640559026943707,"{'max_depth': 10, 'max_features': 0.5, 'min_samples_leaf': 2, 'n_estimators': 100}"
2025-03-19 07:00:00,Neural Network,7,1.272523023624357,2.1336420994869187,2023-03-19 07:00:00,2025-03-19 07:00:00,2025-03-19 07:00:00,731,1,-0.35941423956503044,0.35941423956503044,"{'regressor__model__alpha': 0.0001, 'regressor__model__hidden_layer_sizes': (64, 32), 'regressor__model__learning_rate_init': 0.0001}"
2025-03-19 07:00:00,Naive,7,1.272523023624357,1.1007384255924821,2023-03-19 07:00:00,2025-03-19 07:00:00,2025-03-19 07:00:00,731,1,,,not_applicable
2025-03-20 07:00:00,Decision Tree,7,1.1751984532400241,1.4910266294881331,2023-03-20 07:00:00,2025-03-20 07:00:00,2025-03-20 07:00:00,731,1,-0.42290985504429074,0.42290985504429074,"{'max_depth': None, 'min_samples_leaf': 1, 'min_samples_split': 20}"
2025-03-20 07:00:00,ARX,7,1.1751984532400241,1.3471055172128348,2023-03-20 07:00:00,2025-03-20 07:00:00,2025-03-20 07:00:00,731,1,-0.3032104293734177,0.3032104293734177,{'model__alpha': 0.01}
2025-03-20 07:00:00,Random Forest,7,1.1751984532400241,1.4240694011520896,2023-03-20 07:00:00,2025-03-20 07:00:00,2025-03-20 07:00:00,731,1,-0.28640559026943707,0.28640559026943707,"{'max_depth': 10, 'max_features': 0.5, 'min_samples_leaf': 2, 'n_estimators': 100}"
2025-03-20 07:00:00,Neural Network,7,1.1751984532400241,1.8814638730713091,2023-03-20 07:00:00,2025-03-20 07:00:00,2025-03-20 07:00:00,731,1,-0.35941423956503044,0.35941423956503044,"{'regressor__model__alpha': 0.0001, 'regressor__model__hidden_layer_sizes': (64, 32), 'regressor__model__learning_rate_init': 0.0001}"
2025-03-20 07:00:00,Naive,7,1.1751984532400241,1.272523023624357,2023-03-20 07:00:00,2025-03-20 07:00:00,2025-03-20 07:00:00,731,1,,,not_applicable
2025-03-21 07:00:00,Decision Tree,7,1.2803808418113336,1.0923763795444756,2023-03-21 07:00:00,2025-03-21 07:00:00,2025-03-21 07:00:00,731,1,-0.42290985504429074,0.42290985504429074,"{'max_depth': None, 'min_samples_leaf': 1, 'min_samples_split': 20}"
2025-03-21 07:00:00,ARX,7,1.2803808418113336,1.355267765500605,2023-03-21 07:00:00,2025-03-21 07:00:00,2025-03-21 07:00:00,731,1,-0.3032104293734177,0.3032104293734177,{'model__alpha': 0.01}
2025-03-21 07:00:00,Random Forest,7,1.2803808418113336,1.2271440112439214,2023-03-21 07:00:00,2025-03-21 07:00:00,2025-03-21 07:00:00,731,1,-0.28640559026943707,0.28640559026943707,"{'max_depth': 10, 'max_features': 0.5, 'min_samples_leaf': 2, 'n_estimators': 100}"
2025-03-21 07:00:00,Neural Network,7,1.2803808418113336,1.4262550619293761,2023-03-21 07:00:00,2025-03-21 07:00:00,2025-03-21 07:00:00,731,1,-0.35941423956503044,0.35941423956503044,"{'regressor__model__alpha': 0.0001, 'regressor__model__hidden_layer_sizes': (64, 32), 'regressor__model__learning_rate_init': 0.0001}"
2025-03-21 07:00:00,Naive,7,1.2803808418113336,1.1751984532400241,2023-03-21 07:00:00,2025-03-21 07:00:00,2025-03-21 07:00:00,731,1,,,not_applicable
2025-03-22 07:00:00,Decision Tree,7,-1.4857326964156916,-0.3128406329719168,2023-03-22 07:00:00,2025-03-22 07:00:00,2025-03-22 07:00:00,731,1,-0.42290985504429074,0.42290985504429074,"{'max_depth': None, 'min_samples_leaf': 1, 'min_samples_split': 20}"
2025-03-22 07:00:00,ARX,7,-1.4857326964156916,-0.8536704876104698,2023-03-22 07:00:00,2025-03-22 07:00:00,2025-03-22 07:00:00,731,1,-0.3032104293734177,0.3032104293734177,{'model__alpha': 0.01}
2025-03-22 07:00:00,Random Forest,7,-1.4857326964156916,-0.9888593209833929,2023-03-22 07:00:00,2025-03-22 07:00:00,2025-03-22 07:00:00,731,1,-0.28640559026943707,0.28640559026943707,"{'max_depth': 10, 'max_features': 0.5, 'min_samples_leaf': 2, 'n_estimators': 100}"
2025-03-22 07:00:00,Neural Network,7,-1.4857326964156916,-0.047334678723832874,2023-03-22 07:00:00,2025-03-22 07:00:00,2025-03-22 07:00:00,731,1,-0.35941423956503044,0.35941423956503044,"{'regressor__model__alpha': 0.0001, 'regressor__model__hidden_layer_sizes': (64, 32), 'regressor__model__learning_rate_init': 0.0001}"
2025-03-22 07:00:00,Naive,7,-1.4857326964156916,1.2803808418113336,2023-03-22 07:00:00,2025-03-22 07:00:00,2025-03-22 07:00:00,731,1,,,not_applicable
2025-03-23 07:00:00,Decision Tree,7,-1.3409667845154372,-1.2517415386722464,2023-03-23 07:00:00,2025-03-23 07:00:00,2025-03-23 07:00:00,731,1,-0.42290985504429074,0.42290985504429074,"{'max_depth': None, 'min_samples_leaf': 1, 'min_samples_split': 20}"
2025-03-23 07:00:00,ARX,7,-1.3409667845154372,-0.8510333212294371,2023-03-23 07:00:00,2025-03-23 07:00:00,2025-03-23 07:00:00,731,1,-0.3032104293734177,0.3032104293734177,{'model__alpha': 0.01}
2025-03-23 07:00:00,Random Forest,7,-1.3409667845154372,-1.289930006111685,2023-03-23 07:00:00,2025-03-23 07:00:00,2025-03-23 07:00:00,731,1,-0.28640559026943707,0.28640559026943707,"{'max_depth': 10, 'max_features': 0.5, 'min_samples_leaf': 2, 'n_estimators': 100}"
2025-03-23 07:00:00,Neural Network,7,-1.3409667845154372,-0.40529867827777694,2023-03-23 07:00:00,2025-03-23 07:00:00,2025-03-23 07:00:00,731,1,-0.35941423956503044,0.35941423956503044,"{'regressor__model__alpha': 0.0001, 'regressor__model__hidden_layer_sizes': (64, 32), 'regressor__model__learning_rate_init': 0.0001}"
2025-03-23 07:00:00,Naive,7,-1.3409667845154372,-1.4857326964156916,2023-03-23 07:00:00,2025-03-23 07:00:00,2025-03-23 07:00:00,731,1,,,not_applicable
2025-03-24 07:00:00,Decision Tree,7,1.4862920252398286,1.4744040938961274,2023-03-24 07:00:00,2025-03-24 07:00:00,2025-03-24 07:00:00,731,1,-0.42290985504429074,0.42290985504429074,"{'max_depth': None, 'min_samples_leaf': 1, 'min_samples_split': 20}"
2025-03-24 07:00:00,ARX,7,1.4862920252398286,1.5064464495502432,2023-03-24 07:00:00,2025-03-24 07:00:00,2025-03-24 07:00:00,731,1,-0.3032104293734177,0.3032104293734177,{'model__alpha': 0.01}
2025-03-24 07:00:00,Random Forest,7,1.4862920252398286,1.2659375421555232,2023-03-24 07:00:00,2025-03-24 07:00:00,2025-03-24 07:00:00,731,1,-0.28640559026943707,0.28640559026943707,"{'max_depth': 10, 'max_features': 0.5, 'min_samples_leaf': 2, 'n_estimators': 100}"
2025-03-24 07:00:00,Neural Network,7,1.4862920252398286,1.7301098099959906,2023-03-24 07:00:00,2025-03-24 07:00:00,2025-03-24 07:00:00,731,1,-0.35941423956503044,0.35941423956503044,"{'regressor__model__alpha': 0.0001, 'regressor__model__hidden_layer_sizes': (64, 32), 'regressor__model__learning_rate_init': 0.0001}"
2025-03-24 07:00:00,Naive,7,1.4862920252398286,-1.3409667845154372,2023-03-24 07:00:00,2025-03-24 07:00:00,2025-03-24 07:00:00,731,1,,,not_applicable
2025-03-25 07:00:00,Decision Tree,7,1.1856329043103955,1.4326528733194916,2023-03-25 07:00:00,2025-03-25 07:00:00,2025-03-25 07:00:00,731,1,-0.42290985504429074,0.42290985504429074,"{'max_depth': None, 'min_samples_leaf': 1, 'min_samples_split': 20}"
2025-03-25 07:00:00,ARX,7,1.1856329043103955,1.2661194475516893,2023-03-25 07:00:00,2025-03-25 07:00:00,2025-03-25 07:00:00,731,1,-0.3032104293734177,0.3032104293734177,{'model__alpha': 0.01}
2025-03-25 07:00:00,Random Forest,7,1.1856329043103955,1.3434484723164608,2023-03-25 07:00:00,2025-03-25 07:00:00,2025-03-25 07:00:00,731,1,-0.28640559026943707,0.28640559026943707,"{'max_depth': 10, 'max_features': 0.5, 'min_samples_leaf': 2, 'n_estimators': 100}"
2025-03-25 07:00:00,Neural Network,7,1.1856329043103955,0.707271583024351,2023-03-25 07:00:00,2025-03-25 07:00:00,2025-03-25 07:00:00,731,1,-0.35941423956503044,0.35941423956503044,"{'regressor__model__alpha': 0.0001, 'regressor__model__hidden_layer_sizes': (64, 32), 'regressor__model__learning_rate_init': 0.0001}"
2025-03-25 07:00:00,Naive,7,1.1856329043103955,1.4862920252398286,2023-03-25 07:00:00,2025-03-25 07:00:00,2025-03-25 07:00:00,731,1,,,not_applicable
2025-03-26 07:00:00,Decision Tree,7,1.1822481473909001,0.9703021745633834,2023-03-26 07:00:00,2025-03-26 07:00:00,2025-03-26 07:00:00,731,1,-0.42290985504429074,0.42290985504429074,"{'max_depth': None, 'min_samples_leaf': 1, 'min_samples_split': 20}"
2025-03-26 07:00:00,ARX,7,1.1822481473909001,1.0924358602630655,2023-03-26 07:00:00,2025-03-26 07:00:00,2025-03-26 07:00:00,731,1,-0.3032104293734177,0.3032104293734177,{'model__alpha': 0.01}
2025-03-26 07:00:00,Random Forest,7,1.1822481473909001,1.0558739020282548,2023-03-26 07:00:00,2025-03-26 07:00:00,2025-03-26 07:00:00,731,1,-0.28640559026943707,0.28640559026943707,"{'max_depth': 10, 'max_features': 0.5, 'min_samples_leaf': 2, 'n_estimators': 100}"
2025-03-26 07:00:00,Neural Network,7,1.1822481473909001,1.211689536849625,2023-03-26 07:00:00,2025-03-26 07:00:00,2025-03-26 07:00:00,731,1,-0.35941423956503044,0.35941423956503044,"{'regressor__model__alpha': 0.0001, 'regressor__model__hidden_layer_sizes': (64, 32), 'regressor__model__learning_rate_init': 0.0001}"
2025-03-26 07:00:00,Naive,7,1.1822481473909001,1.1856329043103955,2023-03-26 07:00:00,2025-03-26 07:00:00,2025-03-26 07:00:00,731,1,,,not_applicable
2025-03-27 07:00:00,Decision Tree,7,1.1491714811082008,1.1111768257711614,2023-03-27 07:00:00,2025-03-27 07:00:00,2025-03-27 07:00:00,731,1,-0.42290985504429074,0.42290985504429074,"{'max_depth': None, 'min_samples_leaf': 1, 'min_samples_split': 20}"
2025-03-27 07:00:00,ARX,7,1.1491714811082008,1.0143295509669452,2023-03-27 07:00:00,2025-03-27 07:00:00,2025-03-27 07:00:00,731,1,-0.3032104293734177,0.3032104293734177,{'model__alpha': 0.01}
2025-03-27 07:00:00,Random Forest,7,1.1491714811082008,1.1619149297629496,2023-03-27 07:00:00,2025-03-27 07:00:00,2025-03-27 07:00:00,731,1,-0.28640559026943707,0.28640559026943707,"{'max_depth': 10, 'max_features': 0.5, 'min_samples_leaf': 2, 'n_estimators': 100}"
2025-03-27 07:00:00,Neural Network,7,1.1491714811082008,0.6699895484820619,2023-03-27 07:00:00,2025-03-27 07:00:00,2025-03-27 07:00:00,731,1,-0.35941423956503044,0.35941423956503044,"{'regressor__model__alpha': 0.0001, 'regressor__model__hidden_layer_sizes': (64, 32), 'regressor__model__learning_rate_init': 0.0001}"
2025-03-27 07:00:00,Naive,7,1.1491714811082008,1.1822481473909001,2023-03-27 07:00:00,2025-03-27 07:00:00,2025-03-27 07:00:00,731,1,,,not_applicable
2025-03-28 07:00:00,Decision Tree,7,0.829024253114626,0.7189614788642259,2023-03-28 07:00:00,2025-03-28 07:00:00,2025-03-28 07:00:00,731,1,-0.42290985504429074,0.42290985504429074,"{'max_depth': None, 'min_samples_leaf': 1, 'min_samples_split': 20}"
2025-03-28 07:00:00,ARX,7,0.829024253114626,0.6265087074736326,2023-03-28 07:00:00,2025-03-28 07:00:00,2025-03-28 07:00:00,731,1,-0.3032104293734177,0.3032104293734177,{'model__alpha': 0.01}
2025-03-28 07:00:00,Random Forest,7,0.829024253114626,0.856907784435546,2023-03-28 07:00:00,2025-03-28 07:00:00,2025-03-28 07:00:00,731,1,-0.28640559026943707,0.28640559026943707,"{'max_depth': 10, 'max_features': 0.5, 'min_samples_leaf': 2, 'n_estimators': 100}"
2025-03-28 07:00:00,Neural Network,7,0.829024253114626,0.8359043569796362,2023-03-28 07:00:00,2025-03-28 07:00:00,2025-03-28 07:00:00,731,1,-0.35941423956503044,0.35941423956503044,"{'regressor__model__alpha': 0.0001, 'regressor__model__hidden_layer_sizes': (64, 32), 'regressor__model__learning_rate_init': 0.0001}"
2025-03-28 07:00:00,Naive,7,0.829024253114626,1.1491714811082008,2023-03-28 07:00:00,2025-03-28 07:00:00,2025-03-28 07:00:00,731,1,,,not_applicable
2025-03-29 07:00:00,Decision Tree,7,0.2677230136443207,0.9897355317041047,2023-03-29 07:00:00,2025-03-29 07:00:00,2025-03-29 07:00:00,731,1,-0.42290985504429074,0.42290985504429074,"{'max_depth': None, 'min_samples_leaf': 1, 'min_samples_split': 20}"
2025-03-29 07:00:00,ARX,7,0.2677230136443207,0.5425299710063421,2023-03-29 07:00:00,2025-03-29 07:00:00,2025-03-29 07:00:00,731,1,-0.3032104293734177,0.3032104293734177,{'model__alpha': 0.01}
2025-03-29 07:00:00,Random Forest,7,0.2677230136443207,0.49855158354581397,2023-03-29 07:00:00,2025-03-29 07:00:00,2025-03-29 07:00:00,731,1,-0.28640559026943707,0.28640559026943707,"{'max_depth': 10, 'max_features': 0.5, 'min_samples_leaf': 2, 'n_estimators': 100}"
2025-03-29 07:00:00,Neural Network,7,0.2677230136443207,0.9382178355045665,2023-03-29 07:00:00,2025-03-29 07:00:00,2025-03-29 07:00:00,731,1,-0.35941423956503044,0.35941423956503044,"{'regressor__model__alpha': 0.0001, 'regressor__model__hidden_layer_sizes': (64, 32), 'regressor__model__learning_rate_init': 0.0001}"
2025-03-29 07:00:00,Naive,7,0.2677230136443207,0.829024253114626,2023-03-29 07:00:00,2025-03-29 07:00:00,2025-03-29 07:00:00,731,1,,,not_applicable
2025-03-30 07:00:00,Decision Tree,7,-1.631874881541874,-0.9524326820346883,2023-03-30 07:00:00,2025-03-30 07:00:00,2025-03-30 07:00:00,731,1,-0.42290985504429074,0.42290985504429074,"{'max_depth': None, 'min_samples_leaf': 1, 'min_samples_split': 20}"
2025-03-30 07:00:00,ARX,7,-1.631874881541874,-0.5908974785089971,2023-03-30 07:00:00,2025-03-30 07:00:00,2025-03-30 07:00:00,731,1,-0.3032104293734177,0.3032104293734177,{'model__alpha': 0.01}
2025-03-30 07:00:00,Random Forest,7,-1.631874881541874,-0.28614826467557447,2023-03-30 07:00:00,2025-03-30 07:00:00,2025-03-30 07:00:00,731,1,-0.28640559026943707,0.28640559026943707,"{'max_depth': 10, 'max_features': 0.5, 'min_samples_leaf': 2, 'n_estimators': 100}"
2025-03-30 07:00:00,Neural Network,7,-1.631874881541874,0.008041147503984535,2023-03-30 07:00:00,2025-03-30 07:00:00,2025-03-30 07:00:00,731,1,-0.35941423956503044,0.35941423956503044,"{'regressor__model__alpha': 0.0001, 'regressor__model__hidden_layer_sizes': (64, 32), 'regressor__model__learning_rate_init': 0.0001}"
2025-03-30 07:00:00,Naive,7,-1.631874881541874,0.2677230136443207,2023-03-30 07:00:00,2025-03-30 07:00:00,2025-03-30 07:00:00,731,1,,,not_applicable
2025-03-31 07:00:00,Decision Tree,7,1.2055154144117917,0.239994052547338,2023-03-31 07:00:00,2025-03-31 07:00:00,2025-03-31 07:00:00,731,1,-0.42290985504429074,0.42290985504429074,"{'max_depth': None, 'min_samples_leaf': 1, 'min_samples_split': 20}"
2025-03-31 07:00:00,ARX,7,1.2055154144117917,0.3992765182982924,2023-03-31 07:00:00,2025-03-31 07:00:00,2025-03-31 07:00:00,731,1,-0.3032104293734177,0.3032104293734177,{'model__alpha': 0.01}
2025-03-31 07:00:00,Random Forest,7,1.2055154144117917,0.4286485784921469,2023-03-31 07:00:00,2025-03-31 07:00:00,2025-03-31 07:00:00,731,1,-0.28640559026943707,0.28640559026943707,"{'max_depth': 10, 'max_features': 0.5, 'min_samples_leaf': 2, 'n_estimators': 100}"
2025-03-31 07:00:00,Neural Network,7,1.2055154144117917,1.3351206148558319,2023-03-31 07:00:00,2025-03-31 07:00:00,2025-03-31 07:00:00,731,1,-0.35941423956503044,0.35941423956503044,"{'regressor__model__alpha': 0.0001, 'regressor__model__hidden_layer_sizes': (64, 32), 'regressor__model__learning_rate_init': 0.0001}"
2025-03-31 07:00:00,Naive,7,1.2055154144117917,-1.631874881541874,2023-03-31 07:00:00,2025-03-31 07:00:00,2025-03-31 07:00:00,731,1,,,not_applicable
2025-04-01 07:00:00,Decision Tree,7,1.6577548526653372,1.7105027358125517,2023-04-01 07:00:00,2025-04-01 07:00:00,2025-04-01 07:00:00,731,1,-0.42290985504429074,0.42290985504429074,"{'max_depth': None, 'min_samples_leaf': 1, 'min_samples_split': 20}"
2025-04-01 07:00:00,ARX,7,1.6577548526653372,1.2799167104259679,2023-04-01 07:00:00,2025-04-01 07:00:00,2025-04-01 07:00:00,731,1,-0.3032104293734177,0.3032104293734177,{'model__alpha': 0.01}
2025-04-01 07:00:00,Random Forest,7,1.6577548526653372,1.467845920729315,2023-04-01 07:00:00,2025-04-01 07:00:00,2025-04-01 07:00:00,731,1,-0.28640559026943707,0.28640559026943707,"{'max_depth': 10, 'max_features': 0.5, 'min_samples_leaf': 2, 'n_estimators': 100}"
2025-04-01 07:00:00,Neural Network,7,1.6577548526653372,1.1356629663949052,2023-04-01 07:00:00,2025-04-01 07:00:00,2025-04-01 07:00:00,731,1,-0.35941423956503044,0.35941423956503044,"{'regressor__model__alpha': 0.0001, 'regressor__model__hidden_layer_sizes': (64, 32), 'regressor__model__learning_rate_init': 0.0001}"
2025-04-01 07:00:00,Naive,7,1.6577548526653372,1.2055154144117917,2023-04-01 07:00:00,2025-04-01 07:00:00,2025-04-01 07:00:00,731,1,,,not_applicable
2025-04-02 07:00:00,Decision Tree,7,1.30486402221938,0.9416231729960628,2023-04-02 07:00:00,2025-04-02 07:00:00,2025-04-02 07:00:00,731,1,-0.42290985504429074,0.42290985504429074,"{'max_depth': None, 'min_samples_leaf': 1, 'min_samples_split': 20}"
2025-04-02 07:00:00,ARX,7,1.30486402221938,0.8769769737529836,2023-04-02 07:00:00,2025-04-02 07:00:00,2025-04-02 07:00:00,731,1,-0.3032104293734177,0.3032104293734177,{'model__alpha': 0.01}
2025-04-02 07:00:00,Random Forest,7,1.30486402221938,0.934153053746262,2023-04-02 07:00:00,2025-04-02 07:00:00,2025-04-02 07:00:00,731,1,-0.28640559026943707,0.28640559026943707,"{'max_depth': 10, 'max_features': 0.5, 'min_samples_leaf': 2, 'n_estimators': 100}"
2025-04-02 07:00:00,Neural Network,7,1.30486402221938,0.7216650263117336,2023-04-02 07:00:00,2025-04-02 07:00:00,2025-04-02 07:00:00,731,1,-0.35941423956503044,0.35941423956503044,"{'regressor__model__alpha': 0.0001, 'regressor__model__hidden_layer_sizes': (64, 32), 'regressor__model__learning_rate_init': 0.0001}"
2025-04-02 07:00:00,Naive,7,1.30486402221938,1.6577548526653372,2023-04-02 07:00:00,2025-04-02 07:00:00,2025-04-02 07:00:00,731,1,,,not_applicable
2025-04-03 07:00:00,Decision Tree,7,1.4671382699953046,0.8986233612139123,2023-04-03 07:00:00,2025-04-03 07:00:00,2025-04-03 07:00:00,731,1,-0.42290985504429074,0.42290985504429074,"{'max_depth': None, 'min_samples_leaf': 1, 'min_samples_split': 20}"
2025-04-03 07:00:00,ARX,7,1.4671382699953046,0.7268605754697343,2023-04-03 07:00:00,2025-04-03 07:00:00,2025-04-03 07:00:00,731,1,-0.3032104293734177,0.3032104293734177,{'model__alpha': 0.01}
2025-04-03 07:00:00,Random Forest,7,1.4671382699953046,0.7955697752415961,2023-04-03 07:00:00,2025-04-03 07:00:00,2025-04-03 07:00:00,731,1,-0.28640559026943707,0.28640559026943707,"{'max_depth': 10, 'max_features': 0.5, 'min_samples_leaf': 2, 'n_estimators': 100}"
2025-04-03 07:00:00,Neural Network,7,1.4671382699953046,0.3109196842811542,2023-04-03 07:00:00,2025-04-03 07:00:00,2025-04-03 07:00:00,731,1,-0.35941423956503044,0.35941423956503044,"{'regressor__model__alpha': 0.0001, 'regressor__model__hidden_layer_sizes': (64, 32), 'regressor__model__learning_rate_init': 0.0001}"
2025-04-03 07:00:00,Naive,7,1.4671382699953046,1.30486402221938,2023-04-03 07:00:00,2025-04-03 07:00:00,2025-04-03 07:00:00,731,1,,,not_applicable
2025-04-04 07:00:00,Decision Tree,7,1.6611373853223557,1.7073999191568334,2023-04-04 07:00:00,2025-04-04 07:00:00,2025-04-04 07:00:00,731,1,-0.42290985504429074,0.42290985504429074,"{'max_depth': None, 'min_samples_leaf': 1, 'min_samples_split': 20}"
2025-04-04 07:00:00,ARX,7,1.6611373853223557,1.4024994261942645,2023-04-04 07:00:00,2025-04-04 07:00:00,2025-04-04 07:00:00,731,1,-0.3032104293734177,0.3032104293734177,{'model__alpha': 0.01}
2025-04-04 07:00:00,Random Forest,7,1.6611373853223557,1.3541199897481595,2023-04-04 07:00:00,2025-04-04 07:00:00,2025-04-04 07:00:00,731,1,-0.28640559026943707,0.28640559026943707,"{'max_depth': 10, 'max_features': 0.5, 'min_samples_leaf': 2, 'n_estimators': 100}"
2025-04-04 07:00:00,Neural Network,7,1.6611373853223557,2.3519369233771403,2023-04-04 07:00:00,2025-04-04 07:00:00,2025-04-04 07:00:00,731,1,-0.35941423956503044,0.35941423956503044,"{'regressor__model__alpha': 0.0001, 'regressor__model__hidden_layer_sizes': (64, 32), 'regressor__model__learning_rate_init': 0.0001}"
2025-04-04 07:00:00,Naive,7,1.6611373853223557,1.4671382699953046,2023-04-04 07:00:00,2025-04-04 07:00:00,2025-04-04 07:00:00,731,1,,,not_applicable
2025-04-05 07:00:00,Decision Tree,7,0.46532011323495215,0.448914889979991,2023-04-05 07:00:00,2025-04-05 07:00:00,2025-04-05 07:00:00,731,1,-0.42290985504429074,0.42290985504429074,"{'max_depth': None, 'min_samples_leaf': 1, 'min_samples_split': 20}"
2025-04-05 07:00:00,ARX,7,0.46532011323495215,0.36058122915513924,2023-04-05 07:00:00,2025-04-05 07:00:00,2025-04-05 07:00:00,731,1,-0.3032104293734177,0.3032104293734177,{'model__alpha': 0.01}
2025-04-05 07:00:00,Random Forest,7,0.46532011323495215,0.4955259651170501,2023-04-05 07:00:00,2025-04-05 07:00:00,2025-04-05 07:00:00,731,1,-0.28640559026943707,0.28640559026943707,"{'max_depth': 10, 'max_features': 0.5, 'min_samples_leaf': 2, 'n_estimators': 100}"
2025-04-05 07:00:00,Neural Network,7,0.46532011323495215,0.24466753080994455,2023-04-05 07:00:00,2025-04-05 07:00:00,2025-04-05 07:00:00,731,1,-0.35941423956503044,0.35941423956503044,"{'regressor__model__alpha': 0.0001, 'regressor__model__hidden_layer_sizes': (64, 32), 'regressor__model__learning_rate_init': 0.0001}"
2025-04-05 07:00:00,Naive,7,0.46532011323495215,1.6611373853223557,2023-04-05 07:00:00,2025-04-05 07:00:00,2025-04-05 07:00:00,731,1,,,not_applicable
2025-04-06 07:00:00,Decision Tree,7,-0.2836988149960042,-0.5275171080750908,2023-04-06 07:00:00,2025-04-06 07:00:00,2025-04-06 07:00:00,731,1,-0.42290985504429074,0.42290985504429074,"{'max_depth': None, 'min_samples_leaf': 1, 'min_samples_split': 20}"
2025-04-06 07:00:00,ARX,7,-0.2836988149960042,-0.29023262653270704,2023-04-06 07:00:00,2025-04-06 07:00:00,2025-04-06 07:00:00,731,1,-0.3032104293734177,0.3032104293734177,{'model__alpha': 0.01}
2025-04-06 07:00:00,Random Forest,7,-0.2836988149960042,-0.40639301344088985,2023-04-06 07:00:00,2025-04-06 07:00:00,2025-04-06 07:00:00,731,1,-0.28640559026943707,0.28640559026943707,"{'max_depth': 10, 'max_features': 0.5, 'min_samples_leaf': 2, 'n_estimators': 100}"
2025-04-06 07:00:00,Neural Network,7,-0.2836988149960042,-0.6872293841072816,2023-04-06 07:00:00,2025-04-06 07:00:00,2025-04-06 07:00:00,731,1,-0.35941423956503044,0.35941423956503044,"{'regressor__model__alpha': 0.0001, 'regressor__model__hidden_layer_sizes': (64, 32), 'regressor__model__learning_rate_init': 0.0001}"
2025-04-06 07:00:00,Naive,7,-0.2836988149960042,0.46532011323495215,2023-04-06 07:00:00,2025-04-06 07:00:00,2025-04-06 07:00:00,731,1,,,not_applicable
2025-04-07 07:00:00,Decision Tree,7,1.6208934172343188,1.7048297783882511,2023-04-07 07:00:00,2025-04-07 07:00:00,2025-04-07 07:00:00,731,1,-0.42290985504429074,0.42290985504429074,"{'max_depth': None, 'min_samples_leaf': 1, 'min_samples_split': 20}"
2025-04-07 07:00:00,ARX,7,1.6208934172343188,1.6610599211810675,2023-04-07 07:00:00,2025-04-07 07:00:00,2025-04-07 07:00:00,731,1,-0.3032104293734177,0.3032104293734177,{'model__alpha': 0.01}
2025-04-07 07:00:00,Random Forest,7,1.6208934172343188,1.2725916189219044,2023-04-07 07:00:00,2025-04-07 07:00:00,2025-04-07 07:00:00,731,1,-0.28640559026943707,0.28640559026943707,"{'max_depth': 10, 'max_features': 0.5, 'min_samples_leaf': 2, 'n_estimators': 100}"
2025-04-07 07:00:00,Neural Network,7,1.6208934172343188,2.0419427564635537,2023-04-07 07:00:00,2025-04-07 07:00:00,2025-04-07 07:00:00,731,1,-0.35941423956503044,0.35941423956503044,"{'regressor__model__alpha': 0.0001, 'regressor__model__hidden_layer_sizes': (64, 32), 'regressor__model__learning_rate_init': 0.0001}"
2025-04-07 07:00:00,Naive,7,1.6208934172343188,-0.2836988149960042,2023-04-07 07:00:00,2025-04-07 07:00:00,2025-04-07 07:00:00,731,1,,,not_applicable
2025-04-08 07:00:00,Decision Tree,7,1.6681209116637552,3.3018567607857725,2023-04-08 07:00:00,2025-04-08 07:00:00,2025-04-08 07:00:00,731,1,-0.42290985504429074,0.42290985504429074,"{'max_depth': None, 'min_samples_leaf': 1, 'min_samples_split': 20}"
2025-04-08 07:00:00,ARX,7,1.6681209116637552,1.6247060235634943,2023-04-08 07:00:00,2025-04-08 07:00:00,2025-04-08 07:00:00,731,1,-0.3032104293734177,0.3032104293734177,{'model__alpha': 0.01}
2025-04-08 07:00:00,Random Forest,7,1.6681209116637552,1.66702930186541,2023-04-08 07:00:00,2025-04-08 07:00:00,2025-04-08 07:00:00,731,1,-0.28640559026943707,0.28640559026943707,"{'max_depth': 10, 'max_features': 0.5, 'min_samples_leaf': 2, 'n_estimators': 100}"
2025-04-08 07:00:00,Neural Network,7,1.6681209116637552,1.5494824214213971,2023-04-08 07:00:00,2025-04-08 07:00:00,2025-04-08 07:00:00,731,1,-0.35941423956503044,0.35941423956503044,"{'regressor__model__alpha': 0.0001, 'regressor__model__hidden_layer_sizes': (64, 32), 'regressor__model__learning_rate_init': 0.0001}"
2025-04-08 07:00:00,Naive,7,1.6681209116637552,1.6208934172343188,2023-04-08 07:00:00,2025-04-08 07:00:00,2025-04-08 07:00:00,731,1,,,not_applicable
2025-04-09 07:00:00,Decision Tree,7,1.6173067945687538,1.6731446253485596,2023-04-09 07:00:00,2025-04-09 07:00:00,2025-04-09 07:00:00,731,1,-0.42290985504429074,0.42290985504429074,"{'max_depth': None, 'min_samples_leaf': 1, 'min_samples_split': 20}"
2025-04-09 07:00:00,ARX,7,1.6173067945687538,1.5465457037951076,2023-04-09 07:00:00,2025-04-09 07:00:00,2025-04-09 07:00:00,731,1,-0.3032104293734177,0.3032104293734177,{'model__alpha': 0.01}
2025-04-09 07:00:00,Random Forest,7,1.6173067945687538,1.6070346354208918,2023-04-09 07:00:00,2025-04-09 07:00:00,2025-04-09 07:00:00,731,1,-0.28640559026943707,0.28640559026943707,"{'max_depth': 10, 'max_features': 0.5, 'min_samples_leaf': 2, 'n_estimators': 100}"
2025-04-09 07:00:00,Neural Network,7,1.6173067945687538,1.518283899215127,2023-04-09 07:00:00,2025-04-09 07:00:00,2025-04-09 07:00:00,731,1,-0.35941423956503044,0.35941423956503044,"{'regressor__model__alpha': 0.0001, 'regressor__model__hidden_layer_sizes': (64, 32), 'regressor__model__learning_rate_init': 0.0001}"
2025-04-09 07:00:00,Naive,7,1.6173067945687538,1.6681209116637552,2023-04-09 07:00:00,2025-04-09 07:00:00,2025-04-09 07:00:00,731,1,,,not_applicable
2025-04-10 07:00:00,Decision Tree,7,1.5631870688994303,1.303053929631338,2023-04-10 07:00:00,2025-04-10 07:00:00,2025-04-10 07:00:00,731,1,-0.42290985504429074,0.42290985504429074,"{'max_depth': None, 'min_samples_leaf': 1, 'min_samples_split': 20}"
2025-04-10 07:00:00,ARX,7,1.5631870688994303,1.293495081344789,2023-04-10 07:00:00,2025-04-10 07:00:00,2025-04-10 07:00:00,731,1,-0.3032104293734177,0.3032104293734177,{'model__alpha': 0.01}
2025-04-10 07:00:00,Random Forest,7,1.5631870688994303,1.1162055563225592,2023-04-10 07:00:00,2025-04-10 07:00:00,2025-04-10 07:00:00,731,1,-0.28640559026943707,0.28640559026943707,"{'max_depth': 10, 'max_features': 0.5, 'min_samples_leaf': 2, 'n_estimators': 100}"
2025-04-10 07:00:00,Neural Network,7,1.5631870688994303,1.0385515560276535,2023-04-10 07:00:00,2025-04-10 07:00:00,2025-04-10 07:00:00,731,1,-0.35941423956503044,0.35941423956503044,"{'regressor__model__alpha': 0.0001, 'regressor__model__hidden_layer_sizes': (64, 32), 'regressor__model__learning_rate_init': 0.0001}"
2025-04-10 07:00:00,Naive,7,1.5631870688994303,1.6173067945687538,2023-04-10 07:00:00,2025-04-10 07:00:00,2025-04-10 07:00:00,731,1,,,not_applicable
2025-04-11 07:00:00,Decision Tree,7,0.6021311837106899,1.3219562449217879,2023-04-11 07:00:00,2025-04-11 07:00:00,2025-04-11 07:00:00,731,1,-0.42290985504429074,0.42290985504429074,"{'max_depth': None, 'min_samples_leaf': 1, 'min_samples_split': 20}"
2025-04-11 07:00:00,ARX,7,0.6021311837106899,0.5634113395821514,2023-04-11 07:00:00,2025-04-11 07:00:00,2025-04-11 07:00:00,731,1,-0.3032104293734177,0.3032104293734177,{'model__alpha': 0.01}
2025-04-11 07:00:00,Random Forest,7,0.6021311837106899,0.6561494874974497,2023-04-11 07:00:00,2025-04-11 07:00:00,2025-04-11 07:00:00,731,1,-0.28640559026943707,0.28640559026943707,"{'max_depth': 10, 'max_features': 0.5, 'min_samples_leaf': 2, 'n_estimators': 100}"
2025-04-11 07:00:00,Neural Network,7,0.6021311837106899,0.5274025027654995,2023-04-11 07:00:00,2025-04-11 07:00:00,2025-04-11 07:00:00,731,1,-0.35941423956503044,0.35941423956503044,"{'regressor__model__alpha': 0.0001, 'regressor__model__hidden_layer_sizes': (64, 32), 'regressor__model__learning_rate_init': 0.0001}"
2025-04-11 07:00:00,Naive,7,0.6021311837106899,1.5631870688994303,2023-04-11 07:00:00,2025-04-11 07:00:00,2025-04-11 07:00:00,731,1,,,not_applicable
2025-04-12 07:00:00,Decision Tree,7,0.31056943459018227,0.7004543168131376,2023-04-12 07:00:00,2025-04-12 07:00:00,2025-04-12 07:00:00,731,1,-0.42290985504429074,0.42290985504429074,"{'max_depth': None, 'min_samples_leaf': 1, 'min_samples_split': 20}"
2025-04-12 07:00:00,ARX,7,0.31056943459018227,0.9405893234664724,2023-04-12 07:00:00,2025-04-12 07:00:00,2025-04-12 07:00:00,731,1,-0.3032104293734177,0.3032104293734177,{'model__alpha': 0.01}
2025-04-12 07:00:00,Random Forest,7,0.31056943459018227,0.7558710413425161,2023-04-12 07:00:00,2025-04-12 07:00:00,2025-04-12 07:00:00,731,1,-0.28640559026943707,0.28640559026943707,"{'max_depth': 10, 'max_features': 0.5, 'min_samples_leaf': 2, 'n_estimators': 100}"
2025-04-12 07:00:00,Neural Network,7,0.31056943459018227,0.6131052908553629,2023-04-12 07:00:00,2025-04-12 07:00:00,2025-04-12 07:00:00,731,1,-0.35941423956503044,0.35941423956503044,"{'regressor__model__alpha': 0.0001, 'regressor__model__hidden_layer_sizes': (64, 32), 'regressor__model__learning_rate_init': 0.0001}"
2025-04-12 07:00:00,Naive,7,0.31056943459018227,0.6021311837106899,2023-04-12 07:00:00,2025-04-12 07:00:00,2025-04-12 07:00:00,731,1,,,not_applicable
2025-04-13 07:00:00,Decision Tree,7,-1.2918322338643706,-0.37080249838532764,2023-04-13 07:00:00,2025-04-13 07:00:00,2025-04-13 07:00:00,731,1,-0.42290985504429074,0.42290985504429074,"{'max_depth': None, 'min_samples_leaf': 1, 'min_samples_split': 20}"
2025-04-13 07:00:00,ARX,7,-1.2918322338643706,-0.5641534902398343,2023-04-13 07:00:00,2025-04-13 07:00:00,2025-04-13 07:00:00,731,1,-0.3032104293734177,0.3032104293734177,{'model__alpha': 0.01}
2025-04-13 07:00:00,Random Forest,7,-1.2918322338643706,-0.7320858402170335,2023-04-13 07:00:00,2025-04-13 07:00:00,2025-04-13 07:00:00,731,1,-0.28640559026943707,0.28640559026943707,"{'max_depth': 10, 'max_features': 0.5, 'min_samples_leaf': 2, 'n_estimators': 100}"
2025-04-13 07:00:00,Neural Network,7,-1.2918322338643706,-1.1678277361619782,2023-04-13 07:00:00,2025-04-13 07:00:00,2025-04-13 07:00:00,731,1,-0.35941423956503044,0.35941423956503044,"{'regressor__model__alpha': 0.0001, 'regressor__model__hidden_layer_sizes': (64, 32), 'regressor__model__learning_rate_init': 0.0001}"
2025-04-13 07:00:00,Naive,7,-1.2918322338643706,0.31056943459018227,2023-04-13 07:00:00,2025-04-13 07:00:00,2025-04-13 07:00:00,731,1,,,not_applicable
2025-04-14 07:00:00,Decision Tree,7,1.3357525099803074,1.4707163405873271,2023-04-14 07:00:00,2025-04-14 07:00:00,2025-04-14 07:00:00,731,1,-0.42290985504429074,0.42290985504429074,"{'max_depth': None, 'min_samples_leaf': 1, 'min_samples_split': 20}"
2025-04-14 07:00:00,ARX,7,1.3357525099803074,1.4149474795746895,2023-04-14 07:00:00,2025-04-14 07:00:00,2025-04-14 07:00:00,731,1,-0.3032104293734177,0.3032104293734177,{'model__alpha': 0.01}
2025-04-14 07:00:00,Random Forest,7,1.3357525099803074,1.2712267744293166,2023-04-14 07:00:00,2025-04-14 07:00:00,2025-04-14 07:00:00,731,1,-0.28640559026943707,0.28640559026943707,"{'max_depth': 10, 'max_features': 0.5, 'min_samples_leaf': 2, 'n_estimators': 100}"
2025-04-14 07:00:00,Neural Network,7,1.3357525099803074,1.3058371052975066,2023-04-14 07:00:00,2025-04-14 07:00:00,2025-04-14 07:00:00,731,1,-0.35941423956503044,0.35941423956503044,"{'regressor__model__alpha': 0.0001, 'regressor__model__hidden_layer_sizes': (64, 32), 'regressor__model__learning_rate_init': 0.0001}"
2025-04-14 07:00:00,Naive,7,1.3357525099803074,-1.2918322338643706,2023-04-14 07:00:00,2025-04-14 07:00:00,2025-04-14 07:00:00,731,1,,,not_applicable
2025-04-15 07:00:00,Decision Tree,7,0.24056738562553198,1.321956244921788,2023-04-15 07:00:00,2025-04-15 07:00:00,2025-04-15 07:00:00,731,1,-0.42290985504429074,0.42290985504429074,"{'max_depth': None, 'min_samples_leaf': 1, 'min_samples_split': 20}"
2025-04-15 07:00:00,ARX,7,0.24056738562553198,0.4652646164638328,2023-04-15 07:00:00,2025-04-15 07:00:00,2025-04-15 07:00:00,731,1,-0.3032104293734177,0.3032104293734177,{'model__alpha': 0.01}
2025-04-15 07:00:00,Random Forest,7,0.24056738562553198,0.6665849349294938,2023-04-15 07:00:00,2025-04-15 07:00:00,2025-04-15 07:00:00,731,1,-0.28640559026943707,0.28640559026943707,"{'max_depth': 10, 'max_features': 0.5, 'min_samples_leaf': 2, 'n_estimators': 100}"
2025-04-15 07:00:00,Neural Network,7,0.24056738562553198,-0.013874531579667341,2023-04-15 07:00:00,2025-04-15 07:00:00,2025-04-15 07:00:00,731,1,-0.35941423956503044,0.35941423956503044,"{'regressor__model__alpha': 0.0001, 'regressor__model__hidden_layer_sizes': (64, 32), 'regressor__model__learning_rate_init': 0.0001}"
2025-04-15 07:00:00,Naive,7,0.24056738562553198,1.3357525099803074,2023-04-15 07:00:00,2025-04-15 07:00:00,2025-04-15 07:00:00,731,1,,,not_applicable
2025-04-16 07:00:00,Decision Tree,7,1.081449401922078,1.3802957270980496,2023-04-16 07:00:00,2025-04-16 07:00:00,2025-04-16 07:00:00,731,1,-0.42290985504429074,0.42290985504429074,"{'max_depth': None, 'min_samples_leaf': 1, 'min_samples_split': 20}"
2025-04-16 07:00:00,ARX,7,1.081449401922078,1.1641874610672802,2023-04-16 07:00:00,2025-04-16 07:00:00,2025-04-16 07:00:00,731,1,-0.3032104293734177,0.3032104293734177,{'model__alpha': 0.01}
2025-04-16 07:00:00,Random Forest,7,1.081449401922078,1.212369633411367,2023-04-16 07:00:00,2025-04-16 07:00:00,2025-04-16 07:00:00,731,1,-0.28640559026943707,0.28640559026943707,"{'max_depth': 10, 'max_features': 0.5, 'min_samples_leaf': 2, 'n_estimators': 100}"
2025-04-16 07:00:00,Neural Network,7,1.081449401922078,0.6859777296364401,2023-04-16 07:00:00,2025-04-16 07:00:00,2025-04-16 07:00:00,731,1,-0.35941423956503044,0.35941423956503044,"{'regressor__model__alpha': 0.0001, 'regressor__model__hidden_layer_sizes': (64, 32), 'regressor__model__learning_rate_init': 0.0001}"
2025-04-16 07:00:00,Naive,7,1.081449401922078,0.24056738562553198,2023-04-16 07:00:00,2025-04-16 07:00:00,2025-04-16 07:00:00,731,1,,,not_applicable
2025-04-17 07:00:00,Decision Tree,7,0.8565719277740568,0.9541243590765209,2023-04-17 07:00:00,2025-04-17 07:00:00,2025-04-17 07:00:00,731,1,-0.42290985504429074,0.42290985504429074,"{'max_depth': None, 'min_samples_leaf': 1, 'min_samples_split': 20}"
2025-04-17 07:00:00,ARX,7,0.8565719277740568,1.0333944727610953,2023-04-17 07:00:00,2025-04-17 07:00:00,2025-04-17 07:00:00,731,1,-0.3032104293734177,0.3032104293734177,{'model__alpha': 0.01}
2025-04-17 07:00:00,Random Forest,7,0.8565719277740568,0.9161491903259775,2023-04-17 07:00:00,2025-04-17 07:00:00,2025-04-17 07:00:00,731,1,-0.28640559026943707,0.28640559026943707,"{'max_depth': 10, 'max_features': 0.5, 'min_samples_leaf': 2, 'n_estimators': 100}"
2025-04-17 07:00:00,Neural Network,7,0.8565719277740568,1.2091256434999442,2023-04-17 07:00:00,2025-04-17 07:00:00,2025-04-17 07:00:00,731,1,-0.35941423956503044,0.35941423956503044,"{'regressor__model__alpha': 0.0001, 'regressor__model__hidden_layer_sizes': (64, 32), 'regressor__model__learning_rate_init': 0.0001}"
2025-04-17 07:00:00,Naive,7,0.8565719277740568,1.081449401922078,2023-04-17 07:00:00,2025-04-17 07:00:00,2025-04-17 07:00:00,731,1,,,not_applicable
2025-04-18 07:00:00,Decision Tree,7,-0.004177263405591306,-0.3651616989255601,2023-04-18 07:00:00,2025-04-18 07:00:00,2025-04-18 07:00:00,731,1,-0.42290985504429074,0.42290985504429074,"{'max_depth': None, 'min_samples_leaf': 1, 'min_samples_split': 20}"
2025-04-18 07:00:00,ARX,7,-0.004177263405591306,0.3538177947592177,2023-04-18 07:00:00,2025-04-18 07:00:00,2025-04-18 07:00:00,731,1,-0.3032104293734177,0.3032104293734177,{'model__alpha': 0.01}
2025-04-18 07:00:00,Random Forest,7,-0.004177263405591306,0.07792792024440721,2023-04-18 07:00:00,2025-04-18 07:00:00,2025-04-18 07:00:00,731,1,-0.28640559026943707,0.28640559026943707,"{'max_depth': 10, 'max_features': 0.5, 'min_samples_leaf': 2, 'n_estimators': 100}"
2025-04-18 07:00:00,Neural Network,7,-0.004177263405591306,-0.1735410679851846,2023-04-18 07:00:00,2025-04-18 07:00:00,2025-04-18 07:00:00,731,1,-0.35941423956503044,0.35941423956503044,"{'regressor__model__alpha': 0.0001, 'regressor__model__hidden_layer_sizes': (64, 32), 'regressor__model__learning_rate_init': 0.0001}"
2025-04-18 07:00:00,Naive,7,-0.004177263405591306,0.8565719277740568,2023-04-18 07:00:00,2025-04-18 07:00:00,2025-04-18 07:00:00,731,1,,,not_applicable
2025-04-19 07:00:00,Decision Tree,7,0.0991421834640699,0.46409057798748443,2023-04-19 07:00:00,2025-04-19 07:00:00,2025-04-19 07:00:00,731,1,-0.42290985504429074,0.42290985504429074,"{'max_depth': None, 'min_samples_leaf': 1, 'min_samples_split': 20}"
2025-04-19 07:00:00,ARX,7,0.0991421834640699,0.5934544972413892,2023-04-19 07:00:00,2025-04-19 07:00:00,2025-04-19 07:00:00,731,1,-0.3032104293734177,0.3032104293734177,{'model__alpha': 0.01}
2025-04-19 07:00:00,Random Forest,7,0.0991421834640699,0.38283890764127265,2023-04-19 07:00:00,2025-04-19 07:00:00,2025-04-19 07:00:00,731,1,-0.28640559026943707,0.28640559026943707,"{'max_depth': 10, 'max_features': 0.5, 'min_samples_leaf': 2, 'n_estimators': 100}"
2025-04-19 07:00:00,Neural Network,7,0.0991421834640699,0.2166205788490394,2023-04-19 07:00:00,2025-04-19 07:00:00,2025-04-19 07:00:00,731,1,-0.35941423956503044,0.35941423956503044,"{'regressor__model__alpha': 0.0001, 'regressor__model__hidden_layer_sizes': (64, 32), 'regressor__model__learning_rate_init': 0.0001}"
2025-04-19 07:00:00,Naive,7,0.0991421834640699,-0.004177263405591306,2023-04-19 07:00:00,2025-04-19 07:00:00,2025-04-19 07:00:00,731,1,,,not_applicable
2025-04-20 07:00:00,Decision Tree,7,0.173917556959517,-0.3426001717055621,2023-04-20 07:00:00,2025-04-20 07:00:00,2025-04-20 07:00:00,731,1,-0.42290985504429074,0.42290985504429074,"{'max_depth': None, 'min_samples_leaf': 1, 'min_samples_split': 20}"
2025-04-20 07:00:00,ARX,7,0.173917556959517,0.03329969205851983,2023-04-20 07:00:00,2025-04-20 07:00:00,2025-04-20 07:00:00,731,1,-0.3032104293734177,0.3032104293734177,{'model__alpha': 0.01}
2025-04-20 07:00:00,Random Forest,7,0.173917556959517,-0.17237815235679657,2023-04-20 07:00:00,2025-04-20 07:00:00,2025-04-20 07:00:00,731,1,-0.28640559026943707,0.28640559026943707,"{'max_depth': 10, 'max_features': 0.5, 'min_samples_leaf': 2, 'n_estimators': 100}"
2025-04-20 07:00:00,Neural Network,7,0.173917556959517,0.2844709797145198,2023-04-20 07:00:00,2025-04-20 07:00:00,2025-04-20 07:00:00,731,1,-0.35941423956503044,0.35941423956503044,"{'regressor__model__alpha': 0.0001, 'regressor__model__hidden_layer_sizes': (64, 32), 'regressor__model__learning_rate_init': 0.0001}"
2025-04-20 07:00:00,Naive,7,0.173917556959517,0.0991421834640699,2023-04-20 07:00:00,2025-04-20 07:00:00,2025-04-20 07:00:00,731,1,,,not_applicable
2025-04-21 07:00:00,Decision Tree,7,0.0910066377384223,-0.41465185106379476,2023-04-21 07:00:00,2025-04-21 07:00:00,2025-04-21 07:00:00,731,1,-0.42290985504429074,0.42290985504429074,"{'max_depth': None, 'min_samples_leaf': 1, 'min_samples_split': 20}"
2025-04-21 07:00:00,ARX,7,0.0910066377384223,0.8626868213930973,2023-04-21 07:00:00,2025-04-21 07:00:00,2025-04-21 07:00:00,731,1,-0.3032104293734177,0.3032104293734177,{'model__alpha': 0.01}
2025-04-21 07:00:00,Random Forest,7,0.0910066377384223,0.29578235723690255,2023-04-21 07:00:00,2025-04-21 07:00:00,2025-04-21 07:00:00,731,1,-0.28640559026943707,0.28640559026943707,"{'max_depth': 10, 'max_features': 0.5, 'min_samples_leaf': 2, 'n_estimators': 100}"
2025-04-21 07:00:00,Neural Network,7,0.0910066377384223,-0.021144361318068378,2023-04-21 07:00:00,2025-04-21 07:00:00,2025-04-21 07:00:00,731,1,-0.35941423956503044,0.35941423956503044,"{'regressor__model__alpha': 0.0001, 'regressor__model__hidden_layer_sizes': (64, 32), 'regressor__model__learning_rate_init': 0.0001}"
2025-04-21 07:00:00,Naive,7,0.0910066377384223,0.173917556959517,2023-04-21 07:00:00,2025-04-21 07:00:00,2025-04-21 07:00:00,731,1,,,not_applicable
2025-04-22 07:00:00,Decision Tree,7,1.3367115714030418,1.4636129810816947,2023-04-22 07:00:00,2025-04-22 07:00:00,2025-04-22 07:00:00,731,1,-0.42290985504429074,0.42290985504429074,"{'max_depth': None, 'min_samples_leaf': 1, 'min_samples_split': 20}"
2025-04-22 07:00:00,ARX,7,1.3367115714030418,1.1800970554868981,2023-04-22 07:00:00,2025-04-22 07:00:00,2025-04-22 07:00:00,731,1,-0.3032104293734177,0.3032104293734177,{'model__alpha': 0.01}
2025-04-22 07:00:00,Random Forest,7,1.3367115714030418,1.0426297899816728,2023-04-22 07:00:00,2025-04-22 07:00:00,2025-04-22 07:00:00,731,1,-0.28640559026943707,0.28640559026943707,"{'max_depth': 10, 'max_features': 0.5, 'min_samples_leaf': 2, 'n_estimators': 100}"
2025-04-22 07:00:00,Neural Network,7,1.3367115714030418,1.1773237917636488,2023-04-22 07:00:00,2025-04-22 07:00:00,2025-04-22 07:00:00,731,1,-0.35941423956503044,0.35941423956503044,"{'regressor__model__alpha': 0.0001, 'regressor__model__hidden_layer_sizes': (64, 32), 'regressor__model__learning_rate_init': 0.0001}"
2025-04-22 07:00:00,Naive,7,1.3367115714030418,0.0910066377384223,2023-04-22 07:00:00,2025-04-22 07:00:00,2025-04-22 07:00:00,731,1,,,not_applicable
2025-04-23 07:00:00,Decision Tree,7,1.3433645585856042,1.6700425236385703,2023-04-23 07:00:00,2025-04-23 07:00:00,2025-04-23 07:00:00,731,1,-0.42290985504429074,0.42290985504429074,"{'max_depth': None, 'min_samples_leaf': 1, 'min_samples_split': 20}"
2025-04-23 07:00:00,ARX,7,1.3433645585856042,1.3861254677404895,2023-04-23 07:00:00,2025-04-23 07:00:00,2025-04-23 07:00:00,731,1,-0.3032104293734177,0.3032104293734177,{'model__alpha': 0.01}
2025-04-23 07:00:00,Random Forest,7,1.3433645585856042,1.6089872031352062,2023-04-23 07:00:00,2025-04-23 07:00:00,2025-04-23 07:00:00,731,1,-0.28640559026943707,0.28640559026943707,"{'max_depth': 10, 'max_features': 0.5, 'min_samples_leaf': 2, 'n_estimators': 100}"
2025-04-23 07:00:00,Neural Network,7,1.3433645585856042,1.4028933046349419,2023-04-23 07:00:00,2025-04-23 07:00:00,2025-04-23 07:00:00,731,1,-0.35941423956503044,0.35941423956503044,"{'regressor__model__alpha': 0.0001, 'regressor__model__hidden_layer_sizes': (64, 32), 'regressor__model__learning_rate_init': 0.0001}"
2025-04-23 07:00:00,Naive,7,1.3433645585856042,1.3367115714030418,2023-04-23 07:00:00,2025-04-23 07:00:00,2025-04-23 07:00:00,731,1,,,not_applicable
2025-04-24 07:00:00,Decision Tree,7,0.7711741696930582,0.6499533898639873,2023-04-24 07:00:00,2025-04-24 07:00:00,2025-04-24 07:00:00,731,1,-0.42290985504429074,0.42290985504429074,"{'max_depth': None, 'min_samples_leaf': 1, 'min_samples_split': 20}"
2025-04-24 07:00:00,ARX,7,0.7711741696930582,1.0187736705699826,2023-04-24 07:00:00,2025-04-24 07:00:00,2025-04-24 07:00:00,731,1,-0.3032104293734177,0.3032104293734177,{'model__alpha': 0.01}
2025-04-24 07:00:00,Random Forest,7,0.7711741696930582,0.9951468228218523,2023-04-24 07:00:00,2025-04-24 07:00:00,2025-04-24 07:00:00,731,1,-0.28640559026943707,0.28640559026943707,"{'max_depth': 10, 'max_features': 0.5, 'min_samples_leaf': 2, 'n_estimators': 100}"
2025-04-24 07:00:00,Neural Network,7,0.7711741696930582,1.2733556725995132,2023-04-24 07:00:00,2025-04-24 07:00:00,2025-04-24 07:00:00,731,1,-0.35941423956503044,0.35941423956503044,"{'regressor__model__alpha': 0.0001, 'regressor__model__hidden_layer_sizes': (64, 32), 'regressor__model__learning_rate_init': 0.0001}"
2025-04-24 07:00:00,Naive,7,0.7711741696930582,1.3433645585856042,2023-04-24 07:00:00,2025-04-24 07:00:00,2025-04-24 07:00:00,731,1,,,not_applicable
2025-04-25 07:00:00,Decision Tree,7,0.658517850034712,0.6580347751859253,2023-04-25 07:00:00,2025-04-25 07:00:00,2025-04-25 07:00:00,731,1,-0.42290985504429074,0.42290985504429074,"{'max_depth': None, 'min_samples_leaf': 1, 'min_samples_split': 20}"
2025-04-25 07:00:00,ARX,7,0.658517850034712,0.7507611846637205,2023-04-25 07:00:00,2025-04-25 07:00:00,2025-04-25 07:00:00,731,1,-0.3032104293734177,0.3032104293734177,{'model__alpha': 0.01}
2025-04-25 07:00:00,Random Forest,7,0.658517850034712,0.7649314172188578,2023-04-25 07:00:00,2025-04-25 07:00:00,2025-04-25 07:00:00,731,1,-0.28640559026943707,0.28640559026943707,"{'max_depth': 10, 'max_features': 0.5, 'min_samples_leaf': 2, 'n_estimators': 100}"
2025-04-25 07:00:00,Neural Network,7,0.658517850034712,0.4149425423997988,2023-04-25 07:00:00,2025-04-25 07:00:00,2025-04-25 07:00:00,731,1,-0.35941423956503044,0.35941423956503044,"{'regressor__model__alpha': 0.0001, 'regressor__model__hidden_layer_sizes': (64, 32), 'regressor__model__learning_rate_init': 0.0001}"
2025-04-25 07:00:00,Naive,7,0.658517850034712,0.7711741696930582,2023-04-25 07:00:00,2025-04-25 07:00:00,2025-04-25 07:00:00,731,1,,,not_applicable
2025-04-26 07:00:00,Decision Tree,7,-0.04722195819643306,0.10350972925237523,2023-04-26 07:00:00,2025-04-26 07:00:00,2025-04-26 07:00:00,731,1,-0.42290985504429074,0.42290985504429074,"{'max_depth': None, 'min_samples_leaf': 1, 'min_samples_split': 20}"
2025-04-26 07:00:00,ARX,7,-0.04722195819643306,0.27490371893827215,2023-04-26 07:00:00,2025-04-26 07:00:00,2025-04-26 07:00:00,731,1,-0.3032104293734177,0.3032104293734177,{'model__alpha': 0.01}
2025-04-26 07:00:00,Random Forest,7,-0.04722195819643306,0.06536160547347068,2023-04-26 07:00:00,2025-04-26 07:00:00,2025-04-26 07:00:00,731,1,-0.28640559026943707,0.28640559026943707,"{'max_depth': 10, 'max_features': 0.5, 'min_samples_leaf': 2, 'n_estimators': 100}"
2025-04-26 07:00:00,Neural Network,7,-0.04722195819643306,0.19270957605354577,2023-04-26 07:00:00,2025-04-26 07:00:00,2025-04-26 07:00:00,731,1,-0.35941423956503044,0.35941423956503044,"{'regressor__model__alpha': 0.0001, 'regressor__model__hidden_layer_sizes': (64, 32), 'regressor__model__learning_rate_init': 0.0001}"
2025-04-26 07:00:00,Naive,7,-0.04722195819643306,0.658517850034712,2023-04-26 07:00:00,2025-04-26 07:00:00,2025-04-26 07:00:00,731,1,,,not_applicable
2025-04-27 07:00:00,Decision Tree,7,-0.6352324660771743,0.11195648111904619,2023-04-27 07:00:00,2025-04-27 07:00:00,2025-04-27 07:00:00,731,1,-0.42290985504429074,0.42290985504429074,"{'max_depth': None, 'min_samples_leaf': 1, 'min_samples_split': 20}"
2025-04-27 07:00:00,ARX,7,-0.6352324660771743,-0.407299523315733,2023-04-27 07:00:00,2025-04-27 07:00:00,2025-04-27 07:00:00,731,1,-0.3032104293734177,0.3032104293734177,{'model__alpha': 0.01}
2025-04-27 07:00:00,Random Forest,7,-0.6352324660771743,-0.3986961365266828,2023-04-27 07:00:00,2025-04-27 07:00:00,2025-04-27 07:00:00,731,1,-0.28640559026943707,0.28640559026943707,"{'max_depth': 10, 'max_features': 0.5, 'min_samples_leaf': 2, 'n_estimators': 100}"
2025-04-27 07:00:00,Neural Network,7,-0.6352324660771743,-0.8547698994850972,2023-04-27 07:00:00,2025-04-27 07:00:00,2025-04-27 07:00:00,731,1,-0.35941423956503044,0.35941423956503044,"{'regressor__model__alpha': 0.0001, 'regressor__model__hidden_layer_sizes': (64, 32), 'regressor__model__learning_rate_init': 0.0001}"
2025-04-27 07:00:00,Naive,7,-0.6352324660771743,-0.04722195819643306,2023-04-27 07:00:00,2025-04-27 07:00:00,2025-04-27 07:00:00,731,1,,,not_applicable
2025-04-28 07:00:00,Decision Tree,7,1.0205957581092058,1.4055658988619577,2023-04-28 07:00:00,2025-04-28 07:00:00,2025-04-28 07:00:00,731,1,-0.42290985504429074,0.42290985504429074,"{'max_depth': None, 'min_samples_leaf': 1, 'min_samples_split': 20}"
2025-04-28 07:00:00,ARX,7,1.0205957581092058,1.070599974414499,2023-04-28 07:00:00,2025-04-28 07:00:00,2025-04-28 07:00:00,731,1,-0.3032104293734177,0.3032104293734177,{'model__alpha': 0.01}
2025-04-28 07:00:00,Random Forest,7,1.0205957581092058,1.0717283851845354,2023-04-28 07:00:00,2025-04-28 07:00:00,2025-04-28 07:00:00,731,1,-0.28640559026943707,0.28640559026943707,"{'max_depth': 10, 'max_features': 0.5, 'min_samples_leaf': 2, 'n_estimators': 100}"
2025-04-28 07:00:00,Neural Network,7,1.0205957581092058,1.337975060527614,2023-04-28 07:00:00,2025-04-28 07:00:00,2025-04-28 07:00:00,731,1,-0.35941423956503044,0.35941423956503044,"{'regressor__model__alpha': 0.0001, 'regressor__model__hidden_layer_sizes': (64, 32), 'regressor__model__learning_rate_init': 0.0001}"
2025-04-28 07:00:00,Naive,7,1.0205957581092058,-0.6352324660771743,2023-04-28 07:00:00,2025-04-28 07:00:00,2025-04-28 07:00:00,731,1,,,not_applicable
2025-04-29 07:00:00,Decision Tree,7,0.6567036557086898,1.1877079294410797,2023-04-29 07:00:00,2025-04-29 07:00:00,2025-04-29 07:00:00,731,1,-0.42290985504429074,0.42290985504429074,"{'max_depth': None, 'min_samples_leaf': 1, 'min_samples_split': 20}"
2025-04-29 07:00:00,ARX,7,0.6567036557086898,1.1285538281292622,2023-04-29 07:00:00,2025-04-29 07:00:00,2025-04-29 07:00:00,731,1,-0.3032104293734177,0.3032104293734177,{'model__alpha': 0.01}
2025-04-29 07:00:00,Random Forest,7,0.6567036557086898,1.2564090520759896,2023-04-29 07:00:00,2025-04-29 07:00:00,2025-04-29 07:00:00,731,1,-0.28640559026943707,0.28640559026943707,"{'max_depth': 10, 'max_features': 0.5, 'min_samples_leaf': 2, 'n_estimators': 100}"
2025-04-29 07:00:00,Neural Network,7,0.6567036557086898,1.242793173522272,2023-04-29 07:00:00,2025-04-29 07:00:00,2025-04-29 07:00:00,731,1,-0.35941423956503044,0.35941423956503044,"{'regressor__model__alpha': 0.0001, 'regressor__model__hidden_layer_sizes': (64, 32), 'regressor__model__learning_rate_init': 0.0001}"
2025-04-29 07:00:00,Naive,7,0.6567036557086898,1.0205957581092058,2023-04-29 07:00:00,2025-04-29 07:00:00,2025-04-29 07:00:00,731,1,,,not_applicable
2025-04-30 07:00:00,Decision Tree,7,0.81275222073296,1.0908603736462699,2023-04-30 07:00:00,2025-04-30 07:00:00,2025-04-30 07:00:00,731,1,-0.42290985504429074,0.42290985504429074,"{'max_depth': None, 'min_samples_leaf': 1, 'min_samples_split': 20}"
2025-04-30 07:00:00,ARX,7,0.81275222073296,1.0895391938775532,2023-04-30 07:00:00,2025-04-30 07:00:00,2025-04-30 07:00:00,731,1,-0.3032104293734177,0.3032104293734177,{'model__alpha': 0.01}
2025-04-30 07:00:00,Random Forest,7,0.81275222073296,1.1483935243535817,2023-04-30 07:00:00,2025-04-30 07:00:00,2025-04-30 07:00:00,731,1,-0.28640559026943707,0.28640559026943707,"{'max_depth': 10, 'max_features': 0.5, 'min_samples_leaf': 2, 'n_estimators': 100}"
2025-04-30 07:00:00,Neural Network,7,0.81275222073296,1.3545064998183098,2023-04-30 07:00:00,2025-04-30 07:00:00,2025-04-30 07:00:00,731,1,-0.35941423956503044,0.35941423956503044,"{'regressor__model__alpha': 0.0001, 'regressor__model__hidden_layer_sizes': (64, 32), 'regressor__model__learning_rate_init': 0.0001}"
2025-04-30 07:00:00,Naive,7,0.81275222073296,0.6567036557086898,2023-04-30 07:00:00,2025-04-30 07:00:00,2025-04-30 07:00:00,731,1,,,not_applicable
2025-05-01 07:00:00,Decision Tree,7,-0.27200964307653086,0.35484093613115036,2023-05-01 07:00:00,2025-05-01 07:00:00,2025-05-01 07:00:00,731,1,-0.42290985504429074,0.42290985504429074,"{'max_depth': None, 'min_samples_leaf': 1, 'min_samples_split': 20}"
2025-05-01 07:00:00,ARX,7,-0.27200964307653086,0.45871881589985103,2023-05-01 07:00:00,2025-05-01 07:00:00,2025-05-01 07:00:00,731,1,-0.3032104293734177,0.3032104293734177,{'model__alpha': 0.01}
2025-05-01 07:00:00,Random Forest,7,-0.27200964307653086,0.4785579267405497,2023-05-01 07:00:00,2025-05-01 07:00:00,2025-05-01 07:00:00,731,1,-0.28640559026943707,0.28640559026943707,"{'max_depth': 10, 'max_features': 0.5, 'min_samples_leaf': 2, 'n_estimators': 100}"
2025-05-01 07:00:00,Neural Network,7,-0.27200964307653086,-0.24122947904262348,2023-05-01 07:00:00,2025-05-01 07:00:00,2025-05-01 07:00:00,731,1,-0.35941423956503044,0.35941423956503044,"{'regressor__model__alpha': 0.0001, 'regressor__model__hidden_layer_sizes': (64, 32), 'regressor__model__learning_rate_init': 0.0001}"
2025-05-01 07:00:00,Naive,7,-0.27200964307653086,0.81275222073296,2023-05-01 07:00:00,2025-05-01 07:00:00,2025-05-01 07:00:00,731,1,,,not_applicable
2025-05-02 07:00:00,Decision Tree,7,0.019528997799963074,0.5511064888741855,2023-05-02 07:00:00,2025-05-02 07:00:00,2025-05-02 07:00:00,731,1,-0.42290985504429074,0.42290985504429074,"{'max_depth': None, 'min_samples_leaf': 1, 'min_samples_split': 20}"
2025-05-02 07:00:00,ARX,7,0.019528997799963074,0.45352047596134704,2023-05-02 07:00:00,2025-05-02 07:00:00,2025-05-02 07:00:00,731,1,-0.3032104293734177,0.3032104293734177,{'model__alpha': 0.01}
2025-05-02 07:00:00,Random Forest,7,0.019528997799963074,0.4439620360036136,2023-05-02 07:00:00,2025-05-02 07:00:00,2025-05-02 07:00:00,731,1,-0.28640559026943707,0.28640559026943707,"{'max_depth': 10, 'max_features': 0.5, 'min_samples_leaf': 2, 'n_estimators': 100}"
2025-05-02 07:00:00,Neural Network,7,0.019528997799963074,0.13962878810094764,2023-05-02 07:00:00,2025-05-02 07:00:00,2025-05-02 07:00:00,731,1,-0.35941423956503044,0.35941423956503044,"{'regressor__model__alpha': 0.0001, 'regressor__model__hidden_layer_sizes': (64, 32), 'regressor__model__learning_rate_init': 0.0001}"
2025-05-02 07:00:00,Naive,7,0.019528997799963074,-0.27200964307653086,2023-05-02 07:00:00,2025-05-02 07:00:00,2025-05-02 07:00:00,731,1,,,not_applicable
2025-05-03 07:00:00,Decision Tree,7,-0.0019510050913396906,0.20815610963615427,2023-05-03 07:00:00,2025-05-03 07:00:00,2025-05-03 07:00:00,731,1,-0.42290985504429074,0.42290985504429074,"{'max_depth': None, 'min_samples_leaf': 1, 'min_samples_split': 20}"
2025-05-03 07:00:00,ARX,7,-0.0019510050913396906,0.22329399831143232,2023-05-03 07:00:00,2025-05-03 07:00:00,2025-05-03 07:00:00,731,1,-0.3032104293734177,0.3032104293734177,{'model__alpha': 0.01}
2025-05-03 07:00:00,Random Forest,7,-0.0019510050913396906,0.09569353098232485,2023-05-03 07:00:00,2025-05-03 07:00:00,2025-05-03 07:00:00,731,1,-0.28640559026943707,0.28640559026943707,"{'max_depth': 10, 'max_features': 0.5, 'min_samples_leaf': 2, 'n_estimators': 100}"
2025-05-03 07:00:00,Neural Network,7,-0.0019510050913396906,0.07138839654381833,2023-05-03 07:00:00,2025-05-03 07:00:00,2025-05-03 07:00:00,731,1,-0.35941423956503044,0.35941423956503044,"{'regressor__model__alpha': 0.0001, 'regressor__model__hidden_layer_sizes': (64, 32), 'regressor__model__learning_rate_init': 0.0001}"
2025-05-03 07:00:00,Naive,7,-0.0019510050913396906,0.019528997799963074,2023-05-03 07:00:00,2025-05-03 07:00:00,2025-05-03 07:00:00,731,1,,,not_applicable
2025-05-04 07:00:00,Decision Tree,7,-1.540732595424314,-0.16952578002752122,2023-05-04 07:00:00,2025-05-04 07:00:00,2025-05-04 07:00:00,731,1,-0.42290985504429074,0.42290985504429074,"{'max_depth': None, 'min_samples_leaf': 1, 'min_samples_split': 20}"
2025-05-04 07:00:00,ARX,7,-1.540732595424314,-0.8323331300601674,2023-05-04 07:00:00,2025-05-04 07:00:00,2025-05-04 07:00:00,731,1,-0.3032104293734177,0.3032104293734177,{'model__alpha': 0.01}
2025-05-04 07:00:00,Random Forest,7,-1.540732595424314,-0.8706433953644773,2023-05-04 07:00:00,2025-05-04 07:00:00,2025-05-04 07:00:00,731,1,-0.28640559026943707,0.28640559026943707,"{'max_depth': 10, 'max_features': 0.5, 'min_samples_leaf': 2, 'n_estimators': 100}"
2025-05-04 07:00:00,Neural Network,7,-1.540732595424314,-1.674879363893143,2023-05-04 07:00:00,2025-05-04 07:00:00,2025-05-04 07:00:00,731,1,-0.35941423956503044,0.35941423956503044,"{'regressor__model__alpha': 0.0001, 'regressor__model__hidden_layer_sizes': (64, 32), 'regressor__model__learning_rate_init': 0.0001}"
2025-05-04 07:00:00,Naive,7,-1.540732595424314,-0.0019510050913396906,2023-05-04 07:00:00,2025-05-04 07:00:00,2025-05-04 07:00:00,731,1,,,not_applicable
2025-05-05 07:00:00,Decision Tree,7,0.8587210878325404,0.8444032272271621,2023-05-05 07:00:00,2025-05-05 07:00:00,2025-05-05 07:00:00,731,1,-0.42290985504429074,0.42290985504429074,"{'max_depth': None, 'min_samples_leaf': 1, 'min_samples_split': 20}"
2025-05-05 07:00:00,ARX,7,0.8587210878325404,0.6883146770528904,2023-05-05 07:00:00,2025-05-05 07:00:00,2025-05-05 07:00:00,731,1,-0.3032104293734177,0.3032104293734177,{'model__alpha': 0.01}
2025-05-05 07:00:00,Random Forest,7,0.8587210878325404,0.8144139866976969,2023-05-05 07:00:00,2025-05-05 07:00:00,2025-05-05 07:00:00,731,1,-0.28640559026943707,0.28640559026943707,"{'max_depth': 10, 'max_features': 0.5, 'min_samples_leaf': 2, 'n_estimators': 100}"
2025-05-05 07:00:00,Neural Network,7,0.8587210878325404,0.29891714109764317,2023-05-05 07:00:00,2025-05-05 07:00:00,2025-05-05 07:00:00,731,1,-0.35941423956503044,0.35941423956503044,"{'regressor__model__alpha': 0.0001, 'regressor__model__hidden_layer_sizes': (64, 32), 'regressor__model__learning_rate_init': 0.0001}"
2025-05-05 07:00:00,Naive,7,0.8587210878325404,-1.540732595424314,2023-05-05 07:00:00,2025-05-05 07:00:00,2025-05-05 07:00:00,731,1,,,not_applicable
2025-05-06 07:00:00,Decision Tree,7,0.8442446338183353,0.9827426129797238,2023-05-06 07:00:00,2025-05-06 07:00:00,2025-05-06 07:00:00,731,1,-0.42290985504429074,0.42290985504429074,"{'max_depth': None, 'min_samples_leaf': 1, 'min_samples_split': 20}"
2025-05-06 07:00:00,ARX,7,0.8442446338183353,0.7212836396359709,2023-05-06 07:00:00,2025-05-06 07:00:00,2025-05-06 07:00:00,731,1,-0.3032104293734177,0.3032104293734177,{'model__alpha': 0.01}
2025-05-06 07:00:00,Random Forest,7,0.8442446338183353,0.8205241586201977,2023-05-06 07:00:00,2025-05-06 07:00:00,2025-05-06 07:00:00,731,1,-0.28640559026943707,0.28640559026943707,"{'max_depth': 10, 'max_features': 0.5, 'min_samples_leaf': 2, 'n_estimators': 100}"
2025-05-06 07:00:00,Neural Network,7,0.8442446338183353,0.8652683754536256,2023-05-06 07:00:00,2025-05-06 07:00:00,2025-05-06 07:00:00,731,1,-0.35941423956503044,0.35941423956503044,"{'regressor__model__alpha': 0.0001, 'regressor__model__hidden_layer_sizes': (64, 32), 'regressor__model__learning_rate_init': 0.0001}"
2025-05-06 07:00:00,Naive,7,0.8442446338183353,0.8587210878325404,2023-05-06 07:00:00,2025-05-06 07:00:00,2025-05-06 07:00:00,731,1,,,not_applicable
2025-05-07 07:00:00,Decision Tree,7,1.227933821111335,1.2616876604174947,2023-05-07 07:00:00,2025-05-07 07:00:00,2025-05-07 07:00:00,731,1,-0.42290985504429074,0.42290985504429074,"{'max_depth': None, 'min_samples_leaf': 1, 'min_samples_split': 20}"
2025-05-07 07:00:00,ARX,7,1.227933821111335,1.0724258619540437,2023-05-07 07:00:00,2025-05-07 07:00:00,2025-05-07 07:00:00,731,1,-0.3032104293734177,0.3032104293734177,{'model__alpha': 0.01}
2025-05-07 07:00:00,Random Forest,7,1.227933821111335,0.9312149822027693,2023-05-07 07:00:00,2025-05-07 07:00:00,2025-05-07 07:00:00,731,1,-0.28640559026943707,0.28640559026943707,"{'max_depth': 10, 'max_features': 0.5, 'min_samples_leaf': 2, 'n_estimators': 100}"
2025-05-07 07:00:00,Neural Network,7,1.227933821111335,0.8644548635176003,2023-05-07 07:00:00,2025-05-07 07:00:00,2025-05-07 07:00:00,731,1,-0.35941423956503044,0.35941423956503044,"{'regressor__model__alpha': 0.0001, 'regressor__model__hidden_layer_sizes': (64, 32), 'regressor__model__learning_rate_init': 0.0001}"
2025-05-07 07:00:00,Naive,7,1.227933821111335,0.8442446338183353,2023-05-07 07:00:00,2025-05-07 07:00:00,2025-05-07 07:00:00,731,1,,,not_applicable
2025-05-08 07:00:00,Decision Tree,7,1.1471590806037468,0.848596880822406,2023-05-08 07:00:00,2025-05-08 07:00:00,2025-05-08 07:00:00,731,1,-0.42290985504429074,0.42290985504429074,"{'max_depth': None, 'min_samples_leaf': 1, 'min_samples_split': 20}"
2025-05-08 07:00:00,ARX,7,1.1471590806037468,0.7188525858167832,2023-05-08 07:00:00,2025-05-08 07:00:00,2025-05-08 07:00:00,731,1,-0.3032104293734177,0.3032104293734177,{'model__alpha': 0.01}
2025-05-08 07:00:00,Random Forest,7,1.1471590806037468,0.7491865049567836,2023-05-08 07:00:00,2025-05-08 07:00:00,2025-05-08 07:00:00,731,1,-0.28640559026943707,0.28640559026943707,"{'max_depth': 10, 'max_features': 0.5, 'min_samples_leaf': 2, 'n_estimators': 100}"
2025-05-08 07:00:00,Neural Network,7,1.1471590806037468,1.046735546880217,2023-05-08 07:00:00,2025-05-08 07:00:00,2025-05-08 07:00:00,731,1,-0.35941423956503044,0.35941423956503044,"{'regressor__model__alpha': 0.0001, 'regressor__model__hidden_layer_sizes': (64, 32), 'regressor__model__learning_rate_init': 0.0001}"
2025-05-08 07:00:00,Naive,7,1.1471590806037468,1.227933821111335,2023-05-08 07:00:00,2025-05-08 07:00:00,2025-05-08 07:00:00,731,1,,,not_applicable
2025-05-09 07:00:00,Decision Tree,7,1.1027504571796074,1.2574684305042247,2023-05-09 07:00:00,2025-05-09 07:00:00,2025-05-09 07:00:00,731,1,-0.42290985504429074,0.42290985504429074,"{'max_depth': None, 'min_samples_leaf': 1, 'min_samples_split': 20}"
2025-05-09 07:00:00,ARX,7,1.1027504571796074,0.8439175147830715,2023-05-09 07:00:00,2025-05-09 07:00:00,2025-05-09 07:00:00,731,1,-0.3032104293734177,0.3032104293734177,{'model__alpha': 0.01}
2025-05-09 07:00:00,Random Forest,7,1.1027504571796074,1.0692363020247106,2023-05-09 07:00:00,2025-05-09 07:00:00,2025-05-09 07:00:00,731,1,-0.28640559026943707,0.28640559026943707,"{'max_depth': 10, 'max_features': 0.5, 'min_samples_leaf': 2, 'n_estimators': 100}"
2025-05-09 07:00:00,Neural Network,7,1.1027504571796074,1.2708144030015394,2023-05-09 07:00:00,2025-05-09 07:00:00,2025-05-09 07:00:00,731,1,-0.35941423956503044,0.35941423956503044,"{'regressor__model__alpha': 0.0001, 'regressor__model__hidden_layer_sizes': (64, 32), 'regressor__model__learning_rate_init': 0.0001}"
2025-05-09 07:00:00,Naive,7,1.1027504571796074,1.1471590806037468,2023-05-09 07:00:00,2025-05-09 07:00:00,2025-05-09 07:00:00,731,1,,,not_applicable
2025-05-10 07:00:00,Decision Tree,7,0.17210260309807718,0.31702978675643007,2023-05-10 07:00:00,2025-05-10 07:00:00,2025-05-10 07:00:00,731,1,-0.42290985504429074,0.42290985504429074,"{'max_depth': None, 'min_samples_leaf': 1, 'min_samples_split': 20}"
2025-05-10 07:00:00,ARX,7,0.17210260309807718,0.3318496033057547,2023-05-10 07:00:00,2025-05-10 07:00:00,2025-05-10 07:00:00,731,1,-0.3032104293734177,0.3032104293734177,{'model__alpha': 0.01}
2025-05-10 07:00:00,Random Forest,7,0.17210260309807718,0.3007660453294184,2023-05-10 07:00:00,2025-05-10 07:00:00,2025-05-10 07:00:00,731,1,-0.28640559026943707,0.28640559026943707,"{'max_depth': 10, 'max_features': 0.5, 'min_samples_leaf': 2, 'n_estimators': 100}"
2025-05-10 07:00:00,Neural Network,7,0.17210260309807718,0.3884709664046849,2023-05-10 07:00:00,2025-05-10 07:00:00,2025-05-10 07:00:00,731,1,-0.35941423956503044,0.35941423956503044,"{'regressor__model__alpha': 0.0001, 'regressor__model__hidden_layer_sizes': (64, 32), 'regressor__model__learning_rate_init': 0.0001}"
2025-05-10 07:00:00,Naive,7,0.17210260309807718,1.1027504571796074,2023-05-10 07:00:00,2025-05-10 07:00:00,2025-05-10 07:00:00,731,1,,,not_applicable
2025-05-11 07:00:00,Decision Tree,7,-0.5732320437054637,0.05830229474065907,2023-05-11 07:00:00,2025-05-11 07:00:00,2025-05-11 07:00:00,731,1,-0.42290985504429074,0.42290985504429074,"{'max_depth': None, 'min_samples_leaf': 1, 'min_samples_split': 20}"
2025-05-11 07:00:00,ARX,7,-0.5732320437054637,-0.2061790526966184,2023-05-11 07:00:00,2025-05-11 07:00:00,2025-05-11 07:00:00,731,1,-0.3032104293734177,0.3032104293734177,{'model__alpha': 0.01}
2025-05-11 07:00:00,Random Forest,7,-0.5732320437054637,-0.07853930848677333,2023-05-11 07:00:00,2025-05-11 07:00:00,2025-05-11 07:00:00,731,1,-0.28640559026943707,0.28640559026943707,"{'max_depth': 10, 'max_features': 0.5, 'min_samples_leaf': 2, 'n_estimators': 100}"
2025-05-11 07:00:00,Neural Network,7,-0.5732320437054637,-0.04950291499473723,2023-05-11 07:00:00,2025-05-11 07:00:00,2025-05-11 07:00:00,731,1,-0.35941423956503044,0.35941423956503044,"{'regressor__model__alpha': 0.0001, 'regressor__model__hidden_layer_sizes': (64, 32), 'regressor__model__learning_rate_init': 0.0001}"
2025-05-11 07:00:00,Naive,7,-0.5732320437054637,0.17210260309807718,2023-05-11 07:00:00,2025-05-11 07:00:00,2025-05-11 07:00:00,731,1,,,not_applicable
2025-05-12 07:00:00,Decision Tree,7,1.1852772378980743,0.3437332771504106,2023-05-12 07:00:00,2025-05-12 07:00:00,2025-05-12 07:00:00,731,1,-0.42290985504429074,0.42290985504429074,"{'max_depth': None, 'min_samples_leaf': 1, 'min_samples_split': 20}"
2025-05-12 07:00:00,ARX,7,1.1852772378980743,0.5552557918083586,2023-05-12 07:00:00,2025-05-12 07:00:00,2025-05-12 07:00:00,731,1,-0.3032104293734177,0.3032104293734177,{'model__alpha': 0.01}
2025-05-12 07:00:00,Random Forest,7,1.1852772378980743,0.5986749960083185,2023-05-12 07:00:00,2025-05-12 07:00:00,2025-05-12 07:00:00,731,1,-0.28640559026943707,0.28640559026943707,"{'max_depth': 10, 'max_features': 0.5, 'min_samples_leaf': 2, 'n_estimators': 100}"
2025-05-12 07:00:00,Neural Network,7,1.1852772378980743,0.8538049266490846,2023-05-12 07:00:00,2025-05-12 07:00:00,2025-05-12 07:00:00,731,1,-0.35941423956503044,0.35941423956503044,"{'regressor__model__alpha': 0.0001, 'regressor__model__hidden_layer_sizes': (64, 32), 'regressor__model__learning_rate_init': 0.0001}"
2025-05-12 07:00:00,Naive,7,1.1852772378980743,-0.5732320437054637,2023-05-12 07:00:00,2025-05-12 07:00:00,2025-05-12 07:00:00,731,1,,,not_applicable
2025-05-13 07:00:00,Decision Tree,7,0.9697422236585571,0.996912344881434,2023-05-13 07:00:00,2025-05-13 07:00:00,2025-05-13 07:00:00,731,1,-0.42290985504429074,0.42290985504429074,"{'max_depth': None, 'min_samples_leaf': 1, 'min_samples_split': 20}"
2025-05-13 07:00:00,ARX,7,0.9697422236585571,0.7581781509628759,2023-05-13 07:00:00,2025-05-13 07:00:00,2025-05-13 07:00:00,731,1,-0.3032104293734177,0.3032104293734177,{'model__alpha': 0.01}
2025-05-13 07:00:00,Random Forest,7,0.9697422236585571,1.0282434592063203,2023-05-13 07:00:00,2025-05-13 07:00:00,2025-05-13 07:00:00,731,1,-0.28640559026943707,0.28640559026943707,"{'max_depth': 10, 'max_features': 0.5, 'min_samples_leaf': 2, 'n_estimators': 100}"
2025-05-13 07:00:00,Neural Network,7,0.9697422236585571,0.4855078287429991,2023-05-13 07:00:00,2025-05-13 07:00:00,2025-05-13 07:00:00,731,1,-0.35941423956503044,0.35941423956503044,"{'regressor__model__alpha': 0.0001, 'regressor__model__hidden_layer_sizes': (64, 32), 'regressor__model__learning_rate_init': 0.0001}"
2025-05-13 07:00:00,Naive,7,0.9697422236585571,1.1852772378980743,2023-05-13 07:00:00,2025-05-13 07:00:00,2025-05-13 07:00:00,731,1,,,not_applicable
2025-05-14 07:00:00,Decision Tree,7,0.8575443269700342,1.168129075725466,2023-05-14 07:00:00,2025-05-14 07:00:00,2025-05-14 07:00:00,731,1,-0.42290985504429074,0.42290985504429074,"{'max_depth': None, 'min_samples_leaf': 1, 'min_samples_split': 20}"
2025-05-14 07:00:00,ARX,7,0.8575443269700342,1.002233901259427,2023-05-14 07:00:00,2025-05-14 07:00:00,2025-05-14 07:00:00,731,1,-0.3032104293734177,0.3032104293734177,{'model__alpha': 0.01}
2025-05-14 07:00:00,Random Forest,7,0.8575443269700342,1.0973093505606633,2023-05-14 07:00:00,2025-05-14 07:00:00,2025-05-14 07:00:00,731,1,-0.28640559026943707,0.28640559026943707,"{'max_depth': 10, 'max_features': 0.5, 'min_samples_leaf': 2, 'n_estimators': 100}"
2025-05-14 07:00:00,Neural Network,7,0.8575443269700342,1.0999315595891825,2023-05-14 07:00:00,2025-05-14 07:00:00,2025-05-14 07:00:00,731,1,-0.35941423956503044,0.35941423956503044,"{'regressor__model__alpha': 0.0001, 'regressor__model__hidden_layer_sizes': (64, 32), 'regressor__model__learning_rate_init': 0.0001}"
2025-05-14 07:00:00,Naive,7,0.8575443269700342,0.9697422236585571,2023-05-14 07:00:00,2025-05-14 07:00:00,2025-05-14 07:00:00,731,1,,,not_applicable
2025-05-15 07:00:00,Decision Tree,7,0.8064402069409509,1.0485223760218465,2023-05-15 07:00:00,2025-05-15 07:00:00,2025-05-15 07:00:00,731,1,-0.42290985504429074,0.42290985504429074,"{'max_depth': None, 'min_samples_leaf': 1, 'min_samples_split': 20}"
2025-05-15 07:00:00,ARX,7,0.8064402069409509,0.763550136066275,2023-05-15 07:00:00,2025-05-15 07:00:00,2025-05-15 07:00:00,731,1,-0.3032104293734177,0.3032104293734177,{'model__alpha': 0.01}
2025-05-15 07:00:00,Random Forest,7,0.8064402069409509,0.7641270472916155,2023-05-15 07:00:00,2025-05-15 07:00:00,2025-05-15 07:00:00,731,1,-0.28640559026943707,0.28640559026943707,"{'max_depth': 10, 'max_features': 0.5, 'min_samples_leaf': 2, 'n_estimators': 100}"
2025-05-15 07:00:00,Neural Network,7,0.8064402069409509,0.08900935037584973,2023-05-15 07:00:00,2025-05-15 07:00:00,2025-05-15 07:00:00,731,1,-0.35941423956503044,0.35941423956503044,"{'regressor__model__alpha': 0.0001, 'regressor__model__hidden_layer_sizes': (64, 32), 'regressor__model__learning_rate_init': 0.0001}"
2025-05-15 07:00:00,Naive,7,0.8064402069409509,0.8575443269700342,2023-05-15 07:00:00,2025-05-15 07:00:00,2025-05-15 07:00:00,731,1,,,not_applicable
2025-05-16 07:00:00,Decision Tree,7,0.7564172846814439,0.49975640336828564,2023-05-16 07:00:00,2025-05-16 07:00:00,2025-05-16 07:00:00,731,1,-0.42290985504429074,0.42290985504429074,"{'max_depth': None, 'min_samples_leaf': 1, 'min_samples_split': 20}"
2025-05-16 07:00:00,ARX,7,0.7564172846814439,0.7250948431067475,2023-05-16 07:00:00,2025-05-16 07:00:00,2025-05-16 07:00:00,731,1,-0.3032104293734177,0.3032104293734177,{'model__alpha': 0.01}
2025-05-16 07:00:00,Random Forest,7,0.7564172846814439,0.6798867674307226,2023-05-16 07:00:00,2025-05-16 07:00:00,2025-05-16 07:00:00,731,1,-0.28640559026943707,0.28640559026943707,"{'max_depth': 10, 'max_features': 0.5, 'min_samples_leaf': 2, 'n_estimators': 100}"
2025-05-16 07:00:00,Neural Network,7,0.7564172846814439,0.23442783006597262,2023-05-16 07:00:00,2025-05-16 07:00:00,2025-05-16 07:00:00,731,1,-0.35941423956503044,0.35941423956503044,"{'regressor__model__alpha': 0.0001, 'regressor__model__hidden_layer_sizes': (64, 32), 'regressor__model__learning_rate_init': 0.0001}"
2025-05-16 07:00:00,Naive,7,0.7564172846814439,0.8064402069409509,2023-05-16 07:00:00,2025-05-16 07:00:00,2025-05-16 07:00:00,731,1,,,not_applicable
2025-05-17 07:00:00,Decision Tree,7,0.06322160049421667,-0.5076473155655051,2023-05-17 07:00:00,2025-05-17 07:00:00,2025-05-17 07:00:00,731,1,-0.42290985504429074,0.42290985504429074,"{'max_depth': None, 'min_samples_leaf': 1, 'min_samples_split': 20}"
2025-05-17 07:00:00,ARX,7,0.06322160049421667,0.180094383071412,2023-05-17 07:00:00,2025-05-17 07:00:00,2025-05-17 07:00:00,731,1,-0.3032104293734177,0.3032104293734177,{'model__alpha': 0.01}
2025-05-17 07:00:00,Random Forest,7,0.06322160049421667,0.013136566144164172,2023-05-17 07:00:00,2025-05-17 07:00:00,2025-05-17 07:00:00,731,1,-0.28640559026943707,0.28640559026943707,"{'max_depth': 10, 'max_features': 0.5, 'min_samples_leaf': 2, 'n_estimators': 100}"
2025-05-17 07:00:00,Neural Network,7,0.06322160049421667,-0.1143983959744557,2023-05-17 07:00:00,2025-05-17 07:00:00,2025-05-17 07:00:00,731,1,-0.35941423956503044,0.35941423956503044,"{'regressor__model__alpha': 0.0001, 'regressor__model__hidden_layer_sizes': (64, 32), 'regressor__model__learning_rate_init': 0.0001}"
2025-05-17 07:00:00,Naive,7,0.06322160049421667,0.7564172846814439,2023-05-17 07:00:00,2025-05-17 07:00:00,2025-05-17 07:00:00,731,1,,,not_applicable
2025-05-18 07:00:00,Decision Tree,7,-0.0110389044362529,0.14257407693619256,2023-05-18 07:00:00,2025-05-18 07:00:00,2025-05-18 07:00:00,731,1,-0.42290985504429074,0.42290985504429074,"{'max_depth': None, 'min_samples_leaf': 1, 'min_samples_split': 20}"
2025-05-18 07:00:00,ARX,7,-0.0110389044362529,0.03217412389311831,2023-05-18 07:00:00,2025-05-18 07:00:00,2025-05-18 07:00:00,731,1,-0.3032104293734177,0.3032104293734177,{'model__alpha': 0.01}
2025-05-18 07:00:00,Random Forest,7,-0.0110389044362529,-0.12200868752107802,2023-05-18 07:00:00,2025-05-18 07:00:00,2025-05-18 07:00:00,731,1,-0.28640559026943707,0.28640559026943707,"{'max_depth': 10, 'max_features': 0.5, 'min_samples_leaf': 2, 'n_estimators': 100}"
2025-05-18 07:00:00,Neural Network,7,-0.0110389044362529,-0.41483560069979364,2023-05-18 07:00:00,2025-05-18 07:00:00,2025-05-18 07:00:00,731,1,-0.35941423956503044,0.35941423956503044,"{'regressor__model__alpha': 0.0001, 'regressor__model__hidden_layer_sizes': (64, 32), 'regressor__model__learning_rate_init': 0.0001}"
2025-05-18 07:00:00,Naive,7,-0.0110389044362529,0.06322160049421667,2023-05-18 07:00:00,2025-05-18 07:00:00,2025-05-18 07:00:00,731,1,,,not_applicable
2025-05-19 07:00:00,Decision Tree,7,1.1203892366468828,1.023610229999112,2023-05-19 07:00:00,2025-05-19 07:00:00,2025-05-19 07:00:00,731,1,-0.42290985504429074,0.42290985504429074,"{'max_depth': None, 'min_samples_leaf': 1, 'min_samples_split': 20}"
2025-05-19 07:00:00,ARX,7,1.1203892366468828,1.0389492049231874,2023-05-19 07:00:00,2025-05-19 07:00:00,2025-05-19 07:00:00,731,1,-0.3032104293734177,0.3032104293734177,{'model__alpha': 0.01}
2025-05-19 07:00:00,Random Forest,7,1.1203892366468828,0.9477399204809177,2023-05-19 07:00:00,2025-05-19 07:00:00,2025-05-19 07:00:00,731,1,-0.28640559026943707,0.28640559026943707,"{'max_depth': 10, 'max_features': 0.5, 'min_samples_leaf': 2, 'n_estimators': 100}"
2025-05-19 07:00:00,Neural Network,7,1.1203892366468828,0.961531061267348,2023-05-19 07:00:00,2025-05-19 07:00:00,2025-05-19 07:00:00,731,1,-0.35941423956503044,0.35941423956503044,"{'regressor__model__alpha': 0.0001, 'regressor__model__hidden_layer_sizes': (64, 32), 'regressor__model__learning_rate_init': 0.0001}"
2025-05-19 07:00:00,Naive,7,1.1203892366468828,-0.0110389044362529,2023-05-19 07:00:00,2025-05-19 07:00:00,2025-05-19 07:00:00,731,1,,,not_applicable
2025-05-20 07:00:00,Decision Tree,7,1.0098489759539127,1.0296589179145978,2023-05-20 07:00:00,2025-05-20 07:00:00,2025-05-20 07:00:00,731,1,-0.42290985504429074,0.42290985504429074,"{'max_depth': None, 'min_samples_leaf': 1, 'min_samples_split': 20}"
2025-05-20 07:00:00,ARX,7,1.0098489759539127,1.1447254687526465,2023-05-20 07:00:00,2025-05-20 07:00:00,2025-05-20 07:00:00,731,1,-0.3032104293734177,0.3032104293734177,{'model__alpha': 0.01}
2025-05-20 07:00:00,Random Forest,7,1.0098489759539127,1.1869517877171152,2023-05-20 07:00:00,2025-05-20 07:00:00,2025-05-20 07:00:00,731,1,-0.28640559026943707,0.28640559026943707,"{'max_depth': 10, 'max_features': 0.5, 'min_samples_leaf': 2, 'n_estimators': 100}"
2025-05-20 07:00:00,Neural Network,7,1.0098489759539127,1.43957461989485,2023-05-20 07:00:00,2025-05-20 07:00:00,2025-05-20 07:00:00,731,1,-0.35941423956503044,0.35941423956503044,"{'regressor__model__alpha': 0.0001, 'regressor__model__hidden_layer_sizes': (64, 32), 'regressor__model__learning_rate_init': 0.0001}"
2025-05-20 07:00:00,Naive,7,1.0098489759539127,1.1203892366468828,2023-05-20 07:00:00,2025-05-20 07:00:00,2025-05-20 07:00:00,731,1,,,not_applicable
2025-05-21 07:00:00,Decision Tree,7,0.7284119162916712,1.028493627211028,2023-05-21 07:00:00,2025-05-21 07:00:00,2025-05-21 07:00:00,731,1,-0.42290985504429074,0.42290985504429074,"{'max_depth': None, 'min_samples_leaf': 1, 'min_samples_split': 20}"
2025-05-21 07:00:00,ARX,7,0.7284119162916712,0.8182486917006448,2023-05-21 07:00:00,2025-05-21 07:00:00,2025-05-21 07:00:00,731,1,-0.3032104293734177,0.3032104293734177,{'model__alpha': 0.01}
2025-05-21 07:00:00,Random Forest,7,0.7284119162916712,0.9346906996480944,2023-05-21 07:00:00,2025-05-21 07:00:00,2025-05-21 07:00:00,731,1,-0.28640559026943707,0.28640559026943707,"{'max_depth': 10, 'max_features': 0.5, 'min_samples_leaf': 2, 'n_estimators': 100}"
2025-05-21 07:00:00,Neural Network,7,0.7284119162916712,0.7523797521578689,2023-05-21 07:00:00,2025-05-21 07:00:00,2025-05-21 07:00:00,731,1,-0.35941423956503044,0.35941423956503044,"{'regressor__model__alpha': 0.0001, 'regressor__model__hidden_layer_sizes': (64, 32), 'regressor__model__learning_rate_init': 0.0001}"
2025-05-21 07:00:00,Naive,7,0.7284119162916712,1.0098489759539127,2023-05-21 07:00:00,2025-05-21 07:00:00,2025-05-21 07:00:00,731,1,,,not_applicable
2025-05-22 07:00:00,Decision Tree,7,0.48473253352436685,0.09601008701594922,2023-05-22 07:00:00,2025-05-22 07:00:00,2025-05-22 07:00:00,731,1,-0.42290985504429074,0.42290985504429074,"{'max_depth': None, 'min_samples_leaf': 1, 'min_samples_split': 20}"
2025-05-22 07:00:00,ARX,7,0.48473253352436685,0.2916195835336602,2023-05-22 07:00:00,2025-05-22 07:00:00,2025-05-22 07:00:00,731,1,-0.3032104293734177,0.3032104293734177,{'model__alpha': 0.01}
2025-05-22 07:00:00,Random Forest,7,0.48473253352436685,0.43067292828969334,2023-05-22 07:00:00,2025-05-22 07:00:00,2025-05-22 07:00:00,731,1,-0.28640559026943707,0.28640559026943707,"{'max_depth': 10, 'max_features': 0.5, 'min_samples_leaf': 2, 'n_estimators': 100}"
2025-05-22 07:00:00,Neural Network,7,0.48473253352436685,-0.11633649381966647,2023-05-22 07:00:00,2025-05-22 07:00:00,2025-05-22 07:00:00,731,1,-0.35941423956503044,0.35941423956503044,"{'regressor__model__alpha': 0.0001, 'regressor__model__hidden_layer_sizes': (64, 32), 'regressor__model__learning_rate_init': 0.0001}"
2025-05-22 07:00:00,Naive,7,0.48473253352436685,0.7284119162916712,2023-05-22 07:00:00,2025-05-22 07:00:00,2025-05-22 07:00:00,731,1,,,not_applicable
2025-05-23 07:00:00,Decision Tree,7,1.0414350329278097,0.7536585496841959,2023-05-23 07:00:00,2025-05-23 07:00:00,2025-05-23 07:00:00,731,1,-0.42290985504429074,0.42290985504429074,"{'max_depth': None, 'min_samples_leaf': 1, 'min_samples_split': 20}"
2025-05-23 07:00:00,ARX,7,1.0414350329278097,0.5732400635543297,2023-05-23 07:00:00,2025-05-23 07:00:00,2025-05-23 07:00:00,731,1,-0.3032104293734177,0.3032104293734177,{'model__alpha': 0.01}
2025-05-23 07:00:00,Random Forest,7,1.0414350329278097,0.6123482671128962,2023-05-23 07:00:00,2025-05-23 07:00:00,2025-05-23 07:00:00,731,1,-0.28640559026943707,0.28640559026943707,"{'max_depth': 10, 'max_features': 0.5, 'min_samples_leaf': 2, 'n_estimators': 100}"
2025-05-23 07:00:00,Neural Network,7,1.0414350329278097,0.06886166826908004,2023-05-23 07:00:00,2025-05-23 07:00:00,2025-05-23 07:00:00,731,1,-0.35941423956503044,0.35941423956503044,"{'regressor__model__alpha': 0.0001, 'regressor__model__hidden_layer_sizes': (64, 32), 'regressor__model__learning_rate_init': 0.0001}"
2025-05-23 07:00:00,Naive,7,1.0414350329278097,0.48473253352436685,2023-05-23 07:00:00,2025-05-23 07:00:00,2025-05-23 07:00:00,731,1,,,not_applicable
2025-05-24 07:00:00,Decision Tree,7,-0.2933054873499675,0.1462887767017255,2023-05-24 07:00:00,2025-05-24 07:00:00,2025-05-24 07:00:00,731,1,-0.42290985504429074,0.42290985504429074,"{'max_depth': None, 'min_samples_leaf': 1, 'min_samples_split': 20}"
2025-05-24 07:00:00,ARX,7,-0.2933054873499675,0.18717058826976088,2023-05-24 07:00:00,2025-05-24 07:00:00,2025-05-24 07:00:00,731,1,-0.3032104293734177,0.3032104293734177,{'model__alpha': 0.01}
2025-05-24 07:00:00,Random Forest,7,-0.2933054873499675,0.0919279847529084,2023-05-24 07:00:00,2025-05-24 07:00:00,2025-05-24 07:00:00,731,1,-0.28640559026943707,0.28640559026943707,"{'max_depth': 10, 'max_features': 0.5, 'min_samples_leaf': 2, 'n_estimators': 100}"
2025-05-24 07:00:00,Neural Network,7,-0.2933054873499675,0.25109498575063904,2023-05-24 07:00:00,2025-05-24 07:00:00,2025-05-24 07:00:00,731,1,-0.35941423956503044,0.35941423956503044,"{'regressor__model__alpha': 0.0001, 'regressor__model__hidden_layer_sizes': (64, 32), 'regressor__model__learning_rate_init': 0.0001}"
2025-05-24 07:00:00,Naive,7,-0.2933054873499675,1.0414350329278097,2023-05-24 07:00:00,2025-05-24 07:00:00,2025-05-24 07:00:00,731,1,,,not_applicable
2025-05-25 07:00:00,Decision Tree,7,-1.601068231245611,0.12337245426463689,2023-05-25 07:00:00,2025-05-25 07:00:00,2025-05-25 07:00:00,731,1,-0.42290985504429074,0.42290985504429074,"{'max_depth': None, 'min_samples_leaf': 1, 'min_samples_split': 20}"
2025-05-25 07:00:00,ARX,7,-1.601068231245611,-0.5150887344586345,2023-05-25 07:00:00,2025-05-25 07:00:00,2025-05-25 07:00:00,731,1,-0.3032104293734177,0.3032104293734177,{'model__alpha': 0.01}
2025-05-25 07:00:00,Random Forest,7,-1.601068231245611,-0.5723777753599015,2023-05-25 07:00:00,2025-05-25 07:00:00,2025-05-25 07:00:00,731,1,-0.28640559026943707,0.28640559026943707,"{'max_depth': 10, 'max_features': 0.5, 'min_samples_leaf': 2, 'n_estimators': 100}"
2025-05-25 07:00:00,Neural Network,7,-1.601068231245611,-0.9561680962026425,2023-05-25 07:00:00,2025-05-25 07:00:00,2025-05-25 07:00:00,731,1,-0.35941423956503044,0.35941423956503044,"{'regressor__model__alpha': 0.0001, 'regressor__model__hidden_layer_sizes': (64, 32), 'regressor__model__learning_rate_init': 0.0001}"
2025-05-25 07:00:00,Naive,7,-1.601068231245611,-0.2933054873499675,2023-05-25 07:00:00,2025-05-25 07:00:00,2025-05-25 07:00:00,731,1,,,not_applicable
2025-05-26 07:00:00,Decision Tree,7,1.20905291445585,0.8624792394547619,2023-05-26 07:00:00,2025-05-26 07:00:00,2025-05-26 07:00:00,731,1,-0.42290985504429074,0.42290985504429074,"{'max_depth': None, 'min_samples_leaf': 1, 'min_samples_split': 20}"
2025-05-26 07:00:00,ARX,7,1.20905291445585,0.7457635024922429,2023-05-26 07:00:00,2025-05-26 07:00:00,2025-05-26 07:00:00,731,1,-0.3032104293734177,0.3032104293734177,{'model__alpha': 0.01}
2025-05-26 07:00:00,Random Forest,7,1.20905291445585,0.8102285252271534,2023-05-26 07:00:00,2025-05-26 07:00:00,2025-05-26 07:00:00,731,1,-0.28640559026943707,0.28640559026943707,"{'max_depth': 10, 'max_features': 0.5, 'min_samples_leaf': 2, 'n_estimators': 100}"
2025-05-26 07:00:00,Neural Network,7,1.20905291445585,0.7755908255589373,2023-05-26 07:00:00,2025-05-26 07:00:00,2025-05-26 07:00:00,731,1,-0.35941423956503044,0.35941423956503044,"{'regressor__model__alpha': 0.0001, 'regressor__model__hidden_layer_sizes': (64, 32), 'regressor__model__learning_rate_init': 0.0001}"
2025-05-26 07:00:00,Naive,7,1.20905291445585,-1.601068231245611,2023-05-26 07:00:00,2025-05-26 07:00:00,2025-05-26 07:00:00,731,1,,,not_applicable
2025-05-27 07:00:00,Decision Tree,7,-0.36908570261348694,0.8855841511215011,2023-05-27 07:00:00,2025-05-27 07:00:00,2025-05-27 07:00:00,731,1,-0.42290985504429074,0.42290985504429074,"{'max_depth': None, 'min_samples_leaf': 1, 'min_samples_split': 20}"
2025-05-27 07:00:00,ARX,7,-0.36908570261348694,0.3378005787584778,2023-05-27 07:00:00,2025-05-27 07:00:00,2025-05-27 07:00:00,731,1,-0.3032104293734177,0.3032104293734177,{'model__alpha': 0.01}
2025-05-27 07:00:00,Random Forest,7,-0.36908570261348694,0.44212087976964065,2023-05-27 07:00:00,2025-05-27 07:00:00,2025-05-27 07:00:00,731,1,-0.28640559026943707,0.28640559026943707,"{'max_depth': 10, 'max_features': 0.5, 'min_samples_leaf': 2, 'n_estimators': 100}"
2025-05-27 07:00:00,Neural Network,7,-0.36908570261348694,0.18301860562212385,2023-05-27 07:00:00,2025-05-27 07:00:00,2025-05-27 07:00:00,731,1,-0.35941423956503044,0.35941423956503044,"{'regressor__model__alpha': 0.0001, 'regressor__model__hidden_layer_sizes': (64, 32), 'regressor__model__learning_rate_init': 0.0001}"
2025-05-27 07:00:00,Naive,7,-0.36908570261348694,1.20905291445585,2023-05-27 07:00:00,2025-05-27 07:00:00,2025-05-27 07:00:00,731,1,,,not_applicable
2025-05-28 07:00:00,Decision Tree,7,0.3336918606940845,-0.38665780436619535,2023-05-28 07:00:00,2025-05-28 07:00:00,2025-05-28 07:00:00,731,1,-0.42290985504429074,0.42290985504429074,"{'max_depth': None, 'min_samples_leaf': 1, 'min_samples_split': 20}"
2025-05-28 07:00:00,ARX,7,0.3336918606940845,0.2621025135235576,2023-05-28 07:00:00,2025-05-28 07:00:00,2025-05-28 07:00:00,731,1,-0.3032104293734177,0.3032104293734177,{'model__alpha': 0.01}
2025-05-28 07:00:00,Random Forest,7,0.3336918606940845,-0.01863821572202796,2023-05-28 07:00:00,2025-05-28 07:00:00,2025-05-28 07:00:00,731,1,-0.28640559026943707,0.28640559026943707,"{'max_depth': 10, 'max_features': 0.5, 'min_samples_leaf': 2, 'n_estimators': 100}"
2025-05-28 07:00:00,Neural Network,7,0.3336918606940845,0.3556314024205215,2023-05-28 07:00:00,2025-05-28 07:00:00,2025-05-28 07:00:00,731,1,-0.35941423956503044,0.35941423956503044,"{'regressor__model__alpha': 0.0001, 'regressor__model__hidden_layer_sizes': (64, 32), 'regressor__model__learning_rate_init': 0.0001}"
2025-05-28 07:00:00,Naive,7,0.3336918606940845,-0.36908570261348694,2023-05-28 07:00:00,2025-05-28 07:00:00,2025-05-28 07:00:00,731,1,,,not_applicable
2025-05-29 07:00:00,Decision Tree,7,-0.03443819352074234,-0.4386741168741191,2023-05-29 07:00:00,2025-05-29 07:00:00,2025-05-29 07:00:00,731,1,-0.42290985504429074,0.42290985504429074,"{'max_depth': None, 'min_samples_leaf': 1, 'min_samples_split': 20}"
2025-05-29 07:00:00,ARX,7,-0.03443819352074234,0.1903524705914399,2023-05-29 07:00:00,2025-05-29 07:00:00,2025-05-29 07:00:00,731,1,-0.3032104293734177,0.3032104293734177,{'model__alpha': 0.01}
2025-05-29 07:00:00,Random Forest,7,-0.03443819352074234,-0.12346478600059017,2023-05-29 07:00:00,2025-05-29 07:00:00,2025-05-29 07:00:00,731,1,-0.28640559026943707,0.28640559026943707,"{'max_depth': 10, 'max_features': 0.5, 'min_samples_leaf': 2, 'n_estimators': 100}"
2025-05-29 07:00:00,Neural Network,7,-0.03443819352074234,-0.19128893617710224,2023-05-29 07:00:00,2025-05-29 07:00:00,2025-05-29 07:00:00,731,1,-0.35941423956503044,0.35941423956503044,"{'regressor__model__alpha': 0.0001, 'regressor__model__hidden_layer_sizes': (64, 32), 'regressor__model__learning_rate_init': 0.0001}"
2025-05-29 07:00:00,Naive,7,-0.03443819352074234,0.3336918606940845,2023-05-29 07:00:00,2025-05-29 07:00:00,2025-05-29 07:00:00,731,1,,,not_applicable
2025-05-30 07:00:00,Decision Tree,7,-0.5087448260523534,-0.3358764675997397,2023-05-30 07:00:00,2025-05-30 07:00:00,2025-05-30 07:00:00,731,1,-0.42290985504429074,0.42290985504429074,"{'max_depth': None, 'min_samples_leaf': 1, 'min_samples_split': 20}"
2025-05-30 07:00:00,ARX,7,-0.5087448260523534,-0.1917768826868147,2023-05-30 07:00:00,2025-05-30 07:00:00,2025-05-30 07:00:00,731,1,-0.3032104293734177,0.3032104293734177,{'model__alpha': 0.01}
2025-05-30 07:00:00,Random Forest,7,-0.5087448260523534,-0.01752881909674972,2023-05-30 07:00:00,2025-05-30 07:00:00,2025-05-30 07:00:00,731,1,-0.28640559026943707,0.28640559026943707,"{'max_depth': 10, 'max_features': 0.5, 'min_samples_leaf': 2, 'n_estimators': 100}"
2025-05-30 07:00:00,Neural Network,7,-0.5087448260523534,0.21115602046494675,2023-05-30 07:00:00,2025-05-30 07:00:00,2025-05-30 07:00:00,731,1,-0.35941423956503044,0.35941423956503044,"{'regressor__model__alpha': 0.0001, 'regressor__model__hidden_layer_sizes': (64, 32), 'regressor__model__learning_rate_init': 0.0001}"
2025-05-30 07:00:00,Naive,7,-0.5087448260523534,-0.03443819352074234,2023-05-30 07:00:00,2025-05-30 07:00:00,2025-05-30 07:00:00,731,1,,,not_applicable
2025-05-31 07:00:00,Decision Tree,7,-0.08482599261159489,0.8418043540091322,2023-05-31 07:00:00,2025-05-31 07:00:00,2025-05-31 07:00:00,731,1,-0.42290985504429074,0.42290985504429074,"{'max_depth': None, 'min_samples_leaf': 1, 'min_samples_split': 20}"
2025-05-31 07:00:00,ARX,7,-0.08482599261159489,0.26698684960710634,2023-05-31 07:00:00,2025-05-31 07:00:00,2025-05-31 07:00:00,731,1,-0.3032104293734177,0.3032104293734177,{'model__alpha': 0.01}
2025-05-31 07:00:00,Random Forest,7,-0.08482599261159489,0.09392040977050028,2023-05-31 07:00:00,2025-05-31 07:00:00,2025-05-31 07:00:00,731,1,-0.28640559026943707,0.28640559026943707,"{'max_depth': 10, 'max_features': 0.5, 'min_samples_leaf': 2, 'n_estimators': 100}"
2025-05-31 07:00:00,Neural Network,7,-0.08482599261159489,0.861133039059033,2023-05-31 07:00:00,2025-05-31 07:00:00,2025-05-31 07:00:00,731,1,-0.35941423956503044,0.35941423956503044,"{'regressor__model__alpha': 0.0001, 'regressor__model__hidden_layer_sizes': (64, 32), 'regressor__model__learning_rate_init': 0.0001}"
2025-05-31 07:00:00,Naive,7,-0.08482599261159489,-0.5087448260523534,2023-05-31 07:00:00,2025-05-31 07:00:00,2025-05-31 07:00:00,731,1,,,not_applicable
2025-06-01 07:00:00,Decision Tree,7,-1.463377567525337,-0.3821435045893846,2023-06-01 07:00:00,2025-06-01 07:00:00,2025-06-01 07:00:00,731,1,-0.42290985504429074,0.42290985504429074,"{'max_depth': None, 'min_samples_leaf': 1, 'min_samples_split': 20}"
2025-06-01 07:00:00,ARX,7,-1.463377567525337,-0.2601629111598063,2023-06-01 07:00:00,2025-06-01 07:00:00,2025-06-01 07:00:00,731,1,-0.3032104293734177,0.3032104293734177,{'model__alpha': 0.01}
2025-06-01 07:00:00,Random Forest,7,-1.463377567525337,-0.23395002112966803,2023-06-01 07:00:00,2025-06-01 07:00:00,2025-06-01 07:00:00,731,1,-0.28640559026943707,0.28640559026943707,"{'max_depth': 10, 'max_features': 0.5, 'min_samples_leaf': 2, 'n_estimators': 100}"
2025-06-01 07:00:00,Neural Network,7,-1.463377567525337,-0.24001702530232608,2023-06-01 07:00:00,2025-06-01 07:00:00,2025-06-01 07:00:00,731,1,-0.35941423956503044,0.35941423956503044,"{'regressor__model__alpha': 0.0001, 'regressor__model__hidden_layer_sizes': (64, 32), 'regressor__model__learning_rate_init': 0.0001}"
2025-06-01 07:00:00,Naive,7,-1.463377567525337,-0.08482599261159489,2023-06-01 07:00:00,2025-06-01 07:00:00,2025-06-01 07:00:00,731,1,,,not_applicable
2025-06-02 07:00:00,Decision Tree,7,0.7524585609195731,0.7741093457432606,2023-06-02 07:00:00,2025-06-02 07:00:00,2025-06-02 07:00:00,731,1,-0.42290985504429074,0.42290985504429074,"{'max_depth': None, 'min_samples_leaf': 1, 'min_samples_split': 20}"
2025-06-02 07:00:00,ARX,7,0.7524585609195731,0.6545130217666406,2023-06-02 07:00:00,2025-06-02 07:00:00,2025-06-02 07:00:00,731,1,-0.3032104293734177,0.3032104293734177,{'model__alpha': 0.01}
2025-06-02 07:00:00,Random Forest,7,0.7524585609195731,0.7387326153239342,2023-06-02 07:00:00,2025-06-02 07:00:00,2025-06-02 07:00:00,731,1,-0.28640559026943707,0.28640559026943707,"{'max_depth': 10, 'max_features': 0.5, 'min_samples_leaf': 2, 'n_estimators': 100}"
2025-06-02 07:00:00,Neural Network,7,0.7524585609195731,0.7753541897491903,2023-06-02 07:00:00,2025-06-02 07:00:00,2025-06-02 07:00:00,731,1,-0.35941423956503044,0.35941423956503044,"{'regressor__model__alpha': 0.0001, 'regressor__model__hidden_layer_sizes': (64, 32), 'regressor__model__learning_rate_init': 0.0001}"
2025-06-02 07:00:00,Naive,7,0.7524585609195731,-1.463377567525337,2023-06-02 07:00:00,2025-06-02 07:00:00,2025-06-02 07:00:00,731,1,,,not_applicable
2025-06-03 07:00:00,Decision Tree,7,0.7290028816842338,0.4584101389850503,2023-06-03 07:00:00,2025-06-03 07:00:00,2025-06-03 07:00:00,731,1,-0.42290985504429074,0.42290985504429074,"{'max_depth': None, 'min_samples_leaf': 1, 'min_samples_split': 20}"
2025-06-03 07:00:00,ARX,7,0.7290028816842338,0.6208085634918505,2023-06-03 07:00:00,2025-06-03 07:00:00,2025-06-03 07:00:00,731,1,-0.3032104293734177,0.3032104293734177,{'model__alpha': 0.01}
2025-06-03 07:00:00,Random Forest,7,0.7290028816842338,0.659097512857559,2023-06-03 07:00:00,2025-06-03 07:00:00,2025-06-03 07:00:00,731,1,-0.28640559026943707,0.28640559026943707,"{'max_depth': 10, 'max_features': 0.5, 'min_samples_leaf': 2, 'n_estimators': 100}"
2025-06-03 07:00:00,Neural Network,7,0.7290028816842338,0.9877934693407298,2023-06-03 07:00:00,2025-06-03 07:00:00,2025-06-03 07:00:00,731,1,-0.35941423956503044,0.35941423956503044,"{'regressor__model__alpha': 0.0001, 'regressor__model__hidden_layer_sizes': (64, 32), 'regressor__model__learning_rate_init': 0.0001}"
2025-06-03 07:00:00,Naive,7,0.7290028816842338,0.7524585609195731,2023-06-03 07:00:00,2025-06-03 07:00:00,2025-06-03 07:00:00,731,1,,,not_applicable
2025-06-04 07:00:00,Decision Tree,7,0.6594952315338033,0.7585300737799531,2023-06-04 07:00:00,2025-06-04 07:00:00,2025-06-04 07:00:00,731,1,-0.42290985504429074,0.42290985504429074,"{'max_depth': None, 'min_samples_leaf': 1, 'min_samples_split': 20}"
2025-06-04 07:00:00,ARX,7,0.6594952315338033,0.3591078926318779,2023-06-04 07:00:00,2025-06-04 07:00:00,2025-06-04 07:00:00,731,1,-0.3032104293734177,0.3032104293734177,{'model__alpha': 0.01}
2025-06-04 07:00:00,Random Forest,7,0.6594952315338033,0.27768977777702886,2023-06-04 07:00:00,2025-06-04 07:00:00,2025-06-04 07:00:00,731,1,-0.28640559026943707,0.28640559026943707,"{'max_depth': 10, 'max_features': 0.5, 'min_samples_leaf': 2, 'n_estimators': 100}"
2025-06-04 07:00:00,Neural Network,7,0.6594952315338033,-0.14695924280163844,2023-06-04 07:00:00,2025-06-04 07:00:00,2025-06-04 07:00:00,731,1,-0.35941423956503044,0.35941423956503044,"{'regressor__model__alpha': 0.0001, 'regressor__model__hidden_layer_sizes': (64, 32), 'regressor__model__learning_rate_init': 0.0001}"
2025-06-04 07:00:00,Naive,7,0.6594952315338033,0.7290028816842338,2023-06-04 07:00:00,2025-06-04 07:00:00,2025-06-04 07:00:00,731,1,,,not_applicable
2025-06-05 07:00:00,Decision Tree,7,0.96734201696116,0.128113546564348,2023-06-05 07:00:00,2025-06-05 07:00:00,2025-06-05 07:00:00,731,1,-0.42290985504429074,0.42290985504429074,"{'max_depth': None, 'min_samples_leaf': 1, 'min_samples_split': 20}"
2025-06-05 07:00:00,ARX,7,0.96734201696116,0.5640692492755015,2023-06-05 07:00:00,2025-06-05 07:00:00,2025-06-05 07:00:00,731,1,-0.3032104293734177,0.3032104293734177,{'model__alpha': 0.01}
2025-06-05 07:00:00,Random Forest,7,0.96734201696116,0.4426117641211762,2023-06-05 07:00:00,2025-06-05 07:00:00,2025-06-05 07:00:00,731,1,-0.28640559026943707,0.28640559026943707,"{'max_depth': 10, 'max_features': 0.5, 'min_samples_leaf': 2, 'n_estimators': 100}"
2025-06-05 07:00:00,Neural Network,7,0.96734201696116,0.4326654825934023,2023-06-05 07:00:00,2025-06-05 07:00:00,2025-06-05 07:00:00,731,1,-0.35941423956503044,0.35941423956503044,"{'regressor__model__alpha': 0.0001, 'regressor__model__hidden_layer_sizes': (64, 32), 'regressor__model__learning_rate_init': 0.0001}"
2025-06-05 07:00:00,Naive,7,0.96734201696116,0.6594952315338033,2023-06-05 07:00:00,2025-06-05 07:00:00,2025-06-05 07:00:00,731,1,,,not_applicable
2025-06-06 07:00:00,Decision Tree,7,-0.35716137298190226,-0.0010723196200106422,2023-06-06 07:00:00,2025-06-06 07:00:00,2025-06-06 07:00:00,731,1,-0.42290985504429074,0.42290985504429074,"{'max_depth': None, 'min_samples_leaf': 1, 'min_samples_split': 20}"
2025-06-06 07:00:00,ARX,7,-0.35716137298190226,-0.0794015292563029,2023-06-06 07:00:00,2025-06-06 07:00:00,2025-06-06 07:00:00,731,1,-0.3032104293734177,0.3032104293734177,{'model__alpha': 0.01}
2025-06-06 07:00:00,Random Forest,7,-0.35716137298190226,0.2970017593556574,2023-06-06 07:00:00,2025-06-06 07:00:00,2025-06-06 07:00:00,731,1,-0.28640559026943707,0.28640559026943707,"{'max_depth': 10, 'max_features': 0.5, 'min_samples_leaf': 2, 'n_estimators': 100}"
2025-06-06 07:00:00,Neural Network,7,-0.35716137298190226,-0.43945245507396413,2023-06-06 07:00:00,2025-06-06 07:00:00,2025-06-06 07:00:00,731,1,-0.35941423956503044,0.35941423956503044,"{'regressor__model__alpha': 0.0001, 'regressor__model__hidden_layer_sizes': (64, 32), 'regressor__model__learning_rate_init': 0.0001}"
2025-06-06 07:00:00,Naive,7,-0.35716137298190226,0.96734201696116,2023-06-06 07:00:00,2025-06-06 07:00:00,2025-06-06 07:00:00,731,1,,,not_applicable
2025-06-07 07:00:00,Decision Tree,7,-0.02697635836984124,-0.0028106916322815957,2023-06-07 07:00:00,2025-06-07 07:00:00,2025-06-07 07:00:00,731,1,-0.42290985504429074,0.42290985504429074,"{'max_depth': None, 'min_samples_leaf': 1, 'min_samples_split': 20}"
2025-06-07 07:00:00,ARX,7,-0.02697635836984124,0.007162171363266273,2023-06-07 07:00:00,2025-06-07 07:00:00,2025-06-07 07:00:00,731,1,-0.3032104293734177,0.3032104293734177,{'model__alpha': 0.01}
2025-06-07 07:00:00,Random Forest,7,-0.02697635836984124,-0.09422494020943457,2023-06-07 07:00:00,2025-06-07 07:00:00,2025-06-07 07:00:00,731,1,-0.28640559026943707,0.28640559026943707,"{'max_depth': 10, 'max_features': 0.5, 'min_samples_leaf': 2, 'n_estimators': 100}"
2025-06-07 07:00:00,Neural Network,7,-0.02697635836984124,-0.1600655139522668,2023-06-07 07:00:00,2025-06-07 07:00:00,2025-06-07 07:00:00,731,1,-0.35941423956503044,0.35941423956503044,"{'regressor__model__alpha': 0.0001, 'regressor__model__hidden_layer_sizes': (64, 32), 'regressor__model__learning_rate_init': 0.0001}"
2025-06-07 07:00:00,Naive,7,-0.02697635836984124,-0.35716137298190226,2023-06-07 07:00:00,2025-06-07 07:00:00,2025-06-07 07:00:00,731,1,,,not_applicable
2025-06-08 07:00:00,Decision Tree,7,-1.565519617311195,-0.41839142943012797,2023-06-08 07:00:00,2025-06-08 07:00:00,2025-06-08 07:00:00,731,1,-0.42290985504429074,0.42290985504429074,"{'max_depth': None, 'min_samples_leaf': 1, 'min_samples_split': 20}"
2025-06-08 07:00:00,ARX,7,-1.565519617311195,-0.9210767918144366,2023-06-08 07:00:00,2025-06-08 07:00:00,2025-06-08 07:00:00,731,1,-0.3032104293734177,0.3032104293734177,{'model__alpha': 0.01}
2025-06-08 07:00:00,Random Forest,7,-1.565519617311195,-0.8338650768721604,2023-06-08 07:00:00,2025-06-08 07:00:00,2025-06-08 07:00:00,731,1,-0.28640559026943707,0.28640559026943707,"{'max_depth': 10, 'max_features': 0.5, 'min_samples_leaf': 2, 'n_estimators': 100}"
2025-06-08 07:00:00,Neural Network,7,-1.565519617311195,-1.3591112889619197,2023-06-08 07:00:00,2025-06-08 07:00:00,2025-06-08 07:00:00,731,1,-0.35941423956503044,0.35941423956503044,"{'regressor__model__alpha': 0.0001, 'regressor__model__hidden_layer_sizes': (64, 32), 'regressor__model__learning_rate_init': 0.0001}"
2025-06-08 07:00:00,Naive,7,-1.565519617311195,-0.02697635836984124,2023-06-08 07:00:00,2025-06-08 07:00:00,2025-06-08 07:00:00,731,1,,,not_applicable
2025-06-09 07:00:00,Decision Tree,7,-1.0742523478917674,-1.2616981436717127,2023-06-09 07:00:00,2025-06-09 07:00:00,2025-06-09 07:00:00,731,1,-0.42290985504429074,0.42290985504429074,"{'max_depth': None, 'min_samples_leaf': 1, 'min_samples_split': 20}"
2025-06-09 07:00:00,ARX,7,-1.0742523478917674,-0.6234512225137897,2023-06-09 07:00:00,2025-06-09 07:00:00,2025-06-09 07:00:00,731,1,-0.3032104293734177,0.3032104293734177,{'model__alpha': 0.01}
2025-06-09 07:00:00,Random Forest,7,-1.0742523478917674,-0.5779010439207104,2023-06-09 07:00:00,2025-06-09 07:00:00,2025-06-09 07:00:00,731,1,-0.28640559026943707,0.28640559026943707,"{'max_depth': 10, 'max_features': 0.5, 'min_samples_leaf': 2, 'n_estimators': 100}"
2025-06-09 07:00:00,Neural Network,7,-1.0742523478917674,-0.4538854384640653,2023-06-09 07:00:00,2025-06-09 07:00:00,2025-06-09 07:00:00,731,1,-0.35941423956503044,0.35941423956503044,"{'regressor__model__alpha': 0.0001, 'regressor__model__hidden_layer_sizes': (64, 32), 'regressor__model__learning_rate_init': 0.0001}"
2025-06-09 07:00:00,Naive,7,-1.0742523478917674,-1.565519617311195,2023-06-09 07:00:00,2025-06-09 07:00:00,2025-06-09 07:00:00,731,1,,,not_applicable
2025-06-10 07:00:00,Decision Tree,7,-0.13083761506011313,0.005854639361255545,2023-06-10 07:00:00,2025-06-10 07:00:00,2025-06-10 07:00:00,731,1,-0.42290985504429074,0.42290985504429074,"{'max_depth': None, 'min_samples_leaf': 1, 'min_samples_split': 20}"
2025-06-10 07:00:00,ARX,7,-0.13083761506011313,0.4800532622534779,2023-06-10 07:00:00,2025-06-10 07:00:00,2025-06-10 07:00:00,731,1,-0.3032104293734177,0.3032104293734177,{'model__alpha': 0.01}
2025-06-10 07:00:00,Random Forest,7,-0.13083761506011313,0.42657274337607165,2023-06-10 07:00:00,2025-06-10 07:00:00,2025-06-10 07:00:00,731,1,-0.28640559026943707,0.28640559026943707,"{'max_depth': 10, 'max_features': 0.5, 'min_samples_leaf': 2, 'n_estimators': 100}"
2025-06-10 07:00:00,Neural Network,7,-0.13083761506011313,0.9009754655769122,2023-06-10 07:00:00,2025-06-10 07:00:00,2025-06-10 07:00:00,731,1,-0.35941423956503044,0.35941423956503044,"{'regressor__model__alpha': 0.0001, 'regressor__model__hidden_layer_sizes': (64, 32), 'regressor__model__learning_rate_init': 0.0001}"
2025-06-10 07:00:00,Naive,7,-0.13083761506011313,-1.0742523478917674,2023-06-10 07:00:00,2025-06-10 07:00:00,2025-06-10 07:00:00,731,1,,,not_applicable
2025-06-11 07:00:00,Decision Tree,7,0.5233019316634349,0.9765867297209415,2023-06-11 07:00:00,2025-06-11 07:00:00,2025-06-11 07:00:00,731,1,-0.42290985504429074,0.42290985504429074,"{'max_depth': None, 'min_samples_leaf': 1, 'min_samples_split': 20}"
2025-06-11 07:00:00,ARX,7,0.5233019316634349,0.20514306195263177,2023-06-11 07:00:00,2025-06-11 07:00:00,2025-06-11 07:00:00,731,1,-0.3032104293734177,0.3032104293734177,{'model__alpha': 0.01}
2025-06-11 07:00:00,Random Forest,7,0.5233019316634349,0.5447031475374693,2023-06-11 07:00:00,2025-06-11 07:00:00,2025-06-11 07:00:00,731,1,-0.28640559026943707,0.28640559026943707,"{'max_depth': 10, 'max_features': 0.5, 'min_samples_leaf': 2, 'n_estimators': 100}"
2025-06-11 07:00:00,Neural Network,7,0.5233019316634349,-0.04234380707940352,2023-06-11 07:00:00,2025-06-11 07:00:00,2025-06-11 07:00:00,731,1,-0.35941423956503044,0.35941423956503044,"{'regressor__model__alpha': 0.0001, 'regressor__model__hidden_layer_sizes': (64, 32), 'regressor__model__learning_rate_init': 0.0001}"
2025-06-11 07:00:00,Naive,7,0.5233019316634349,-0.13083761506011313,2023-06-11 07:00:00,2025-06-11 07:00:00,2025-06-11 07:00:00,731,1,,,not_applicable
2025-06-12 07:00:00,Decision Tree,7,0.4387875788037068,0.12539323943951636,2023-06-12 07:00:00,2025-06-12 07:00:00,2025-06-12 07:00:00,731,1,-0.42290985504429074,0.42290985504429074,"{'max_depth': None, 'min_samples_leaf': 1, 'min_samples_split': 20}"
2025-06-12 07:00:00,ARX,7,0.4387875788037068,0.5178847718750109,2023-06-12 07:00:00,2025-06-12 07:00:00,2025-06-12 07:00:00,731,1,-0.3032104293734177,0.3032104293734177,{'model__alpha': 0.01}
2025-06-12 07:00:00,Random Forest,7,0.4387875788037068,0.6365649849665627,2023-06-12 07:00:00,2025-06-12 07:00:00,2025-06-12 07:00:00,731,1,-0.28640559026943707,0.28640559026943707,"{'max_depth': 10, 'max_features': 0.5, 'min_samples_leaf': 2, 'n_estimators': 100}"
2025-06-12 07:00:00,Neural Network,7,0.4387875788037068,0.6409942420730408,2023-06-12 07:00:00,2025-06-12 07:00:00,2025-06-12 07:00:00,731,1,-0.35941423956503044,0.35941423956503044,"{'regressor__model__alpha': 0.0001, 'regressor__model__hidden_layer_sizes': (64, 32), 'regressor__model__learning_rate_init': 0.0001}"
2025-06-12 07:00:00,Naive,7,0.4387875788037068,0.5233019316634349,2023-06-12 07:00:00,2025-06-12 07:00:00,2025-06-12 07:00:00,731,1,,,not_applicable
2025-06-13 07:00:00,Decision Tree,7,-0.008803480536269616,-0.007814586080881316,2023-06-13 07:00:00,2025-06-13 07:00:00,2025-06-13 07:00:00,731,1,-0.42290985504429074,0.42290985504429074,"{'max_depth': None, 'min_samples_leaf': 1, 'min_samples_split': 20}"
2025-06-13 07:00:00,ARX,7,-0.008803480536269616,-0.14151880465631683,2023-06-13 07:00:00,2025-06-13 07:00:00,2025-06-13 07:00:00,731,1,-0.3032104293734177,0.3032104293734177,{'model__alpha': 0.01}
2025-06-13 07:00:00,Random Forest,7,-0.008803480536269616,0.09770679196676198,2023-06-13 07:00:00,2025-06-13 07:00:00,2025-06-13 07:00:00,731,1,-0.28640559026943707,0.28640559026943707,"{'max_depth': 10, 'max_features': 0.5, 'min_samples_leaf': 2, 'n_estimators': 100}"
2025-06-13 07:00:00,Neural Network,7,-0.008803480536269616,0.18580320821683372,2023-06-13 07:00:00,2025-06-13 07:00:00,2025-06-13 07:00:00,731,1,-0.35941423956503044,0.35941423956503044,"{'regressor__model__alpha': 0.0001, 'regressor__model__hidden_layer_sizes': (64, 32), 'regressor__model__learning_rate_init': 0.0001}"
2025-06-13 07:00:00,Naive,7,-0.008803480536269616,0.4387875788037068,2023-06-13 07:00:00,2025-06-13 07:00:00,2025-06-13 07:00:00,731,1,,,not_applicable
2025-06-14 07:00:00,Decision Tree,7,-1.359468554001382,-0.24310399874516644,2023-06-14 07:00:00,2025-06-14 07:00:00,2025-06-14 07:00:00,731,1,-0.42290985504429074,0.42290985504429074,"{'max_depth': None, 'min_samples_leaf': 1, 'min_samples_split': 20}"
2025-06-14 07:00:00,ARX,7,-1.359468554001382,-0.5759066357948729,2023-06-14 07:00:00,2025-06-14 07:00:00,2025-06-14 07:00:00,731,1,-0.3032104293734177,0.3032104293734177,{'model__alpha': 0.01}
2025-06-14 07:00:00,Random Forest,7,-1.359468554001382,-0.5043139048383589,2023-06-14 07:00:00,2025-06-14 07:00:00,2025-06-14 07:00:00,731,1,-0.28640559026943707,0.28640559026943707,"{'max_depth': 10, 'max_features': 0.5, 'min_samples_leaf': 2, 'n_estimators': 100}"
2025-06-14 07:00:00,Neural Network,7,-1.359468554001382,-0.7245397092811543,2023-06-14 07:00:00,2025-06-14 07:00:00,2025-06-14 07:00:00,731,1,-0.35941423956503044,0.35941423956503044,"{'regressor__model__alpha': 0.0001, 'regressor__model__hidden_layer_sizes': (64, 32), 'regressor__model__learning_rate_init': 0.0001}"
2025-06-14 07:00:00,Naive,7,-1.359468554001382,-0.008803480536269616,2023-06-14 07:00:00,2025-06-14 07:00:00,2025-06-14 07:00:00,731,1,,,not_applicable
2025-06-15 07:00:00,Decision Tree,7,-0.5452006899266432,0.044436704755281616,2023-06-15 07:00:00,2025-06-15 07:00:00,2025-06-15 07:00:00,731,1,-0.42290985504429074,0.42290985504429074,"{'max_depth': None, 'min_samples_leaf': 1, 'min_samples_split': 20}"
2025-06-15 07:00:00,ARX,7,-0.5452006899266432,-0.04636057780012767,2023-06-15 07:00:00,2025-06-15 07:00:00,2025-06-15 07:00:00,731,1,-0.3032104293734177,0.3032104293734177,{'model__alpha': 0.01}
2025-06-15 07:00:00,Random Forest,7,-0.5452006899266432,-0.4868205143888569,2023-06-15 07:00:00,2025-06-15 07:00:00,2025-06-15 07:00:00,731,1,-0.28640559026943707,0.28640559026943707,"{'max_depth': 10, 'max_features': 0.5, 'min_samples_leaf': 2, 'n_estimators': 100}"
2025-06-15 07:00:00,Neural Network,7,-0.5452006899266432,-0.6081379742086398,2023-06-15 07:00:00,2025-06-15 07:00:00,2025-06-15 07:00:00,731,1,-0.35941423956503044,0.35941423956503044,"{'regressor__model__alpha': 0.0001, 'regressor__model__hidden_layer_sizes': (64, 32), 'regressor__model__learning_rate_init': 0.0001}"
2025-06-15 07:00:00,Naive,7,-0.5452006899266432,-1.359468554001382,2023-06-15 07:00:00,2025-06-15 07:00:00,2025-06-15 07:00:00,731,1,,,not_applicable
2025-06-16 07:00:00,Decision Tree,7,0.8655849743951576,0.9600108401751922,2023-06-16 07:00:00,2025-06-16 07:00:00,2025-06-16 07:00:00,731,1,-0.42290985504429074,0.42290985504429074,"{'max_depth': None, 'min_samples_leaf': 1, 'min_samples_split': 20}"
2025-06-16 07:00:00,ARX,7,0.8655849743951576,0.2926674006898075,2023-06-16 07:00:00,2025-06-16 07:00:00,2025-06-16 07:00:00,731,1,-0.3032104293734177,0.3032104293734177,{'model__alpha': 0.01}
2025-06-16 07:00:00,Random Forest,7,0.8655849743951576,0.5434002686946172,2023-06-16 07:00:00,2025-06-16 07:00:00,2025-06-16 07:00:00,731,1,-0.28640559026943707,0.28640559026943707,"{'max_depth': 10, 'max_features': 0.5, 'min_samples_leaf': 2, 'n_estimators': 100}"
2025-06-16 07:00:00,Neural Network,7,0.8655849743951576,0.24891255374365132,2023-06-16 07:00:00,2025-06-16 07:00:00,2025-06-16 07:00:00,731,1,-0.35941423956503044,0.35941423956503044,"{'regressor__model__alpha': 0.0001, 'regressor__model__hidden_layer_sizes': (64, 32), 'regressor__model__learning_rate_init': 0.0001}"
2025-06-16 07:00:00,Naive,7,0.8655849743951576,-0.5452006899266432,2023-06-16 07:00:00,2025-06-16 07:00:00,2025-06-16 07:00:00,731,1,,,not_applicable
2025-06-17 07:00:00,Decision Tree,7,0.5103350237910134,0.49107086871050165,2023-06-17 07:00:00,2025-06-17 07:00:00,2025-06-17 07:00:00,731,1,-0.42290985504429074,0.42290985504429074,"{'max_depth': None, 'min_samples_leaf': 1, 'min_samples_split': 20}"
2025-06-17 07:00:00,ARX,7,0.5103350237910134,0.725951023757061,2023-06-17 07:00:00,2025-06-17 07:00:00,2025-06-17 07:00:00,731,1,-0.3032104293734177,0.3032104293734177,{'model__alpha': 0.01}
2025-06-17 07:00:00,Random Forest,7,0.5103350237910134,0.6820332861270308,2023-06-17 07:00:00,2025-06-17 07:00:00,2025-06-17 07:00:00,731,1,-0.28640559026943707,0.28640559026943707,"{'max_depth': 10, 'max_features': 0.5, 'min_samples_leaf': 2, 'n_estimators': 100}"
2025-06-17 07:00:00,Neural Network,7,0.5103350237910134,0.9462340547908372,2023-06-17 07:00:00,2025-06-17 07:00:00,2025-06-17 07:00:00,731,1,-0.35941423956503044,0.35941423956503044,"{'regressor__model__alpha': 0.0001, 'regressor__model__hidden_layer_sizes': (64, 32), 'regressor__model__learning_rate_init': 0.0001}"
2025-06-17 07:00:00,Naive,7,0.5103350237910134,0.8655849743951576,2023-06-17 07:00:00,2025-06-17 07:00:00,2025-06-17 07:00:00,731,1,,,not_applicable
2025-06-18 07:00:00,Decision Tree,7,0.6899515002429851,0.4920847716094759,2023-06-18 07:00:00,2025-06-18 07:00:00,2025-06-18 07:00:00,731,1,-0.42290985504429074,0.42290985504429074,"{'max_depth': None, 'min_samples_leaf': 1, 'min_samples_split': 20}"
2025-06-18 07:00:00,ARX,7,0.6899515002429851,0.9358069247263681,2023-06-18 07:00:00,2025-06-18 07:00:00,2025-06-18 07:00:00,731,1,-0.3032104293734177,0.3032104293734177,{'model__alpha': 0.01}
2025-06-18 07:00:00,Random Forest,7,0.6899515002429851,0.8644786080593972,2023-06-18 07:00:00,2025-06-18 07:00:00,2025-06-18 07:00:00,731,1,-0.28640559026943707,0.28640559026943707,"{'max_depth': 10, 'max_features': 0.5, 'min_samples_leaf': 2, 'n_estimators': 100}"
2025-06-18 07:00:00,Neural Network,7,0.6899515002429851,1.2260635299730607,2023-06-18 07:00:00,2025-06-18 07:00:00,2025-06-18 07:00:00,731,1,-0.35941423956503044,0.35941423956503044,"{'regressor__model__alpha': 0.0001, 'regressor__model__hidden_layer_sizes': (64, 32), 'regressor__model__learning_rate_init': 0.0001}"
2025-06-18 07:00:00,Naive,7,0.6899515002429851,0.5103350237910134,2023-06-18 07:00:00,2025-06-18 07:00:00,2025-06-18 07:00:00,731,1,,,not_applicable
2025-06-19 07:00:00,Decision Tree,7,0.053053776155059545,0.12539323943951639,2023-06-19 07:00:00,2025-06-19 07:00:00,2025-06-19 07:00:00,731,1,-0.42290985504429074,0.42290985504429074,"{'max_depth': None, 'min_samples_leaf': 1, 'min_samples_split': 20}"
2025-06-19 07:00:00,ARX,7,0.053053776155059545,0.3980299190077754,2023-06-19 07:00:00,2025-06-19 07:00:00,2025-06-19 07:00:00,731,1,-0.3032104293734177,0.3032104293734177,{'model__alpha': 0.01}
2025-06-19 07:00:00,Random Forest,7,0.053053776155059545,0.19496804272557,2023-06-19 07:00:00,2025-06-19 07:00:00,2025-06-19 07:00:00,731,1,-0.28640559026943707,0.28640559026943707,"{'max_depth': 10, 'max_features': 0.5, 'min_samples_leaf': 2, 'n_estimators': 100}"
2025-06-19 07:00:00,Neural Network,7,0.053053776155059545,0.5243078749728546,2023-06-19 07:00:00,2025-06-19 07:00:00,2025-06-19 07:00:00,731,1,-0.35941423956503044,0.35941423956503044,"{'regressor__model__alpha': 0.0001, 'regressor__model__hidden_layer_sizes': (64, 32), 'regressor__model__learning_rate_init': 0.0001}"
2025-06-19 07:00:00,Naive,7,0.053053776155059545,0.6899515002429851,2023-06-19 07:00:00,2025-06-19 07:00:00,2025-06-19 07:00:00,731,1,,,not_applicable
2025-06-20 07:00:00,Decision Tree,7,0.7698721296805261,0.5252189995731412,2023-06-20 07:00:00,2025-06-20 07:00:00,2025-06-20 07:00:00,731,1,-0.42290985504429074,0.42290985504429074,"{'max_depth': None, 'min_samples_leaf': 1, 'min_samples_split': 20}"
2025-06-20 07:00:00,ARX,7,0.7698721296805261,0.570113622718079,2023-06-20 07:00:00,2025-06-20 07:00:00,2025-06-20 07:00:00,731,1,-0.3032104293734177,0.3032104293734177,{'model__alpha': 0.01}
2025-06-20 07:00:00,Random Forest,7,0.7698721296805261,0.47990838652327644,2023-06-20 07:00:00,2025-06-20 07:00:00,2025-06-20 07:00:00,731,1,-0.28640559026943707,0.28640559026943707,"{'max_depth': 10, 'max_features': 0.5, 'min_samples_leaf': 2, 'n_estimators': 100}"
2025-06-20 07:00:00,Neural Network,7,0.7698721296805261,0.5963761626577171,2023-06-20 07:00:00,2025-06-20 07:00:00,2025-06-20 07:00:00,731,1,-0.35941423956503044,0.35941423956503044,"{'regressor__model__alpha': 0.0001, 'regressor__model__hidden_layer_sizes': (64, 32), 'regressor__model__learning_rate_init': 0.0001}"
2025-06-20 07:00:00,Naive,7,0.7698721296805261,0.053053776155059545,2023-06-20 07:00:00,2025-06-20 07:00:00,2025-06-20 07:00:00,731,1,,,not_applicable
2025-06-21 07:00:00,Decision Tree,7,0.09528599579012,0.6864489004491635,2023-06-21 07:00:00,2025-06-21 07:00:00,2025-06-21 07:00:00,731,1,-0.42290985504429074,0.42290985504429074,"{'max_depth': None, 'min_samples_leaf': 1, 'min_samples_split': 20}"
2025-06-21 07:00:00,ARX,7,0.09528599579012,0.12657736358365632,2023-06-21 07:00:00,2025-06-21 07:00:00,2025-06-21 07:00:00,731,1,-0.3032104293734177,0.3032104293734177,{'model__alpha': 0.01}
2025-06-21 07:00:00,Random Forest,7,0.09528599579012,-0.008669589458372188,2023-06-21 07:00:00,2025-06-21 07:00:00,2025-06-21 07:00:00,731,1,-0.28640559026943707,0.28640559026943707,"{'max_depth': 10, 'max_features': 0.5, 'min_samples_leaf': 2, 'n_estimators': 100}"
2025-06-21 07:00:00,Neural Network,7,0.09528599579012,0.4715869687985128,2023-06-21 07:00:00,2025-06-21 07:00:00,2025-06-21 07:00:00,731,1,-0.35941423956503044,0.35941423956503044,"{'regressor__model__alpha': 0.0001, 'regressor__model__hidden_layer_sizes': (64, 32), 'regressor__model__learning_rate_init': 0.0001}"
2025-06-21 07:00:00,Naive,7,0.09528599579012,0.7698721296805261,2023-06-21 07:00:00,2025-06-21 07:00:00,2025-06-21 07:00:00,731,1,,,not_applicable
2025-06-22 07:00:00,Decision Tree,7,-1.2691090324455567,0.044436704755281616,2023-06-22 07:00:00,2025-06-22 07:00:00,2025-06-22 07:00:00,731,1,-0.42290985504429074,0.42290985504429074,"{'max_depth': None, 'min_samples_leaf': 1, 'min_samples_split': 20}"
2025-06-22 07:00:00,ARX,7,-1.2691090324455567,-0.004366878975321842,2023-06-22 07:00:00,2025-06-22 07:00:00,2025-06-22 07:00:00,731,1,-0.3032104293734177,0.3032104293734177,{'model__alpha': 0.01}
2025-06-22 07:00:00,Random Forest,7,-1.2691090324455567,-0.21509782122557186,2023-06-22 07:00:00,2025-06-22 07:00:00,2025-06-22 07:00:00,731,1,-0.28640559026943707,0.28640559026943707,"{'max_depth': 10, 'max_features': 0.5, 'min_samples_leaf': 2, 'n_estimators': 100}"
2025-06-22 07:00:00,Neural Network,7,-1.2691090324455567,0.15327641703588174,2023-06-22 07:00:00,2025-06-22 07:00:00,2025-06-22 07:00:00,731,1,-0.35941423956503044,0.35941423956503044,"{'regressor__model__alpha': 0.0001, 'regressor__model__hidden_layer_sizes': (64, 32), 'regressor__model__learning_rate_init': 0.0001}"
2025-06-22 07:00:00,Naive,7,-1.2691090324455567,0.09528599579012,2023-06-22 07:00:00,2025-06-22 07:00:00,2025-06-22 07:00:00,731,1,,,not_applicable
2025-06-23 07:00:00,Decision Tree,7,0.13887948318243312,0.755443532246084,2023-06-23 07:00:00,2025-06-23 07:00:00,2025-06-23 07:00:00,731,1,-0.42290985504429074,0.42290985504429074,"{'max_depth': None, 'min_samples_leaf': 1, 'min_samples_split': 20}"
2025-06-23 07:00:00,ARX,7,0.13887948318243312,0.5557199401180848,2023-06-23 07:00:00,2025-06-23 07:00:00,2025-06-23 07:00:00,731,1,-0.3032104293734177,0.3032104293734177,{'model__alpha': 0.01}
2025-06-23 07:00:00,Random Forest,7,0.13887948318243312,0.7033707704127857,2023-06-23 07:00:00,2025-06-23 07:00:00,2025-06-23 07:00:00,731,1,-0.28640559026943707,0.28640559026943707,"{'max_depth': 10, 'max_features': 0.5, 'min_samples_leaf': 2, 'n_estimators': 100}"
2025-06-23 07:00:00,Neural Network,7,0.13887948318243312,-0.014492217418003411,2023-06-23 07:00:00,2025-06-23 07:00:00,2025-06-23 07:00:00,731,1,-0.35941423956503044,0.35941423956503044,"{'regressor__model__alpha': 0.0001, 'regressor__model__hidden_layer_sizes': (64, 32), 'regressor__model__learning_rate_init': 0.0001}"
2025-06-23 07:00:00,Naive,7,0.13887948318243312,-1.2691090324455567,2023-06-23 07:00:00,2025-06-23 07:00:00,2025-06-23 07:00:00,731,1,,,not_applicable
2025-06-24 07:00:00,Decision Tree,7,0.025933849494112992,0.9888661338640169,2023-06-24 07:00:00,2025-06-24 07:00:00,2025-06-24 07:00:00,731,1,-0.42290985504429074,0.42290985504429074,"{'max_depth': None, 'min_samples_leaf': 1, 'min_samples_split': 20}"
2025-06-24 07:00:00,ARX,7,0.025933849494112992,-0.12842473738236934,2023-06-24 07:00:00,2025-06-24 07:00:00,2025-06-24 07:00:00,731,1,-0.3032104293734177,0.3032104293734177,{'model__alpha': 0.01}
2025-06-24 07:00:00,Random Forest,7,0.025933849494112992,0.6597634592133897,2023-06-24 07:00:00,2025-06-24 07:00:00,2025-06-24 07:00:00,731,1,-0.28640559026943707,0.28640559026943707,"{'max_depth': 10, 'max_features': 0.5, 'min_samples_leaf': 2, 'n_estimators': 100}"
2025-06-24 07:00:00,Neural Network,7,0.025933849494112992,0.43188991872169036,2023-06-24 07:00:00,2025-06-24 07:00:00,2025-06-24 07:00:00,731,1,-0.35941423956503044,0.35941423956503044,"{'regressor__model__alpha': 0.0001, 'regressor__model__hidden_layer_sizes': (64, 32), 'regressor__model__learning_rate_init': 0.0001}"
2025-06-24 07:00:00,Naive,7,0.025933849494112992,0.13887948318243312,2023-06-24 07:00:00,2025-06-24 07:00:00,2025-06-24 07:00:00,731,1,,,not_applicable
2025-06-25 07:00:00,Decision Tree,7,0.6395772435853305,0.663935380085068,2023-06-25 07:00:00,2025-06-25 07:00:00,2025-06-25 07:00:00,731,1,-0.42290985504429074,0.42290985504429074,"{'max_depth': None, 'min_samples_leaf': 1, 'min_samples_split': 20}"
2025-06-25 07:00:00,ARX,7,0.6395772435853305,0.2731788871057518,2023-06-25 07:00:00,2025-06-25 07:00:00,2025-06-25 07:00:00,731,1,-0.3032104293734177,0.3032104293734177,{'model__alpha': 0.01}
2025-06-25 07:00:00,Random Forest,7,0.6395772435853305,0.4290841528839789,2023-06-25 07:00:00,2025-06-25 07:00:00,2025-06-25 07:00:00,731,1,-0.28640559026943707,0.28640559026943707,"{'max_depth': 10, 'max_features': 0.5, 'min_samples_leaf': 2, 'n_estimators': 100}"
2025-06-25 07:00:00,Neural Network,7,0.6395772435853305,-0.2809874930596238,2023-06-25 07:00:00,2025-06-25 07:00:00,2025-06-25 07:00:00,731,1,-0.35941423956503044,0.35941423956503044,"{'regressor__model__alpha': 0.0001, 'regressor__model__hidden_layer_sizes': (64, 32), 'regressor__model__learning_rate_init': 0.0001}"
2025-06-25 07:00:00,Naive,7,0.6395772435853305,0.025933849494112992,2023-06-25 07:00:00,2025-06-25 07:00:00,2025-06-25 07:00:00,731,1,,,not_applicable
2025-06-26 07:00:00,Decision Tree,7,0.82022695384528,-0.037906671280720367,2023-06-26 07:00:00,2025-06-26 07:00:00,2025-06-26 07:00:00,731,1,-0.42290985504429074,0.42290985504429074,"{'max_depth': None, 'min_samples_leaf': 1, 'min_samples_split': 20}"
2025-06-26 07:00:00,ARX,7,0.82022695384528,0.7343364045507108,2023-06-26 07:00:00,2025-06-26 07:00:00,2025-06-26 07:00:00,731,1,-0.3032104293734177,0.3032104293734177,{'model__alpha': 0.01}
2025-06-26 07:00:00,Random Forest,7,0.82022695384528,0.7383696099234857,2023-06-26 07:00:00,2025-06-26 07:00:00,2025-06-26 07:00:00,731,1,-0.28640559026943707,0.28640559026943707,"{'max_depth': 10, 'max_features': 0.5, 'min_samples_leaf': 2, 'n_estimators': 100}"
2025-06-26 07:00:00,Neural Network,7,0.82022695384528,0.7663132825579215,2023-06-26 07:00:00,2025-06-26 07:00:00,2025-06-26 07:00:00,731,1,-0.35941423956503044,0.35941423956503044,"{'regressor__model__alpha': 0.0001, 'regressor__model__hidden_layer_sizes': (64, 32), 'regressor__model__learning_rate_init': 0.0001}"
2025-06-26 07:00:00,Naive,7,0.82022695384528,0.6395772435853305,2023-06-26 07:00:00,2025-06-26 07:00:00,2025-06-26 07:00:00,731,1,,,not_applicable
2025-06-27 07:00:00,Decision Tree,7,0.6587554517237372,-0.010393170440791374,2023-06-27 07:00:00,2025-06-27 07:00:00,2025-06-27 07:00:00,731,1,-0.42290985504429074,0.42290985504429074,"{'max_depth': None, 'min_samples_leaf': 1, 'min_samples_split': 20}"
2025-06-27 07:00:00,ARX,7,0.6587554517237372,0.2819057433493154,2023-06-27 07:00:00,2025-06-27 07:00:00,2025-06-27 07:00:00,731,1,-0.3032104293734177,0.3032104293734177,{'model__alpha': 0.01}
2025-06-27 07:00:00,Random Forest,7,0.6587554517237372,0.24440182781004002,2023-06-27 07:00:00,2025-06-27 07:00:00,2025-06-27 07:00:00,731,1,-0.28640559026943707,0.28640559026943707,"{'max_depth': 10, 'max_features': 0.5, 'min_samples_leaf': 2, 'n_estimators': 100}"
2025-06-27 07:00:00,Neural Network,7,0.6587554517237372,-0.0844086281365904,2023-06-27 07:00:00,2025-06-27 07:00:00,2025-06-27 07:00:00,731,1,-0.35941423956503044,0.35941423956503044,"{'regressor__model__alpha': 0.0001, 'regressor__model__hidden_layer_sizes': (64, 32), 'regressor__model__learning_rate_init': 0.0001}"
2025-06-27 07:00:00,Naive,7,0.6587554517237372,0.82022695384528,2023-06-27 07:00:00,2025-06-27 07:00:00,2025-06-27 07:00:00,731,1,,,not_applicable
2025-06-28 07:00:00,Decision Tree,7,-0.7014788143821593,-0.17078364020014172,2023-06-28 07:00:00,2025-06-28 07:00:00,2025-06-28 07:00:00,731,1,-0.42290985504429074,0.42290985504429074,"{'max_depth': None, 'min_samples_leaf': 1, 'min_samples_split': 20}"
2025-06-28 07:00:00,ARX,7,-0.7014788143821593,-0.003686996486151617,2023-06-28 07:00:00,2025-06-28 07:00:00,2025-06-28 07:00:00,731,1,-0.3032104293734177,0.3032104293734177,{'model__alpha': 0.01}
2025-06-28 07:00:00,Random Forest,7,-0.7014788143821593,-0.12553878242254427,2023-06-28 07:00:00,2025-06-28 07:00:00,2025-06-28 07:00:00,731,1,-0.28640559026943707,0.28640559026943707,"{'max_depth': 10, 'max_features': 0.5, 'min_samples_leaf': 2, 'n_estimators': 100}"
2025-06-28 07:00:00,Neural Network,7,-0.7014788143821593,0.11197145753689093,2023-06-28 07:00:00,2025-06-28 07:00:00,2025-06-28 07:00:00,731,1,-0.35941423956503044,0.35941423956503044,"{'regressor__model__alpha': 0.0001, 'regressor__model__hidden_layer_sizes': (64, 32), 'regressor__model__learning_rate_init': 0.0001}"
2025-06-28 07:00:00,Naive,7,-0.7014788143821593,0.6587554517237372,2023-06-28 07:00:00,2025-06-28 07:00:00,2025-06-28 07:00:00,731,1,,,not_applicable
2025-06-29 07:00:00,Decision Tree,7,-0.3188345970083547,-0.48310912302386866,2023-06-29 07:00:00,2025-06-29 07:00:00,2025-06-29 07:00:00,731,1,-0.42290985504429074,0.42290985504429074,"{'max_depth': None, 'min_samples_leaf': 1, 'min_samples_split': 20}"
2025-06-29 07:00:00,ARX,7,-0.3188345970083547,-0.48361259184868743,2023-06-29 07:00:00,2025-06-29 07:00:00,2025-06-29 07:00:00,731,1,-0.3032104293734177,0.3032104293734177,{'model__alpha': 0.01}
2025-06-29 07:00:00,Random Forest,7,-0.3188345970083547,-0.3908425951869734,2023-06-29 07:00:00,2025-06-29 07:00:00,2025-06-29 07:00:00,731,1,-0.28640559026943707,0.28640559026943707,"{'max_depth': 10, 'max_features': 0.5, 'min_samples_leaf': 2, 'n_estimators': 100}"
2025-06-29 07:00:00,Neural Network,7,-0.3188345970083547,-0.2713133947034178,2023-06-29 07:00:00,2025-06-29 07:00:00,2025-06-29 07:00:00,731,1,-0.35941423956503044,0.35941423956503044,"{'regressor__model__alpha': 0.0001, 'regressor__model__hidden_layer_sizes': (64, 32), 'regressor__model__learning_rate_init': 0.0001}"
2025-06-29 07:00:00,Naive,7,-0.3188345970083547,-0.7014788143821593,2023-06-29 07:00:00,2025-06-29 07:00:00,2025-06-29 07:00:00,731,1,,,not_applicable
2025-06-30 07:00:00,Decision Tree,7,0.6290656964528198,0.33471072039507843,2023-06-30 07:00:00,2025-06-30 07:00:00,2025-06-30 07:00:00,731,1,-0.42290985504429074,0.42290985504429074,"{'max_depth': None, 'min_samples_leaf': 1, 'min_samples_split': 20}"
2025-06-30 07:00:00,ARX,7,0.6290656964528198,0.6042450751565687,2023-06-30 07:00:00,2025-06-30 07:00:00,2025-06-30 07:00:00,731,1,-0.3032104293734177,0.3032104293734177,{'model__alpha': 0.01}
2025-06-30 07:00:00,Random Forest,7,0.6290656964528198,0.6592663547332179,2023-06-30 07:00:00,2025-06-30 07:00:00,2025-06-30 07:00:00,731,1,-0.28640559026943707,0.28640559026943707,"{'max_depth': 10, 'max_features': 0.5, 'min_samples_leaf': 2, 'n_estimators': 100}"
2025-06-30 07:00:00,Neural Network,7,0.6290656964528198,-0.07176514222591475,2023-06-30 07:00:00,2025-06-30 07:00:00,2025-06-30 07:00:00,731,1,-0.35941423956503044,0.35941423956503044,"{'regressor__model__alpha': 0.0001, 'regressor__model__hidden_layer_sizes': (64, 32), 'regressor__model__learning_rate_init': 0.0001}"
2025-06-30 07:00:00,Naive,7,0.6290656964528198,-0.3188345970083547,2023-06-30 07:00:00,2025-06-30 07:00:00,2025-06-30 07:00:00,731,1,,,not_applicable
2025-07-01 07:00:00,Decision Tree,7,0.8073571895544067,0.7105222136044568,2023-07-01 07:00:00,2025-07-01 07:00:00,2025-07-01 07:00:00,731,1,-0.42290985504429074,0.42290985504429074,"{'max_depth': None, 'min_samples_leaf': 1, 'min_samples_split': 20}"
2025-07-01 07:00:00,ARX,7,0.8073571895544067,0.732184808894146,2023-07-01 07:00:00,2025-07-01 07:00:00,2025-07-01 07:00:00,731,1,-0.3032104293734177,0.3032104293734177,{'model__alpha': 0.01}
2025-07-01 07:00:00,Random Forest,7,0.8073571895544067,0.732710105392281,2023-07-01 07:00:00,2025-07-01 07:00:00,2025-07-01 07:00:00,731,1,-0.28640559026943707,0.28640559026943707,"{'max_depth': 10, 'max_features': 0.5, 'min_samples_leaf': 2, 'n_estimators': 100}"
2025-07-01 07:00:00,Neural Network,7,0.8073571895544067,0.981466050419682,2023-07-01 07:00:00,2025-07-01 07:00:00,2025-07-01 07:00:00,731,1,-0.35941423956503044,0.35941423956503044,"{'regressor__model__alpha': 0.0001, 'regressor__model__hidden_layer_sizes': (64, 32), 'regressor__model__learning_rate_init': 0.0001}"
2025-07-01 07:00:00,Naive,7,0.8073571895544067,0.6290656964528198,2023-07-01 07:00:00,2025-07-01 07:00:00,2025-07-01 07:00:00,731,1,,,not_applicable
2025-07-02 07:00:00,Decision Tree,7,0.599065992102277,0.8977495070704283,2023-07-02 07:00:00,2025-07-02 07:00:00,2025-07-02 07:00:00,731,1,-0.42290985504429074,0.42290985504429074,"{'max_depth': None, 'min_samples_leaf': 1, 'min_samples_split': 20}"
2025-07-02 07:00:00,ARX,7,0.599065992102277,1.1926677204962095,2023-07-02 07:00:00,2025-07-02 07:00:00,2025-07-02 07:00:00,731,1,-0.3032104293734177,0.3032104293734177,{'model__alpha': 0.01}
2025-07-02 07:00:00,Random Forest,7,0.599065992102277,0.8857670527197129,2023-07-02 07:00:00,2025-07-02 07:00:00,2025-07-02 07:00:00,731,1,-0.28640559026943707,0.28640559026943707,"{'max_depth': 10, 'max_features': 0.5, 'min_samples_leaf': 2, 'n_estimators': 100}"
2025-07-02 07:00:00,Neural Network,7,0.599065992102277,1.201457595915429,2023-07-02 07:00:00,2025-07-02 07:00:00,2025-07-02 07:00:00,731,1,-0.35941423956503044,0.35941423956503044,"{'regressor__model__alpha': 0.0001, 'regressor__model__hidden_layer_sizes': (64, 32), 'regressor__model__learning_rate_init': 0.0001}"
2025-07-02 07:00:00,Naive,7,0.599065992102277,0.8073571895544067,2023-07-02 07:00:00,2025-07-02 07:00:00,2025-07-02 07:00:00,731,1,,,not_applicable
2025-07-03 07:00:00,Decision Tree,7,0.5429618003109085,0.33184684243844326,2023-07-03 07:00:00,2025-07-03 07:00:00,2025-07-03 07:00:00,731,1,-0.42290985504429074,0.42290985504429074,"{'max_depth': None, 'min_samples_leaf': 1, 'min_samples_split': 20}"
2025-07-03 07:00:00,ARX,7,0.5429618003109085,0.602711446685481,2023-07-03 07:00:00,2025-07-03 07:00:00,2025-07-03 07:00:00,731,1,-0.3032104293734177,0.3032104293734177,{'model__alpha': 0.01}
2025-07-03 07:00:00,Random Forest,7,0.5429618003109085,0.3093237853964787,2023-07-03 07:00:00,2025-07-03 07:00:00,2025-07-03 07:00:00,731,1,-0.28640559026943707,0.28640559026943707,"{'max_depth': 10, 'max_features': 0.5, 'min_samples_leaf': 2, 'n_estimators': 100}"
2025-07-03 07:00:00,Neural Network,7,0.5429618003109085,0.26524246905945276,2023-07-03 07:00:00,2025-07-03 07:00:00,2025-07-03 07:00:00,731,1,-0.35941423956503044,0.35941423956503044,"{'regressor__model__alpha': 0.0001, 'regressor__model__hidden_layer_sizes': (64, 32), 'regressor__model__learning_rate_init': 0.0001}"
2025-07-03 07:00:00,Naive,7,0.5429618003109085,0.599065992102277,2023-07-03 07:00:00,2025-07-03 07:00:00,2025-07-03 07:00:00,731,1,,,not_applicable
2025-07-04 07:00:00,Decision Tree,7,0.7316916719753592,1.2509647895811902,2023-07-04 07:00:00,2025-07-04 07:00:00,2025-07-04 07:00:00,731,1,-0.42290985504429074,0.42290985504429074,"{'max_depth': None, 'min_samples_leaf': 1, 'min_samples_split': 20}"
2025-07-04 07:00:00,ARX,7,0.7316916719753592,0.8364063424974013,2023-07-04 07:00:00,2025-07-04 07:00:00,2025-07-04 07:00:00,731,1,-0.3032104293734177,0.3032104293734177,{'model__alpha': 0.01}
2025-07-04 07:00:00,Random Forest,7,0.7316916719753592,0.8320358088404975,2023-07-04 07:00:00,2025-07-04 07:00:00,2025-07-04 07:00:00,731,1,-0.28640559026943707,0.28640559026943707,"{'max_depth': 10, 'max_features': 0.5, 'min_samples_leaf': 2, 'n_estimators': 100}"
2025-07-04 07:00:00,Neural Network,7,0.7316916719753592,1.5992955507745,2023-07-04 07:00:00,2025-07-04 07:00:00,2025-07-04 07:00:00,731,1,-0.35941423956503044,0.35941423956503044,"{'regressor__model__alpha': 0.0001, 'regressor__model__hidden_layer_sizes': (64, 32), 'regressor__model__learning_rate_init': 0.0001}"
2025-07-04 07:00:00,Naive,7,0.7316916719753592,0.5429618003109085,2023-07-04 07:00:00,2025-07-04 07:00:00,2025-07-04 07:00:00,731,1,,,not_applicable
2025-07-05 07:00:00,Decision Tree,7,-0.9972601120670249,0.021830133647840182,2023-07-05 07:00:00,2025-07-05 07:00:00,2025-07-05 07:00:00,731,1,-0.42290985504429074,0.42290985504429074,"{'max_depth': None, 'min_samples_leaf': 1, 'min_samples_split': 20}"
2025-07-05 07:00:00,ARX,7,-0.9972601120670249,-0.24208174727481907,2023-07-05 07:00:00,2025-07-05 07:00:00,2025-07-05 07:00:00,731,1,-0.3032104293734177,0.3032104293734177,{'model__alpha': 0.01}
2025-07-05 07:00:00,Random Forest,7,-0.9972601120670249,-0.3642827309343793,2023-07-05 07:00:00,2025-07-05 07:00:00,2025-07-05 07:00:00,731,1,-0.28640559026943707,0.28640559026943707,"{'max_depth': 10, 'max_features': 0.5, 'min_samples_leaf': 2, 'n_estimators': 100}"
2025-07-05 07:00:00,Neural Network,7,-0.9972601120670249,-0.37754701877376856,2023-07-05 07:00:00,2025-07-05 07:00:00,2025-07-05 07:00:00,731,1,-0.35941423956503044,0.35941423956503044,"{'regressor__model__alpha': 0.0001, 'regressor__model__hidden_layer_sizes': (64, 32), 'regressor__model__learning_rate_init': 0.0001}"
2025-07-05 07:00:00,Naive,7,-0.9972601120670249,0.7316916719753592,2023-07-05 07:00:00,2025-07-05 07:00:00,2025-07-05 07:00:00,731,1,,,not_applicable
2025-07-06 07:00:00,Decision Tree,7,-0.2513119803174092,-0.815530344136499,2023-07-06 07:00:00,2025-07-06 07:00:00,2025-07-06 07:00:00,731,1,-0.42290985504429074,0.42290985504429074,"{'max_depth': None, 'min_samples_leaf': 1, 'min_samples_split': 20}"
2025-07-06 07:00:00,ARX,7,-0.2513119803174092,-0.15186162612631934,2023-07-06 07:00:00,2025-07-06 07:00:00,2025-07-06 07:00:00,731,1,-0.3032104293734177,0.3032104293734177,{'model__alpha': 0.01}
2025-07-06 07:00:00,Random Forest,7,-0.2513119803174092,-0.6822868450517783,2023-07-06 07:00:00,2025-07-06 07:00:00,2025-07-06 07:00:00,731,1,-0.28640559026943707,0.28640559026943707,"{'max_depth': 10, 'max_features': 0.5, 'min_samples_leaf': 2, 'n_estimators': 100}"
2025-07-06 07:00:00,Neural Network,7,-0.2513119803174092,-0.5275756173501815,2023-07-06 07:00:00,2025-07-06 07:00:00,2025-07-06 07:00:00,731,1,-0.35941423956503044,0.35941423956503044,"{'regressor__model__alpha': 0.0001, 'regressor__model__hidden_layer_sizes': (64, 32), 'regressor__model__learning_rate_init': 0.0001}"
2025-07-06 07:00:00,Naive,7,-0.2513119803174092,-0.9972601120670249,2023-07-06 07:00:00,2025-07-06 07:00:00,2025-07-06 07:00:00,731,1,,,not_applicable
2025-07-07 07:00:00,Decision Tree,7,1.2145729966736876,0.28474985442119566,2023-07-07 07:00:00,2025-07-07 07:00:00,2025-07-07 07:00:00,731,1,-0.42290985504429074,0.42290985504429074,"{'max_depth': None, 'min_samples_leaf': 1, 'min_samples_split': 20}"
2025-07-07 07:00:00,ARX,7,1.2145729966736876,1.1147072679005914,2023-07-07 07:00:00,2025-07-07 07:00:00,2025-07-07 07:00:00,731,1,-0.3032104293734177,0.3032104293734177,{'model__alpha': 0.01}
2025-07-07 07:00:00,Random Forest,7,1.2145729966736876,0.9059746183672841,2023-07-07 07:00:00,2025-07-07 07:00:00,2025-07-07 07:00:00,731,1,-0.28640559026943707,0.28640559026943707,"{'max_depth': 10, 'max_features': 0.5, 'min_samples_leaf': 2, 'n_estimators': 100}"
2025-07-07 07:00:00,Neural Network,7,1.2145729966736876,1.4184341018755737,2023-07-07 07:00:00,2025-07-07 07:00:00,2025-07-07 07:00:00,731,1,-0.35941423956503044,0.35941423956503044,"{'regressor__model__alpha': 0.0001, 'regressor__model__hidden_layer_sizes': (64, 32), 'regressor__model__learning_rate_init': 0.0001}"
2025-07-07 07:00:00,Naive,7,1.2145729966736876,-0.2513119803174092,2023-07-07 07:00:00,2025-07-07 07:00:00,2025-07-07 07:00:00,731,1,,,not_applicable
2025-07-08 07:00:00,Decision Tree,7,0.7773208369008561,0.43528680198824626,2023-07-08 07:00:00,2025-07-08 07:00:00,2025-07-08 07:00:00,731,1,-0.42290985504429074,0.42290985504429074,"{'max_depth': None, 'min_samples_leaf': 1, 'min_samples_split': 20}"
2025-07-08 07:00:00,ARX,7,0.7773208369008561,0.6690556194269415,2023-07-08 07:00:00,2025-07-08 07:00:00,2025-07-08 07:00:00,731,1,-0.3032104293734177,0.3032104293734177,{'model__alpha': 0.01}
2025-07-08 07:00:00,Random Forest,7,0.7773208369008561,0.8782689566636942,2023-07-08 07:00:00,2025-07-08 07:00:00,2025-07-08 07:00:00,731,1,-0.28640559026943707,0.28640559026943707,"{'max_depth': 10, 'max_features': 0.5, 'min_samples_leaf': 2, 'n_estimators': 100}"
2025-07-08 07:00:00,Neural Network,7,0.7773208369008561,0.18960120250470436,2023-07-08 07:00:00,2025-07-08 07:00:00,2025-07-08 07:00:00,731,1,-0.35941423956503044,0.35941423956503044,"{'regressor__model__alpha': 0.0001, 'regressor__model__hidden_layer_sizes': (64, 32), 'regressor__model__learning_rate_init': 0.0001}"
2025-07-08 07:00:00,Naive,7,0.7773208369008561,1.2145729966736876,2023-07-08 07:00:00,2025-07-08 07:00:00,2025-07-08 07:00:00,731,1,,,not_applicable
2025-07-09 07:00:00,Decision Tree,7,0.7320284730468537,0.6725977683867188,2023-07-09 07:00:00,2025-07-09 07:00:00,2025-07-09 07:00:00,731,1,-0.42290985504429074,0.42290985504429074,"{'max_depth': None, 'min_samples_leaf': 1, 'min_samples_split': 20}"
2025-07-09 07:00:00,ARX,7,0.7320284730468537,0.7462549063896027,2023-07-09 07:00:00,2025-07-09 07:00:00,2025-07-09 07:00:00,731,1,-0.3032104293734177,0.3032104293734177,{'model__alpha': 0.01}
2025-07-09 07:00:00,Random Forest,7,0.7320284730468537,0.8205228316415929,2023-07-09 07:00:00,2025-07-09 07:00:00,2025-07-09 07:00:00,731,1,-0.28640559026943707,0.28640559026943707,"{'max_depth': 10, 'max_features': 0.5, 'min_samples_leaf': 2, 'n_estimators': 100}"
2025-07-09 07:00:00,Neural Network,7,0.7320284730468537,0.9346832818469896,2023-07-09 07:00:00,2025-07-09 07:00:00,2025-07-09 07:00:00,731,1,-0.35941423956503044,0.35941423956503044,"{'regressor__model__alpha': 0.0001, 'regressor__model__hidden_layer_sizes': (64, 32), 'regressor__model__learning_rate_init': 0.0001}"
2025-07-09 07:00:00,Naive,7,0.7320284730468537,0.7773208369008561,2023-07-09 07:00:00,2025-07-09 07:00:00,2025-07-09 07:00:00,731,1,,,not_applicable
2025-07-10 07:00:00,Decision Tree,7,0.5257366031677506,0.8042730641480155,2023-07-10 07:00:00,2025-07-10 07:00:00,2025-07-10 07:00:00,731,1,-0.42290985504429074,0.42290985504429074,"{'max_depth': None, 'min_samples_leaf': 1, 'min_samples_split': 20}"
2025-07-10 07:00:00,ARX,7,0.5257366031677506,0.8564547204694338,2023-07-10 07:00:00,2025-07-10 07:00:00,2025-07-10 07:00:00,731,1,-0.3032104293734177,0.3032104293734177,{'model__alpha': 0.01}
2025-07-10 07:00:00,Random Forest,7,0.5257366031677506,0.834981284937026,2023-07-10 07:00:00,2025-07-10 07:00:00,2025-07-10 07:00:00,731,1,-0.28640559026943707,0.28640559026943707,"{'max_depth': 10, 'max_features': 0.5, 'min_samples_leaf': 2, 'n_estimators': 100}"
2025-07-10 07:00:00,Neural Network,7,0.5257366031677506,0.6817855268697551,2023-07-10 07:00:00,2025-07-10 07:00:00,2025-07-10 07:00:00,731,1,-0.35941423956503044,0.35941423956503044,"{'regressor__model__alpha': 0.0001, 'regressor__model__hidden_layer_sizes': (64, 32), 'regressor__model__learning_rate_init': 0.0001}"
2025-07-10 07:00:00,Naive,7,0.5257366031677506,0.7320284730468537,2023-07-10 07:00:00,2025-07-10 07:00:00,2025-07-10 07:00:00,731,1,,,not_applicable
2025-07-11 07:00:00,Decision Tree,7,0.4947206708212959,0.6722684084359702,2023-07-11 07:00:00,2025-07-11 07:00:00,2025-07-11 07:00:00,731,1,-0.42290985504429074,0.42290985504429074,"{'max_depth': None, 'min_samples_leaf': 1, 'min_samples_split': 20}"
2025-07-11 07:00:00,ARX,7,0.4947206708212959,0.6805869679905547,2023-07-11 07:00:00,2025-07-11 07:00:00,2025-07-11 07:00:00,731,1,-0.3032104293734177,0.3032104293734177,{'model__alpha': 0.01}
2025-07-11 07:00:00,Random Forest,7,0.4947206708212959,0.7334255697669851,2023-07-11 07:00:00,2025-07-11 07:00:00,2025-07-11 07:00:00,731,1,-0.28640559026943707,0.28640559026943707,"{'max_depth': 10, 'max_features': 0.5, 'min_samples_leaf': 2, 'n_estimators': 100}"
2025-07-11 07:00:00,Neural Network,7,0.4947206708212959,0.6665276971524042,2023-07-11 07:00:00,2025-07-11 07:00:00,2025-07-11 07:00:00,731,1,-0.35941423956503044,0.35941423956503044,"{'regressor__model__alpha': 0.0001, 'regressor__model__hidden_layer_sizes': (64, 32), 'regressor__model__learning_rate_init': 0.0001}"
2025-07-11 07:00:00,Naive,7,0.4947206708212959,0.5257366031677506,2023-07-11 07:00:00,2025-07-11 07:00:00,2025-07-11 07:00:00,731,1,,,not_applicable
2025-07-12 07:00:00,Decision Tree,7,0.029009201984701093,-0.734927720733772,2023-07-12 07:00:00,2025-07-12 07:00:00,2025-07-12 07:00:00,731,1,-0.42290985504429074,0.42290985504429074,"{'max_depth': None, 'min_samples_leaf': 1, 'min_samples_split': 20}"
2025-07-12 07:00:00,ARX,7,0.029009201984701093,-0.2305794395026389,2023-07-12 07:00:00,2025-07-12 07:00:00,2025-07-12 07:00:00,731,1,-0.3032104293734177,0.3032104293734177,{'model__alpha': 0.01}
2025-07-12 07:00:00,Random Forest,7,0.029009201984701093,-0.28236185860147617,2023-07-12 07:00:00,2025-07-12 07:00:00,2025-07-12 07:00:00,731,1,-0.28640559026943707,0.28640559026943707,"{'max_depth': 10, 'max_features': 0.5, 'min_samples_leaf': 2, 'n_estimators': 100}"
2025-07-12 07:00:00,Neural Network,7,0.029009201984701093,-0.33207197059722987,2023-07-12 07:00:00,2025-07-12 07:00:00,2025-07-12 07:00:00,731,1,-0.35941423956503044,0.35941423956503044,"{'regressor__model__alpha': 0.0001, 'regressor__model__hidden_layer_sizes': (64, 32), 'regressor__model__learning_rate_init': 0.0001}"
2025-07-12 07:00:00,Naive,7,0.029009201984701093,0.4947206708212959,2023-07-12 07:00:00,2025-07-12 07:00:00,2025-07-12 07:00:00,731,1,,,not_applicable
2025-07-13 07:00:00,Decision Tree,7,0.14265517485606288,-0.734927720733772,2023-07-13 07:00:00,2025-07-13 07:00:00,2025-07-13 07:00:00,731,1,-0.42290985504429074,0.42290985504429074,"{'max_depth': None, 'min_samples_leaf': 1, 'min_samples_split': 20}"
2025-07-13 07:00:00,ARX,7,0.14265517485606288,0.07463187119942284,2023-07-13 07:00:00,2025-07-13 07:00:00,2025-07-13 07:00:00,731,1,-0.3032104293734177,0.3032104293734177,{'model__alpha': 0.01}
2025-07-13 07:00:00,Random Forest,7,0.14265517485606288,-0.1883642292575195,2023-07-13 07:00:00,2025-07-13 07:00:00,2025-07-13 07:00:00,731,1,-0.28640559026943707,0.28640559026943707,"{'max_depth': 10, 'max_features': 0.5, 'min_samples_leaf': 2, 'n_estimators': 100}"
2025-07-13 07:00:00,Neural Network,7,0.14265517485606288,0.16315577088114008,2023-07-13 07:00:00,2025-07-13 07:00:00,2025-07-13 07:00:00,731,1,-0.35941423956503044,0.35941423956503044,"{'regressor__model__alpha': 0.0001, 'regressor__model__hidden_layer_sizes': (64, 32), 'regressor__model__learning_rate_init': 0.0001}"
2025-07-13 07:00:00,Naive,7,0.14265517485606288,0.029009201984701093,2023-07-13 07:00:00,2025-07-13 07:00:00,2025-07-13 07:00:00,731,1,,,not_applicable
2025-07-14 07:00:00,Decision Tree,7,0.8386650157517639,0.7900441680121428,2023-07-14 07:00:00,2025-07-14 07:00:00,2025-07-14 07:00:00,731,1,-0.42290985504429074,0.42290985504429074,"{'max_depth': None, 'min_samples_leaf': 1, 'min_samples_split': 20}"
2025-07-14 07:00:00,ARX,7,0.8386650157517639,1.1407660772118537,2023-07-14 07:00:00,2025-07-14 07:00:00,2025-07-14 07:00:00,731,1,-0.3032104293734177,0.3032104293734177,{'model__alpha': 0.01}
2025-07-14 07:00:00,Random Forest,7,0.8386650157517639,0.8503334671481724,2023-07-14 07:00:00,2025-07-14 07:00:00,2025-07-14 07:00:00,731,1,-0.28640559026943707,0.28640559026943707,"{'max_depth': 10, 'max_features': 0.5, 'min_samples_leaf': 2, 'n_estimators': 100}"
2025-07-14 07:00:00,Neural Network,7,0.8386650157517639,1.1295672371406225,2023-07-14 07:00:00,2025-07-14 07:00:00,2025-07-14 07:00:00,731,1,-0.35941423956503044,0.35941423956503044,"{'regressor__model__alpha': 0.0001, 'regressor__model__hidden_layer_sizes': (64, 32), 'regressor__model__learning_rate_init': 0.0001}"
2025-07-14 07:00:00,Naive,7,0.8386650157517639,0.14265517485606288,2023-07-14 07:00:00,2025-07-14 07:00:00,2025-07-14 07:00:00,731,1,,,not_applicable
2025-07-15 07:00:00,Decision Tree,7,0.666560186514509,0.3498544613002549,2023-07-15 07:00:00,2025-07-15 07:00:00,2025-07-15 07:00:00,731,1,-0.42290985504429074,0.42290985504429074,"{'max_depth': None, 'min_samples_leaf': 1, 'min_samples_split': 20}"
2025-07-15 07:00:00,ARX,7,0.666560186514509,0.881209187732742,2023-07-15 07:00:00,2025-07-15 07:00:00,2025-07-15 07:00:00,731,1,-0.3032104293734177,0.3032104293734177,{'model__alpha': 0.01}
2025-07-15 07:00:00,Random Forest,7,0.666560186514509,0.7255452967975624,2023-07-15 07:00:00,2025-07-15 07:00:00,2025-07-15 07:00:00,731,1,-0.28640559026943707,0.28640559026943707,"{'max_depth': 10, 'max_features': 0.5, 'min_samples_leaf': 2, 'n_estimators': 100}"
2025-07-15 07:00:00,Neural Network,7,0.666560186514509,0.8119156186275834,2023-07-15 07:00:00,2025-07-15 07:00:00,2025-07-15 07:00:00,731,1,-0.35941423956503044,0.35941423956503044,"{'regressor__model__alpha': 0.0001, 'regressor__model__hidden_layer_sizes': (64, 32), 'regressor__model__learning_rate_init': 0.0001}"
2025-07-15 07:00:00,Naive,7,0.666560186514509,0.8386650157517639,2023-07-15 07:00:00,2025-07-15 07:00:00,2025-07-15 07:00:00,731,1,,,not_applicable
2025-07-16 07:00:00,Decision Tree,7,0.6492239558175406,0.8042730641480155,2023-07-16 07:00:00,2025-07-16 07:00:00,2025-07-16 07:00:00,731,1,-0.42290985504429074,0.42290985504429074,"{'max_depth': None, 'min_samples_leaf': 1, 'min_samples_split': 20}"
2025-07-16 07:00:00,ARX,7,0.6492239558175406,0.8213326484384214,2023-07-16 07:00:00,2025-07-16 07:00:00,2025-07-16 07:00:00,731,1,-0.3032104293734177,0.3032104293734177,{'model__alpha': 0.01}
2025-07-16 07:00:00,Random Forest,7,0.6492239558175406,0.7015236105522723,2023-07-16 07:00:00,2025-07-16 07:00:00,2025-07-16 07:00:00,731,1,-0.28640559026943707,0.28640559026943707,"{'max_depth': 10, 'max_features': 0.5, 'min_samples_leaf': 2, 'n_estimators': 100}"
2025-07-16 07:00:00,Neural Network,7,0.6492239558175406,0.6093978513599044,2023-07-16 07:00:00,2025-07-16 07:00:00,2025-07-16 07:00:00,731,1,-0.35941423956503044,0.35941423956503044,"{'regressor__model__alpha': 0.0001, 'regressor__model__hidden_layer_sizes': (64, 32), 'regressor__model__learning_rate_init': 0.0001}"
2025-07-16 07:00:00,Naive,7,0.6492239558175406,0.666560186514509,2023-07-16 07:00:00,2025-07-16 07:00:00,2025-07-16 07:00:00,731,1,,,not_applicable
2025-07-17 07:00:00,Decision Tree,7,0.5977598636856821,1.047195473575333,2023-07-17 07:00:00,2025-07-17 07:00:00,2025-07-17 07:00:00,731,1,-0.42290985504429074,0.42290985504429074,"{'max_depth': None, 'min_samples_leaf': 1, 'min_samples_split': 20}"
2025-07-17 07:00:00,ARX,7,0.5977598636856821,0.6049270917841026,2023-07-17 07:00:00,2025-07-17 07:00:00,2025-07-17 07:00:00,731,1,-0.3032104293734177,0.3032104293734177,{'model__alpha': 0.01}
2025-07-17 07:00:00,Random Forest,7,0.5977598636856821,0.6819939242265228,2023-07-17 07:00:00,2025-07-17 07:00:00,2025-07-17 07:00:00,731,1,-0.28640559026943707,0.28640559026943707,"{'max_depth': 10, 'max_features': 0.5, 'min_samples_leaf': 2, 'n_estimators': 100}"
2025-07-17 07:00:00,Neural Network,7,0.5977598636856821,0.31996281705281293,2023-07-17 07:00:00,2025-07-17 07:00:00,2025-07-17 07:00:00,731,1,-0.35941423956503044,0.35941423956503044,"{'regressor__model__alpha': 0.0001, 'regressor__model__hidden_layer_sizes': (64, 32), 'regressor__model__learning_rate_init': 0.0001}"
2025-07-17 07:00:00,Naive,7,0.5977598636856821,0.6492239558175406,2023-07-17 07:00:00,2025-07-17 07:00:00,2025-07-17 07:00:00,731,1,,,not_applicable
2025-07-18 07:00:00,Decision Tree,7,0.7272423078800131,0.7397732009181073,2023-07-18 07:00:00,2025-07-18 07:00:00,2025-07-18 07:00:00,731,1,-0.42290985504429074,0.42290985504429074,"{'max_depth': None, 'min_samples_leaf': 1, 'min_samples_split': 20}"
2025-07-18 07:00:00,ARX,7,0.7272423078800131,0.9016323994145377,2023-07-18 07:00:00,2025-07-18 07:00:00,2025-07-18 07:00:00,731,1,-0.3032104293734177,0.3032104293734177,{'model__alpha': 0.01}
2025-07-18 07:00:00,Random Forest,7,0.7272423078800131,0.8775027936740278,2023-07-18 07:00:00,2025-07-18 07:00:00,2025-07-18 07:00:00,731,1,-0.28640559026943707,0.28640559026943707,"{'max_depth': 10, 'max_features': 0.5, 'min_samples_leaf': 2, 'n_estimators': 100}"
2025-07-18 07:00:00,Neural Network,7,0.7272423078800131,0.6437391765064072,2023-07-18 07:00:00,2025-07-18 07:00:00,2025-07-18 07:00:00,731,1,-0.35941423956503044,0.35941423956503044,"{'regressor__model__alpha': 0.0001, 'regressor__model__hidden_layer_sizes': (64, 32), 'regressor__model__learning_rate_init': 0.0001}"
2025-07-18 07:00:00,Naive,7,0.7272423078800131,0.5977598636856821,2023-07-18 07:00:00,2025-07-18 07:00:00,2025-07-18 07:00:00,731,1,,,not_applicable
2025-07-19 07:00:00,Decision Tree,7,-0.0021731461251364784,0.3572077569643842,2023-07-19 07:00:00,2025-07-19 07:00:00,2025-07-19 07:00:00,731,1,-0.42290985504429074,0.42290985504429074,"{'max_depth': None, 'min_samples_leaf': 1, 'min_samples_split': 20}"
2025-07-19 07:00:00,ARX,7,-0.0021731461251364784,0.3023998575886,2023-07-19 07:00:00,2025-07-19 07:00:00,2025-07-19 07:00:00,731,1,-0.3032104293734177,0.3032104293734177,{'model__alpha': 0.01}
2025-07-19 07:00:00,Random Forest,7,-0.0021731461251364784,0.38718474117935886,2023-07-19 07:00:00,2025-07-19 07:00:00,2025-07-19 07:00:00,731,1,-0.28640559026943707,0.28640559026943707,"{'max_depth': 10, 'max_features': 0.5, 'min_samples_leaf': 2, 'n_estimators': 100}"
2025-07-19 07:00:00,Neural Network,7,-0.0021731461251364784,0.4392407054703885,2023-07-19 07:00:00,2025-07-19 07:00:00,2025-07-19 07:00:00,731,1,-0.35941423956503044,0.35941423956503044,"{'regressor__model__alpha': 0.0001, 'regressor__model__hidden_layer_sizes': (64, 32), 'regressor__model__learning_rate_init': 0.0001}"
2025-07-19 07:00:00,Naive,7,-0.0021731461251364784,0.7272423078800131,2023-07-19 07:00:00,2025-07-19 07:00:00,2025-07-19 07:00:00,731,1,,,not_applicable
2025-07-20 07:00:00,Decision Tree,7,-0.17241441538459293,-0.7618770002384901,2023-07-20 07:00:00,2025-07-20 07:00:00,2025-07-20 07:00:00,731,1,-0.42290985504429074,0.42290985504429074,"{'max_depth': None, 'min_samples_leaf': 1, 'min_samples_split': 20}"
2025-07-20 07:00:00,ARX,7,-0.17241441538459293,-0.11968940655753418,2023-07-20 07:00:00,2025-07-20 07:00:00,2025-07-20 07:00:00,731,1,-0.3032104293734177,0.3032104293734177,{'model__alpha': 0.01}
2025-07-20 07:00:00,Random Forest,7,-0.17241441538459293,-0.11677206115259868,2023-07-20 07:00:00,2025-07-20 07:00:00,2025-07-20 07:00:00,731,1,-0.28640559026943707,0.28640559026943707,"{'max_depth': 10, 'max_features': 0.5, 'min_samples_leaf': 2, 'n_estimators': 100}"
2025-07-20 07:00:00,Neural Network,7,-0.17241441538459293,-0.09689379190915794,2023-07-20 07:00:00,2025-07-20 07:00:00,2025-07-20 07:00:00,731,1,-0.35941423956503044,0.35941423956503044,"{'regressor__model__alpha': 0.0001, 'regressor__model__hidden_layer_sizes': (64, 32), 'regressor__model__learning_rate_init': 0.0001}"
2025-07-20 07:00:00,Naive,7,-0.17241441538459293,-0.0021731461251364784,2023-07-20 07:00:00,2025-07-20 07:00:00,2025-07-20 07:00:00,731,1,,,not_applicable
2025-07-21 07:00:00,Decision Tree,7,0.9332455129017522,1.0135876759501778,2023-07-21 07:00:00,2025-07-21 07:00:00,2025-07-21 07:00:00,731,1,-0.42290985504429074,0.42290985504429074,"{'max_depth': None, 'min_samples_leaf': 1, 'min_samples_split': 20}"
2025-07-21 07:00:00,ARX,7,0.9332455129017522,0.9373828333358792,2023-07-21 07:00:00,2025-07-21 07:00:00,2025-07-21 07:00:00,731,1,-0.3032104293734177,0.3032104293734177,{'model__alpha': 0.01}
2025-07-21 07:00:00,Random Forest,7,0.9332455129017522,0.742367876149569,2023-07-21 07:00:00,2025-07-21 07:00:00,2025-07-21 07:00:00,731,1,-0.28640559026943707,0.28640559026943707,"{'max_depth': 10, 'max_features': 0.5, 'min_samples_leaf': 2, 'n_estimators': 100}"
2025-07-21 07:00:00,Neural Network,7,0.9332455129017522,0.8075254440974868,2023-07-21 07:00:00,2025-07-21 07:00:00,2025-07-21 07:00:00,731,1,-0.35941423956503044,0.35941423956503044,"{'regressor__model__alpha': 0.0001, 'regressor__model__hidden_layer_sizes': (64, 32), 'regressor__model__learning_rate_init': 0.0001}"
2025-07-21 07:00:00,Naive,7,0.9332455129017522,-0.17241441538459293,2023-07-21 07:00:00,2025-07-21 07:00:00,2025-07-21 07:00:00,731,1,,,not_applicable
2025-07-22 07:00:00,Decision Tree,7,0.5735890312806662,0.7901541841111143,2023-07-22 07:00:00,2025-07-22 07:00:00,2025-07-22 07:00:00,731,1,-0.42290985504429074,0.42290985504429074,"{'max_depth': None, 'min_samples_leaf': 1, 'min_samples_split': 20}"
2025-07-22 07:00:00,ARX,7,0.5735890312806662,0.6190655366744916,2023-07-22 07:00:00,2025-07-22 07:00:00,2025-07-22 07:00:00,731,1,-0.3032104293734177,0.3032104293734177,{'model__alpha': 0.01}
2025-07-22 07:00:00,Random Forest,7,0.5735890312806662,0.8246426406179991,2023-07-22 07:00:00,2025-07-22 07:00:00,2025-07-22 07:00:00,731,1,-0.28640559026943707,0.28640559026943707,"{'max_depth': 10, 'max_features': 0.5, 'min_samples_leaf': 2, 'n_estimators': 100}"
2025-07-22 07:00:00,Neural Network,7,0.5735890312806662,0.851308196532332,2023-07-22 07:00:00,2025-07-22 07:00:00,2025-07-22 07:00:00,731,1,-0.35941423956503044,0.35941423956503044,"{'regressor__model__alpha': 0.0001, 'regressor__model__hidden_layer_sizes': (64, 32), 'regressor__model__learning_rate_init': 0.0001}"
2025-07-22 07:00:00,Naive,7,0.5735890312806662,0.9332455129017522,2023-07-22 07:00:00,2025-07-22 07:00:00,2025-07-22 07:00:00,731,1,,,not_applicable
2025-07-23 07:00:00,Decision Tree,7,0.3429818190521452,0.8331462491100808,2023-07-23 07:00:00,2025-07-23 07:00:00,2025-07-23 07:00:00,731,1,-0.42290985504429074,0.42290985504429074,"{'max_depth': None, 'min_samples_leaf': 1, 'min_samples_split': 20}"
2025-07-23 07:00:00,ARX,7,0.3429818190521452,0.46110505290767845,2023-07-23 07:00:00,2025-07-23 07:00:00,2025-07-23 07:00:00,731,1,-0.3032104293734177,0.3032104293734177,{'model__alpha': 0.01}
2025-07-23 07:00:00,Random Forest,7,0.3429818190521452,0.7219608094449235,2023-07-23 07:00:00,2025-07-23 07:00:00,2025-07-23 07:00:00,731,1,-0.28640559026943707,0.28640559026943707,"{'max_depth': 10, 'max_features': 0.5, 'min_samples_leaf': 2, 'n_estimators': 100}"
2025-07-23 07:00:00,Neural Network,7,0.3429818190521452,0.20088889303521154,2023-07-23 07:00:00,2025-07-23 07:00:00,2025-07-23 07:00:00,731,1,-0.35941423956503044,0.35941423956503044,"{'regressor__model__alpha': 0.0001, 'regressor__model__hidden_layer_sizes': (64, 32), 'regressor__model__learning_rate_init': 0.0001}"
2025-07-23 07:00:00,Naive,7,0.3429818190521452,0.5735890312806662,2023-07-23 07:00:00,2025-07-23 07:00:00,2025-07-23 07:00:00,731,1,,,not_applicable
2025-07-24 07:00:00,Decision Tree,7,0.7490747557240005,0.13879392626567225,2023-07-24 07:00:00,2025-07-24 07:00:00,2025-07-24 07:00:00,731,1,-0.42290985504429074,0.42290985504429074,"{'max_depth': None, 'min_samples_leaf': 1, 'min_samples_split': 20}"
2025-07-24 07:00:00,ARX,7,0.7490747557240005,0.7973778599310276,2023-07-24 07:00:00,2025-07-24 07:00:00,2025-07-24 07:00:00,731,1,-0.3032104293734177,0.3032104293734177,{'model__alpha': 0.01}
2025-07-24 07:00:00,Random Forest,7,0.7490747557240005,0.7115810335053508,2023-07-24 07:00:00,2025-07-24 07:00:00,2025-07-24 07:00:00,731,1,-0.28640559026943707,0.28640559026943707,"{'max_depth': 10, 'max_features': 0.5, 'min_samples_leaf': 2, 'n_estimators': 100}"
2025-07-24 07:00:00,Neural Network,7,0.7490747557240005,0.7705607553322034,2023-07-24 07:00:00,2025-07-24 07:00:00,2025-07-24 07:00:00,731,1,-0.35941423956503044,0.35941423956503044,"{'regressor__model__alpha': 0.0001, 'regressor__model__hidden_layer_sizes': (64, 32), 'regressor__model__learning_rate_init': 0.0001}"
2025-07-24 07:00:00,Naive,7,0.7490747557240005,0.3429818190521452,2023-07-24 07:00:00,2025-07-24 07:00:00,2025-07-24 07:00:00,731,1,,,not_applicable
2025-07-25 07:00:00,Decision Tree,7,0.6573542501346338,0.8640608540056648,2023-07-25 07:00:00,2025-07-25 07:00:00,2025-07-25 07:00:00,731,1,-0.42290985504429074,0.42290985504429074,"{'max_depth': None, 'min_samples_leaf': 1, 'min_samples_split': 20}"
2025-07-25 07:00:00,ARX,7,0.6573542501346338,0.8309323648830935,2023-07-25 07:00:00,2025-07-25 07:00:00,2025-07-25 07:00:00,731,1,-0.3032104293734177,0.3032104293734177,{'model__alpha': 0.01}
2025-07-25 07:00:00,Random Forest,7,0.6573542501346338,0.8161278018945062,2023-07-25 07:00:00,2025-07-25 07:00:00,2025-07-25 07:00:00,731,1,-0.28640559026943707,0.28640559026943707,"{'max_depth': 10, 'max_features': 0.5, 'min_samples_leaf': 2, 'n_estimators': 100}"
2025-07-25 07:00:00,Neural Network,7,0.6573542501346338,0.924308586475109,2023-07-25 07:00:00,2025-07-25 07:00:00,2025-07-25 07:00:00,731,1,-0.35941423956503044,0.35941423956503044,"{'regressor__model__alpha': 0.0001, 'regressor__model__hidden_layer_sizes': (64, 32), 'regressor__model__learning_rate_init': 0.0001}"
2025-07-25 07:00:00,Naive,7,0.6573542501346338,0.7490747557240005,2023-07-25 07:00:00,2025-07-25 07:00:00,2025-07-25 07:00:00,731,1,,,not_applicable
2025-07-26 07:00:00,Decision Tree,7,0.24536912910013783,0.317276545509993,2023-07-26 07:00:00,2025-07-26 07:00:00,2025-07-26 07:00:00,731,1,-0.42290985504429074,0.42290985504429074,"{'max_depth': None, 'min_samples_leaf': 1, 'min_samples_split': 20}"
2025-07-26 07:00:00,ARX,7,0.24536912910013783,0.2620487602156695,2023-07-26 07:00:00,2025-07-26 07:00:00,2025-07-26 07:00:00,731,1,-0.3032104293734177,0.3032104293734177,{'model__alpha': 0.01}
2025-07-26 07:00:00,Random Forest,7,0.24536912910013783,0.20316311505989146,2023-07-26 07:00:00,2025-07-26 07:00:00,2025-07-26 07:00:00,731,1,-0.28640559026943707,0.28640559026943707,"{'max_depth': 10, 'max_features': 0.5, 'min_samples_leaf': 2, 'n_estimators': 100}"
2025-07-26 07:00:00,Neural Network,7,0.24536912910013783,0.18266962285059246,2023-07-26 07:00:00,2025-07-26 07:00:00,2025-07-26 07:00:00,731,1,-0.35941423956503044,0.35941423956503044,"{'regressor__model__alpha': 0.0001, 'regressor__model__hidden_layer_sizes': (64, 32), 'regressor__model__learning_rate_init': 0.0001}"
2025-07-26 07:00:00,Naive,7,0.24536912910013783,0.6573542501346338,2023-07-26 07:00:00,2025-07-26 07:00:00,2025-07-26 07:00:00,731,1,,,not_applicable
2025-07-27 07:00:00,Decision Tree,7,-0.010863337923299816,-0.1203212788042581,2023-07-27 07:00:00,2025-07-27 07:00:00,2025-07-27 07:00:00,731,1,-0.42290985504429074,0.42290985504429074,"{'max_depth': None, 'min_samples_leaf': 1, 'min_samples_split': 20}"
2025-07-27 07:00:00,ARX,7,-0.010863337923299816,0.07932872457536265,2023-07-27 07:00:00,2025-07-27 07:00:00,2025-07-27 07:00:00,731,1,-0.3032104293734177,0.3032104293734177,{'model__alpha': 0.01}
2025-07-27 07:00:00,Random Forest,7,-0.010863337923299816,-0.08796441396366887,2023-07-27 07:00:00,2025-07-27 07:00:00,2025-07-27 07:00:00,731,1,-0.28640559026943707,0.28640559026943707,"{'max_depth': 10, 'max_features': 0.5, 'min_samples_leaf': 2, 'n_estimators': 100}"
2025-07-27 07:00:00,Neural Network,7,-0.010863337923299816,-0.014527765266755172,2023-07-27 07:00:00,2025-07-27 07:00:00,2025-07-27 07:00:00,731,1,-0.35941423956503044,0.35941423956503044,"{'regressor__model__alpha': 0.0001, 'regressor__model__hidden_layer_sizes': (64, 32), 'regressor__model__learning_rate_init': 0.0001}"
2025-07-27 07:00:00,Naive,7,-0.010863337923299816,0.24536912910013783,2023-07-27 07:00:00,2025-07-27 07:00:00,2025-07-27 07:00:00,731,1,,,not_applicable
2025-07-28 07:00:00,Decision Tree,7,0.8455632612707082,0.7038807587307845,2023-07-28 07:00:00,2025-07-28 07:00:00,2025-07-28 07:00:00,731,1,-0.42290985504429074,0.42290985504429074,"{'max_depth': None, 'min_samples_leaf': 1, 'min_samples_split': 20}"
2025-07-28 07:00:00,ARX,7,0.8455632612707082,0.8929131630867323,2023-07-28 07:00:00,2025-07-28 07:00:00,2025-07-28 07:00:00,731,1,-0.3032104293734177,0.3032104293734177,{'model__alpha': 0.01}
2025-07-28 07:00:00,Random Forest,7,0.8455632612707082,0.43542426824758707,2023-07-28 07:00:00,2025-07-28 07:00:00,2025-07-28 07:00:00,731,1,-0.28640559026943707,0.28640559026943707,"{'max_depth': 10, 'max_features': 0.5, 'min_samples_leaf': 2, 'n_estimators': 100}"
2025-07-28 07:00:00,Neural Network,7,0.8455632612707082,0.7145347235849976,2023-07-28 07:00:00,2025-07-28 07:00:00,2025-07-28 07:00:00,731,1,-0.35941423956503044,0.35941423956503044,"{'regressor__model__alpha': 0.0001, 'regressor__model__hidden_layer_sizes': (64, 32), 'regressor__model__learning_rate_init': 0.0001}"
2025-07-28 07:00:00,Naive,7,0.8455632612707082,-0.010863337923299816,2023-07-28 07:00:00,2025-07-28 07:00:00,2025-07-28 07:00:00,731,1,,,not_applicable
2025-07-29 07:00:00,Decision Tree,7,0.5727041532739091,0.5372015380245112,2023-07-29 07:00:00,2025-07-29 07:00:00,2025-07-29 07:00:00,731,1,-0.42290985504429074,0.42290985504429074,"{'max_depth': None, 'min_samples_leaf': 1, 'min_samples_split': 20}"
2025-07-29 07:00:00,ARX,7,0.5727041532739091,0.4323622786559686,2023-07-29 07:00:00,2025-07-29 07:00:00,2025-07-29 07:00:00,731,1,-0.3032104293734177,0.3032104293734177,{'model__alpha': 0.01}
2025-07-29 07:00:00,Random Forest,7,0.5727041532739091,0.5119627028570338,2023-07-29 07:00:00,2025-07-29 07:00:00,2025-07-29 07:00:00,731,1,-0.28640559026943707,0.28640559026943707,"{'max_depth': 10, 'max_features': 0.5, 'min_samples_leaf': 2, 'n_estimators': 100}"
2025-07-29 07:00:00,Neural Network,7,0.5727041532739091,0.49300878549527816,2023-07-29 07:00:00,2025-07-29 07:00:00,2025-07-29 07:00:00,731,1,-0.35941423956503044,0.35941423956503044,"{'regressor__model__alpha': 0.0001, 'regressor__model__hidden_layer_sizes': (64, 32), 'regressor__model__learning_rate_init': 0.0001}"
2025-07-29 07:00:00,Naive,7,0.5727041532739091,0.8455632612707082,2023-07-29 07:00:00,2025-07-29 07:00:00,2025-07-29 07:00:00,731,1,,,not_applicable
2025-07-30 07:00:00,Decision Tree,7,0.2806686498887034,0.5394204514775985,2023-07-30 07:00:00,2025-07-30 07:00:00,2025-07-30 07:00:00,731,1,-0.42290985504429074,0.42290985504429074,"{'max_depth': None, 'min_samples_leaf': 1, 'min_samples_split': 20}"
2025-07-30 07:00:00,ARX,7,0.2806686498887034,0.48860582164619976,2023-07-30 07:00:00,2025-07-30 07:00:00,2025-07-30 07:00:00,731,1,-0.3032104293734177,0.3032104293734177,{'model__alpha': 0.01}
2025-07-30 07:00:00,Random Forest,7,0.2806686498887034,0.6324421739043278,2023-07-30 07:00:00,2025-07-30 07:00:00,2025-07-30 07:00:00,731,1,-0.28640559026943707,0.28640559026943707,"{'max_depth': 10, 'max_features': 0.5, 'min_samples_leaf': 2, 'n_estimators': 100}"
2025-07-30 07:00:00,Neural Network,7,0.2806686498887034,0.4487099415038672,2023-07-30 07:00:00,2025-07-30 07:00:00,2025-07-30 07:00:00,731,1,-0.35941423956503044,0.35941423956503044,"{'regressor__model__alpha': 0.0001, 'regressor__model__hidden_layer_sizes': (64, 32), 'regressor__model__learning_rate_init': 0.0001}"
2025-07-30 07:00:00,Naive,7,0.2806686498887034,0.5727041532739091,2023-07-30 07:00:00,2025-07-30 07:00:00,2025-07-30 07:00:00,731,1,,,not_applicable
2025-07-31 07:00:00,Decision Tree,7,0.3576686597560266,0.44948740090339934,2023-07-31 07:00:00,2025-07-31 07:00:00,2025-07-31 07:00:00,731,1,-0.42290985504429074,0.42290985504429074,"{'max_depth': None, 'min_samples_leaf': 1, 'min_samples_split': 20}"
2025-07-31 07:00:00,ARX,7,0.3576686597560266,0.24988414492229719,2023-07-31 07:00:00,2025-07-31 07:00:00,2025-07-31 07:00:00,731,1,-0.3032104293734177,0.3032104293734177,{'model__alpha': 0.01}
2025-07-31 07:00:00,Random Forest,7,0.3576686597560266,0.5262227494584498,2023-07-31 07:00:00,2025-07-31 07:00:00,2025-07-31 07:00:00,731,1,-0.28640559026943707,0.28640559026943707,"{'max_depth': 10, 'max_features': 0.5, 'min_samples_leaf': 2, 'n_estimators': 100}"
2025-07-31 07:00:00,Neural Network,7,0.3576686597560266,0.03427689686949424,2023-07-31 07:00:00,2025-07-31 07:00:00,2025-07-31 07:00:00,731,1,-0.35941423956503044,0.35941423956503044,"{'regressor__model__alpha': 0.0001, 'regressor__model__hidden_layer_sizes': (64, 32), 'regressor__model__learning_rate_init': 0.0001}"
2025-07-31 07:00:00,Naive,7,0.3576686597560266,0.2806686498887034,2023-07-31 07:00:00,2025-07-31 07:00:00,2025-07-31 07:00:00,731,1,,,not_applicable
2025-08-01 07:00:00,Decision Tree,7,0.6064251670581602,0.7284608853421114,2023-08-01 07:00:00,2025-08-01 07:00:00,2025-08-01 07:00:00,731,1,-0.42290985504429074,0.42290985504429074,"{'max_depth': None, 'min_samples_leaf': 1, 'min_samples_split': 20}"
2025-08-01 07:00:00,ARX,7,0.6064251670581602,0.5751850764271271,2023-08-01 07:00:00,2025-08-01 07:00:00,2025-08-01 07:00:00,731,1,-0.3032104293734177,0.3032104293734177,{'model__alpha': 0.01}
2025-08-01 07:00:00,Random Forest,7,0.6064251670581602,0.5269783471733959,2023-08-01 07:00:00,2025-08-01 07:00:00,2025-08-01 07:00:00,731,1,-0.28640559026943707,0.28640559026943707,"{'max_depth': 10, 'max_features': 0.5, 'min_samples_leaf': 2, 'n_estimators': 100}"
2025-08-01 07:00:00,Neural Network,7,0.6064251670581602,0.8744705290596926,2023-08-01 07:00:00,2025-08-01 07:00:00,2025-08-01 07:00:00,731,1,-0.35941423956503044,0.35941423956503044,"{'regressor__model__alpha': 0.0001, 'regressor__model__hidden_layer_sizes': (64, 32), 'regressor__model__learning_rate_init': 0.0001}"
2025-08-01 07:00:00,Naive,7,0.6064251670581602,0.3576686597560266,2023-08-01 07:00:00,2025-08-01 07:00:00,2025-08-01 07:00:00,731,1,,,not_applicable
2025-08-02 07:00:00,Decision Tree,7,-0.06424489981976637,0.1979808838513292,2023-08-02 07:00:00,2025-08-02 07:00:00,2025-08-02 07:00:00,731,1,-0.42290985504429074,0.42290985504429074,"{'max_depth': None, 'min_samples_leaf': 1, 'min_samples_split': 20}"
2025-08-02 07:00:00,ARX,7,-0.06424489981976637,0.059432224408022,2023-08-02 07:00:00,2025-08-02 07:00:00,2025-08-02 07:00:00,731,1,-0.3032104293734177,0.3032104293734177,{'model__alpha': 0.01}
2025-08-02 07:00:00,Random Forest,7,-0.06424489981976637,-0.03174464871905169,2023-08-02 07:00:00,2025-08-02 07:00:00,2025-08-02 07:00:00,731,1,-0.28640559026943707,0.28640559026943707,"{'max_depth': 10, 'max_features': 0.5, 'min_samples_leaf': 2, 'n_estimators': 100}"
2025-08-02 07:00:00,Neural Network,7,-0.06424489981976637,-0.017371681517471135,2023-08-02 07:00:00,2025-08-02 07:00:00,2025-08-02 07:00:00,731,1,-0.35941423956503044,0.35941423956503044,"{'regressor__model__alpha': 0.0001, 'regressor__model__hidden_layer_sizes': (64, 32), 'regressor__model__learning_rate_init': 0.0001}"
2025-08-02 07:00:00,Naive,7,-0.06424489981976637,0.6064251670581602,2023-08-02 07:00:00,2025-08-02 07:00:00,2025-08-02 07:00:00,731,1,,,not_applicable
2025-08-03 07:00:00,Decision Tree,7,-1.283751862947615,-0.04332941773365616,2023-08-03 07:00:00,2025-08-03 07:00:00,2025-08-03 07:00:00,731,1,-0.42290985504429074,0.42290985504429074,"{'max_depth': None, 'min_samples_leaf': 1, 'min_samples_split': 20}"
2025-08-03 07:00:00,ARX,7,-1.283751862947615,-0.3449296362157106,2023-08-03 07:00:00,2025-08-03 07:00:00,2025-08-03 07:00:00,731,1,-0.3032104293734177,0.3032104293734177,{'model__alpha': 0.01}
2025-08-03 07:00:00,Random Forest,7,-1.283751862947615,-0.17221199474144355,2023-08-03 07:00:00,2025-08-03 07:00:00,2025-08-03 07:00:00,731,1,-0.28640559026943707,0.28640559026943707,"{'max_depth': 10, 'max_features': 0.5, 'min_samples_leaf': 2, 'n_estimators': 100}"
2025-08-03 07:00:00,Neural Network,7,-1.283751862947615,-0.331840905921002,2023-08-03 07:00:00,2025-08-03 07:00:00,2025-08-03 07:00:00,731,1,-0.35941423956503044,0.35941423956503044,"{'regressor__model__alpha': 0.0001, 'regressor__model__hidden_layer_sizes': (64, 32), 'regressor__model__learning_rate_init': 0.0001}"
2025-08-03 07:00:00,Naive,7,-1.283751862947615,-0.06424489981976637,2023-08-03 07:00:00,2025-08-03 07:00:00,2025-08-03 07:00:00,731,1,,,not_applicable
2025-08-04 07:00:00,Decision Tree,7,0.41461473032197793,0.7274945091541052,2023-08-04 07:00:00,2025-08-04 07:00:00,2025-08-04 07:00:00,731,1,-0.42290985504429074,0.42290985504429074,"{'max_depth': None, 'min_samples_leaf': 1, 'min_samples_split': 20}"
2025-08-04 07:00:00,ARX,7,0.41461473032197793,0.4539734972464697,2023-08-04 07:00:00,2025-08-04 07:00:00,2025-08-04 07:00:00,731,1,-0.3032104293734177,0.3032104293734177,{'model__alpha': 0.01}
2025-08-04 07:00:00,Random Forest,7,0.41461473032197793,0.36098950770108984,2023-08-04 07:00:00,2025-08-04 07:00:00,2025-08-04 07:00:00,731,1,-0.28640559026943707,0.28640559026943707,"{'max_depth': 10, 'max_features': 0.5, 'min_samples_leaf': 2, 'n_estimators': 100}"
2025-08-04 07:00:00,Neural Network,7,0.41461473032197793,0.6891788205192454,2023-08-04 07:00:00,2025-08-04 07:00:00,2025-08-04 07:00:00,731,1,-0.35941423956503044,0.35941423956503044,"{'regressor__model__alpha': 0.0001, 'regressor__model__hidden_layer_sizes': (64, 32), 'regressor__model__learning_rate_init': 0.0001}"
2025-08-04 07:00:00,Naive,7,0.41461473032197793,-1.283751862947615,2023-08-04 07:00:00,2025-08-04 07:00:00,2025-08-04 07:00:00,731,1,,,not_applicable
2025-08-05 07:00:00,Decision Tree,7,0.1374841230763852,-0.12150593756252344,2023-08-05 07:00:00,2025-08-05 07:00:00,2025-08-05 07:00:00,731,1,-0.42290985504429074,0.42290985504429074,"{'max_depth': None, 'min_samples_leaf': 1, 'min_samples_split': 20}"
2025-08-05 07:00:00,ARX,7,0.1374841230763852,-0.3388170815953744,2023-08-05 07:00:00,2025-08-05 07:00:00,2025-08-05 07:00:00,731,1,-0.3032104293734177,0.3032104293734177,{'model__alpha': 0.01}
2025-08-05 07:00:00,Random Forest,7,0.1374841230763852,0.017087495929135034,2023-08-05 07:00:00,2025-08-05 07:00:00,2025-08-05 07:00:00,731,1,-0.28640559026943707,0.28640559026943707,"{'max_depth': 10, 'max_features': 0.5, 'min_samples_leaf': 2, 'n_estimators': 100}"
2025-08-05 07:00:00,Neural Network,7,0.1374841230763852,-0.30960556708033404,2023-08-05 07:00:00,2025-08-05 07:00:00,2025-08-05 07:00:00,731,1,-0.35941423956503044,0.35941423956503044,"{'regressor__model__alpha': 0.0001, 'regressor__model__hidden_layer_sizes': (64, 32), 'regressor__model__learning_rate_init': 0.0001}"
2025-08-05 07:00:00,Naive,7,0.1374841230763852,0.41461473032197793,2023-08-05 07:00:00,2025-08-05 07:00:00,2025-08-05 07:00:00,731,1,,,not_applicable
2025-08-06 07:00:00,Decision Tree,7,0.4202743748700314,0.6197286459504211,2023-08-06 07:00:00,2025-08-06 07:00:00,2025-08-06 07:00:00,731,1,-0.42290985504429074,0.42290985504429074,"{'max_depth': None, 'min_samples_leaf': 1, 'min_samples_split': 20}"
2025-08-06 07:00:00,ARX,7,0.4202743748700314,-0.03563748598161014,2023-08-06 07:00:00,2025-08-06 07:00:00,2025-08-06 07:00:00,731,1,-0.3032104293734177,0.3032104293734177,{'model__alpha': 0.01}
2025-08-06 07:00:00,Random Forest,7,0.4202743748700314,0.43623130870887833,2023-08-06 07:00:00,2025-08-06 07:00:00,2025-08-06 07:00:00,731,1,-0.28640559026943707,0.28640559026943707,"{'max_depth': 10, 'max_features': 0.5, 'min_samples_leaf': 2, 'n_estimators': 100}"
2025-08-06 07:00:00,Neural Network,7,0.4202743748700314,0.30656629297330207,2023-08-06 07:00:00,2025-08-06 07:00:00,2025-08-06 07:00:00,731,1,-0.35941423956503044,0.35941423956503044,"{'regressor__model__alpha': 0.0001, 'regressor__model__hidden_layer_sizes': (64, 32), 'regressor__model__learning_rate_init': 0.0001}"
2025-08-06 07:00:00,Naive,7,0.4202743748700314,0.1374841230763852,2023-08-06 07:00:00,2025-08-06 07:00:00,2025-08-06 07:00:00,731,1,,,not_applicable
2025-08-07 07:00:00,Decision Tree,7,0.5073116126054502,0.7733720563213778,2023-08-07 07:00:00,2025-08-07 07:00:00,2025-08-07 07:00:00,731,1,-0.42290985504429074,0.42290985504429074,"{'max_depth': None, 'min_samples_leaf': 1, 'min_samples_split': 20}"
2025-08-07 07:00:00,ARX,7,0.5073116126054502,0.5036852269757888,2023-08-07 07:00:00,2025-08-07 07:00:00,2025-08-07 07:00:00,731,1,-0.3032104293734177,0.3032104293734177,{'model__alpha': 0.01}
2025-08-07 07:00:00,Random Forest,7,0.5073116126054502,0.5782041743061078,2023-08-07 07:00:00,2025-08-07 07:00:00,2025-08-07 07:00:00,731,1,-0.28640559026943707,0.28640559026943707,"{'max_depth': 10, 'max_features': 0.5, 'min_samples_leaf': 2, 'n_estimators': 100}"
2025-08-07 07:00:00,Neural Network,7,0.5073116126054502,1.037486717795994,2023-08-07 07:00:00,2025-08-07 07:00:00,2025-08-07 07:00:00,731,1,-0.35941423956503044,0.35941423956503044,"{'regressor__model__alpha': 0.0001, 'regressor__model__hidden_layer_sizes': (64, 32), 'regressor__model__learning_rate_init': 0.0001}"
2025-08-07 07:00:00,Naive,7,0.5073116126054502,0.4202743748700314,2023-08-07 07:00:00,2025-08-07 07:00:00,2025-08-07 07:00:00,731,1,,,not_applicable
2025-08-08 07:00:00,Decision Tree,7,0.42301577744429636,0.3765827433545265,2023-08-08 07:00:00,2025-08-08 07:00:00,2025-08-08 07:00:00,731,1,-0.42290985504429074,0.42290985504429074,"{'max_depth': None, 'min_samples_leaf': 1, 'min_samples_split': 20}"
2025-08-08 07:00:00,ARX,7,0.42301577744429636,0.5072023077244887,2023-08-08 07:00:00,2025-08-08 07:00:00,2025-08-08 07:00:00,731,1,-0.3032104293734177,0.3032104293734177,{'model__alpha': 0.01}
2025-08-08 07:00:00,Random Forest,7,0.42301577744429636,0.5573274923500802,2023-08-08 07:00:00,2025-08-08 07:00:00,2025-08-08 07:00:00,731,1,-0.28640559026943707,0.28640559026943707,"{'max_depth': 10, 'max_features': 0.5, 'min_samples_leaf': 2, 'n_estimators': 100}"
2025-08-08 07:00:00,Neural Network,7,0.42301577744429636,0.4464266352392519,2023-08-08 07:00:00,2025-08-08 07:00:00,2025-08-08 07:00:00,731,1,-0.35941423956503044,0.35941423956503044,"{'regressor__model__alpha': 0.0001, 'regressor__model__hidden_layer_sizes': (64, 32), 'regressor__model__learning_rate_init': 0.0001}"
2025-08-08 07:00:00,Naive,7,0.42301577744429636,0.5073116126054502,2023-08-08 07:00:00,2025-08-08 07:00:00,2025-08-08 07:00:00,731,1,,,not_applicable
2025-08-09 07:00:00,Decision Tree,7,0.17283963956579176,-0.8331519425810423,2023-08-09 07:00:00,2025-08-09 07:00:00,2025-08-09 07:00:00,731,1,-0.42290985504429074,0.42290985504429074,"{'max_depth': None, 'min_samples_leaf': 1, 'min_samples_split': 20}"
2025-08-09 07:00:00,ARX,7,0.17283963956579176,0.20502509059021445,2023-08-09 07:00:00,2025-08-09 07:00:00,2025-08-09 07:00:00,731,1,-0.3032104293734177,0.3032104293734177,{'model__alpha': 0.01}
2025-08-09 07:00:00,Random Forest,7,0.17283963956579176,0.023428606587355683,2023-08-09 07:00:00,2025-08-09 07:00:00,2025-08-09 07:00:00,731,1,-0.28640559026943707,0.28640559026943707,"{'max_depth': 10, 'max_features': 0.5, 'min_samples_leaf': 2, 'n_estimators': 100}"
2025-08-09 07:00:00,Neural Network,7,0.17283963956579176,0.17300796828082926,2023-08-09 07:00:00,2025-08-09 07:00:00,2025-08-09 07:00:00,731,1,-0.35941423956503044,0.35941423956503044,"{'regressor__model__alpha': 0.0001, 'regressor__model__hidden_layer_sizes': (64, 32), 'regressor__model__learning_rate_init': 0.0001}"
2025-08-09 07:00:00,Naive,7,0.17283963956579176,0.42301577744429636,2023-08-09 07:00:00,2025-08-09 07:00:00,2025-08-09 07:00:00,731,1,,,not_applicable
2025-08-10 07:00:00,Decision Tree,7,-0.3313529666651566,0.024931274747056798,2023-08-10 07:00:00,2025-08-10 07:00:00,2025-08-10 07:00:00,731,1,-0.42290985504429074,0.42290985504429074,"{'max_depth': None, 'min_samples_leaf': 1, 'min_samples_split': 20}"
2025-08-10 07:00:00,ARX,7,-0.3313529666651566,-0.44470076081245824,2023-08-10 07:00:00,2025-08-10 07:00:00,2025-08-10 07:00:00,731,1,-0.3032104293734177,0.3032104293734177,{'model__alpha': 0.01}
2025-08-10 07:00:00,Random Forest,7,-0.3313529666651566,-0.35519997740289533,2023-08-10 07:00:00,2025-08-10 07:00:00,2025-08-10 07:00:00,731,1,-0.28640559026943707,0.28640559026943707,"{'max_depth': 10, 'max_features': 0.5, 'min_samples_leaf': 2, 'n_estimators': 100}"
2025-08-10 07:00:00,Neural Network,7,-0.3313529666651566,-0.0048704130480163865,2023-08-10 07:00:00,2025-08-10 07:00:00,2025-08-10 07:00:00,731,1,-0.35941423956503044,0.35941423956503044,"{'regressor__model__alpha': 0.0001, 'regressor__model__hidden_layer_sizes': (64, 32), 'regressor__model__learning_rate_init': 0.0001}"
2025-08-10 07:00:00,Naive,7,-0.3313529666651566,0.17283963956579176,2023-08-10 07:00:00,2025-08-10 07:00:00,2025-08-10 07:00:00,731,1,,,not_applicable
2025-08-11 07:00:00,Decision Tree,7,1.0571365750768562,0.528848949181253,2023-08-11 07:00:00,2025-08-11 07:00:00,2025-08-11 07:00:00,731,1,-0.42290985504429074,0.42290985504429074,"{'max_depth': None, 'min_samples_leaf': 1, 'min_samples_split': 20}"
2025-08-11 07:00:00,ARX,7,1.0571365750768562,0.783890860741854,2023-08-11 07:00:00,2025-08-11 07:00:00,2025-08-11 07:00:00,731,1,-0.3032104293734177,0.3032104293734177,{'model__alpha': 0.01}
2025-08-11 07:00:00,Random Forest,7,1.0571365750768562,0.5657743430890098,2023-08-11 07:00:00,2025-08-11 07:00:00,2025-08-11 07:00:00,731,1,-0.28640559026943707,0.28640559026943707,"{'max_depth': 10, 'max_features': 0.5, 'min_samples_leaf': 2, 'n_estimators': 100}"
2025-08-11 07:00:00,Neural Network,7,1.0571365750768562,0.3735038232855684,2023-08-11 07:00:00,2025-08-11 07:00:00,2025-08-11 07:00:00,731,1,-0.35941423956503044,0.35941423956503044,"{'regressor__model__alpha': 0.0001, 'regressor__model__hidden_layer_sizes': (64, 32), 'regressor__model__learning_rate_init': 0.0001}"
2025-08-11 07:00:00,Naive,7,1.0571365750768562,-0.3313529666651566,2023-08-11 07:00:00,2025-08-11 07:00:00,2025-08-11 07:00:00,731,1,,,not_applicable
2025-08-12 07:00:00,Decision Tree,7,0.4618239211482674,0.9577513389562837,2023-08-12 07:00:00,2025-08-12 07:00:00,2025-08-12 07:00:00,731,1,-0.42290985504429074,0.42290985504429074,"{'max_depth': None, 'min_samples_leaf': 1, 'min_samples_split': 20}"
2025-08-12 07:00:00,ARX,7,0.4618239211482674,0.6740176475329256,2023-08-12 07:00:00,2025-08-12 07:00:00,2025-08-12 07:00:00,731,1,-0.3032104293734177,0.3032104293734177,{'model__alpha': 0.01}
2025-08-12 07:00:00,Random Forest,7,0.4618239211482674,0.9739625394455628,2023-08-12 07:00:00,2025-08-12 07:00:00,2025-08-12 07:00:00,731,1,-0.28640559026943707,0.28640559026943707,"{'max_depth': 10, 'max_features': 0.5, 'min_samples_leaf': 2, 'n_estimators': 100}"
2025-08-12 07:00:00,Neural Network,7,0.4618239211482674,1.332462211748429,2023-08-12 07:00:00,2025-08-12 07:00:00,2025-08-12 07:00:00,731,1,-0.35941423956503044,0.35941423956503044,"{'regressor__model__alpha': 0.0001, 'regressor__model__hidden_layer_sizes': (64, 32), 'regressor__model__learning_rate_init': 0.0001}"
2025-08-12 07:00:00,Naive,7,0.4618239211482674,1.0571365750768562,2023-08-12 07:00:00,2025-08-12 07:00:00,2025-08-12 07:00:00,731,1,,,not_applicable
2025-08-13 07:00:00,Decision Tree,7,0.5316967225835955,0.8621899035774957,2023-08-13 07:00:00,2025-08-13 07:00:00,2025-08-13 07:00:00,731,1,-0.42290985504429074,0.42290985504429074,"{'max_depth': None, 'min_samples_leaf': 1, 'min_samples_split': 20}"
2025-08-13 07:00:00,ARX,7,0.5316967225835955,0.6675629969181964,2023-08-13 07:00:00,2025-08-13 07:00:00,2025-08-13 07:00:00,731,1,-0.3032104293734177,0.3032104293734177,{'model__alpha': 0.01}
2025-08-13 07:00:00,Random Forest,7,0.5316967225835955,0.7362735337535788,2023-08-13 07:00:00,2025-08-13 07:00:00,2025-08-13 07:00:00,731,1,-0.28640559026943707,0.28640559026943707,"{'max_depth': 10, 'max_features': 0.5, 'min_samples_leaf': 2, 'n_estimators': 100}"
2025-08-13 07:00:00,Neural Network,7,0.5316967225835955,1.1501293094224017,2023-08-13 07:00:00,2025-08-13 07:00:00,2025-08-13 07:00:00,731,1,-0.35941423956503044,0.35941423956503044,"{'regressor__model__alpha': 0.0001, 'regressor__model__hidden_layer_sizes': (64, 32), 'regressor__model__learning_rate_init': 0.0001}"
2025-08-13 07:00:00,Naive,7,0.5316967225835955,0.4618239211482674,2023-08-13 07:00:00,2025-08-13 07:00:00,2025-08-13 07:00:00,731,1,,,not_applicable
2025-08-14 07:00:00,Decision Tree,7,0.5879976050401862,0.8427491282249134,2023-08-14 07:00:00,2025-08-14 07:00:00,2025-08-14 07:00:00,731,1,-0.42290985504429074,0.42290985504429074,"{'max_depth': None, 'min_samples_leaf': 1, 'min_samples_split': 20}"
2025-08-14 07:00:00,ARX,7,0.5879976050401862,0.937162961529501,2023-08-14 07:00:00,2025-08-14 07:00:00,2025-08-14 07:00:00,731,1,-0.3032104293734177,0.3032104293734177,{'model__alpha': 0.01}
2025-08-14 07:00:00,Random Forest,7,0.5879976050401862,0.8083019087825417,2023-08-14 07:00:00,2025-08-14 07:00:00,2025-08-14 07:00:00,731,1,-0.28640559026943707,0.28640559026943707,"{'max_depth': 10, 'max_features': 0.5, 'min_samples_leaf': 2, 'n_estimators': 100}"
2025-08-14 07:00:00,Neural Network,7,0.5879976050401862,0.7582888503841563,2023-08-14 07:00:00,2025-08-14 07:00:00,2025-08-14 07:00:00,731,1,-0.35941423956503044,0.35941423956503044,"{'regressor__model__alpha': 0.0001, 'regressor__model__hidden_layer_sizes': (64, 32), 'regressor__model__learning_rate_init': 0.0001}"
2025-08-14 07:00:00,Naive,7,0.5879976050401862,0.5316967225835955,2023-08-14 07:00:00,2025-08-14 07:00:00,2025-08-14 07:00:00,731,1,,,not_applicable
2025-08-15 07:00:00,Decision Tree,7,0.3789174062691839,0.7120163134015444,2023-08-15 07:00:00,2025-08-15 07:00:00,2025-08-15 07:00:00,731,1,-0.42290985504429074,0.42290985504429074,"{'max_depth': None, 'min_samples_leaf': 1, 'min_samples_split': 20}"
2025-08-15 07:00:00,ARX,7,0.3789174062691839,0.7604193734053399,2023-08-15 07:00:00,2025-08-15 07:00:00,2025-08-15 07:00:00,731,1,-0.3032104293734177,0.3032104293734177,{'model__alpha': 0.01}
2025-08-15 07:00:00,Random Forest,7,0.3789174062691839,0.7448727266559277,2023-08-15 07:00:00,2025-08-15 07:00:00,2025-08-15 07:00:00,731,1,-0.28640559026943707,0.28640559026943707,"{'max_depth': 10, 'max_features': 0.5, 'min_samples_leaf': 2, 'n_estimators': 100}"
2025-08-15 07:00:00,Neural Network,7,0.3789174062691839,0.8080920638728484,2023-08-15 07:00:00,2025-08-15 07:00:00,2025-08-15 07:00:00,731,1,-0.35941423956503044,0.35941423956503044,"{'regressor__model__alpha': 0.0001, 'regressor__model__hidden_layer_sizes': (64, 32), 'regressor__model__learning_rate_init': 0.0001}"
2025-08-15 07:00:00,Naive,7,0.3789174062691839,0.5879976050401862,2023-08-15 07:00:00,2025-08-15 07:00:00,2025-08-15 07:00:00,731,1,,,not_applicable
2025-08-16 07:00:00,Decision Tree,7,0.08090504917175767,-0.707402994812688,2023-08-16 07:00:00,2025-08-16 07:00:00,2025-08-16 07:00:00,731,1,-0.42290985504429074,0.42290985504429074,"{'max_depth': None, 'min_samples_leaf': 1, 'min_samples_split': 20}"
2025-08-16 07:00:00,ARX,7,0.08090504917175767,-0.04317239881922416,2023-08-16 07:00:00,2025-08-16 07:00:00,2025-08-16 07:00:00,731,1,-0.3032104293734177,0.3032104293734177,{'model__alpha': 0.01}
2025-08-16 07:00:00,Random Forest,7,0.08090504917175767,-0.10253956746153785,2023-08-16 07:00:00,2025-08-16 07:00:00,2025-08-16 07:00:00,731,1,-0.28640559026943707,0.28640559026943707,"{'max_depth': 10, 'max_features': 0.5, 'min_samples_leaf': 2, 'n_estimators': 100}"
2025-08-16 07:00:00,Neural Network,7,0.08090504917175767,-0.21345101354350912,2023-08-16 07:00:00,2025-08-16 07:00:00,2025-08-16 07:00:00,731,1,-0.35941423956503044,0.35941423956503044,"{'regressor__model__alpha': 0.0001, 'regressor__model__hidden_layer_sizes': (64, 32), 'regressor__model__learning_rate_init': 0.0001}"
2025-08-16 07:00:00,Naive,7,0.08090504917175767,0.3789174062691839,2023-08-16 07:00:00,2025-08-16 07:00:00,2025-08-16 07:00:00,731,1,,,not_applicable
2025-08-17 07:00:00,Decision Tree,7,-0.16179159781624772,-0.7082493063027634,2023-08-17 07:00:00,2025-08-17 07:00:00,2025-08-17 07:00:00,731,1,-0.42290985504429074,0.42290985504429074,"{'max_depth': None, 'min_samples_leaf': 1, 'min_samples_split': 20}"
2025-08-17 07:00:00,ARX,7,-0.16179159781624772,-0.2319393511216667,2023-08-17 07:00:00,2025-08-17 07:00:00,2025-08-17 07:00:00,731,1,-0.3032104293734177,0.3032104293734177,{'model__alpha': 0.01}
2025-08-17 07:00:00,Random Forest,7,-0.16179159781624772,-0.29030239349440606,2023-08-17 07:00:00,2025-08-17 07:00:00,2025-08-17 07:00:00,731,1,-0.28640559026943707,0.28640559026943707,"{'max_depth': 10, 'max_features': 0.5, 'min_samples_leaf': 2, 'n_estimators': 100}"
2025-08-17 07:00:00,Neural Network,7,-0.16179159781624772,-0.7384685786311306,2023-08-17 07:00:00,2025-08-17 07:00:00,2025-08-17 07:00:00,731,1,-0.35941423956503044,0.35941423956503044,"{'regressor__model__alpha': 0.0001, 'regressor__model__hidden_layer_sizes': (64, 32), 'regressor__model__learning_rate_init': 0.0001}"
2025-08-17 07:00:00,Naive,7,-0.16179159781624772,0.08090504917175767,2023-08-17 07:00:00,2025-08-17 07:00:00,2025-08-17 07:00:00,731,1,,,not_applicable
2025-08-18 07:00:00,Decision Tree,7,1.0001446165062282,1.0836505416736975,2023-08-18 07:00:00,2025-08-18 07:00:00,2025-08-18 07:00:00,731,1,-0.42290985504429074,0.42290985504429074,"{'max_depth': None, 'min_samples_leaf': 1, 'min_samples_split': 20}"
2025-08-18 07:00:00,ARX,7,1.0001446165062282,1.088432128678662,2023-08-18 07:00:00,2025-08-18 07:00:00,2025-08-18 07:00:00,731,1,-0.3032104293734177,0.3032104293734177,{'model__alpha': 0.01}
2025-08-18 07:00:00,Random Forest,7,1.0001446165062282,0.9996914700631886,2023-08-18 07:00:00,2025-08-18 07:00:00,2025-08-18 07:00:00,731,1,-0.28640559026943707,0.28640559026943707,"{'max_depth': 10, 'max_features': 0.5, 'min_samples_leaf': 2, 'n_estimators': 100}"
2025-08-18 07:00:00,Neural Network,7,1.0001446165062282,1.3085421314401118,2023-08-18 07:00:00,2025-08-18 07:00:00,2025-08-18 07:00:00,731,1,-0.35941423956503044,0.35941423956503044,"{'regressor__model__alpha': 0.0001, 'regressor__model__hidden_layer_sizes': (64, 32), 'regressor__model__learning_rate_init': 0.0001}"
2025-08-18 07:00:00,Naive,7,1.0001446165062282,-0.16179159781624772,2023-08-18 07:00:00,2025-08-18 07:00:00,2025-08-18 07:00:00,731,1,,,not_applicable
2025-08-19 07:00:00,Decision Tree,7,0.5910176664494955,1.342243629195074,2023-08-19 07:00:00,2025-08-19 07:00:00,2025-08-19 07:00:00,731,1,-0.42290985504429074,0.42290985504429074,"{'max_depth': None, 'min_samples_leaf': 1, 'min_samples_split': 20}"
2025-08-19 07:00:00,ARX,7,0.5910176664494955,1.1298581126120828,2023-08-19 07:00:00,2025-08-19 07:00:00,2025-08-19 07:00:00,731,1,-0.3032104293734177,0.3032104293734177,{'model__alpha': 0.01}
2025-08-19 07:00:00,Random Forest,7,0.5910176664494955,1.0071551326210273,2023-08-19 07:00:00,2025-08-19 07:00:00,2025-08-19 07:00:00,731,1,-0.28640559026943707,0.28640559026943707,"{'max_depth': 10, 'max_features': 0.5, 'min_samples_leaf': 2, 'n_estimators': 100}"
2025-08-19 07:00:00,Neural Network,7,0.5910176664494955,1.188417687093129,2023-08-19 07:00:00,2025-08-19 07:00:00,2025-08-19 07:00:00,731,1,-0.35941423956503044,0.35941423956503044,"{'regressor__model__alpha': 0.0001, 'regressor__model__hidden_layer_sizes': (64, 32), 'regressor__model__learning_rate_init': 0.0001}"
2025-08-19 07:00:00,Naive,7,0.5910176664494955,1.0001446165062282,2023-08-19 07:00:00,2025-08-19 07:00:00,2025-08-19 07:00:00,731,1,,,not_applicable
2025-08-20 07:00:00,Decision Tree,7,0.5952595979394033,0.7974179347836277,2023-08-20 07:00:00,2025-08-20 07:00:00,2025-08-20 07:00:00,731,1,-0.42290985504429074,0.42290985504429074,"{'max_depth': None, 'min_samples_leaf': 1, 'min_samples_split': 20}"
2025-08-20 07:00:00,ARX,7,0.5952595979394033,0.8904366372703184,2023-08-20 07:00:00,2025-08-20 07:00:00,2025-08-20 07:00:00,731,1,-0.3032104293734177,0.3032104293734177,{'model__alpha': 0.01}
2025-08-20 07:00:00,Random Forest,7,0.5952595979394033,0.8377601584105768,2023-08-20 07:00:00,2025-08-20 07:00:00,2025-08-20 07:00:00,731,1,-0.28640559026943707,0.28640559026943707,"{'max_depth': 10, 'max_features': 0.5, 'min_samples_leaf': 2, 'n_estimators': 100}"
2025-08-20 07:00:00,Neural Network,7,0.5952595979394033,1.2097016352704837,2023-08-20 07:00:00,2025-08-20 07:00:00,2025-08-20 07:00:00,731,1,-0.35941423956503044,0.35941423956503044,"{'regressor__model__alpha': 0.0001, 'regressor__model__hidden_layer_sizes': (64, 32), 'regressor__model__learning_rate_init': 0.0001}"
2025-08-20 07:00:00,Naive,7,0.5952595979394033,0.5910176664494955,2023-08-20 07:00:00,2025-08-20 07:00:00,2025-08-20 07:00:00,731,1,,,not_applicable
2025-08-21 07:00:00,Decision Tree,7,0.74571437293959,0.7805714067132757,2023-08-21 07:00:00,2025-08-21 07:00:00,2025-08-21 07:00:00,731,1,-0.42290985504429074,0.42290985504429074,"{'max_depth': None, 'min_samples_leaf': 1, 'min_samples_split': 20}"
2025-08-21 07:00:00,ARX,7,0.74571437293959,0.7802138671871196,2023-08-21 07:00:00,2025-08-21 07:00:00,2025-08-21 07:00:00,731,1,-0.3032104293734177,0.3032104293734177,{'model__alpha': 0.01}
2025-08-21 07:00:00,Random Forest,7,0.74571437293959,0.6933907201994028,2023-08-21 07:00:00,2025-08-21 07:00:00,2025-08-21 07:00:00,731,1,-0.28640559026943707,0.28640559026943707,"{'max_depth': 10, 'max_features': 0.5, 'min_samples_leaf': 2, 'n_estimators': 100}"
2025-08-21 07:00:00,Neural Network,7,0.74571437293959,0.7094188011108546,2023-08-21 07:00:00,2025-08-21 07:00:00,2025-08-21 07:00:00,731,1,-0.35941423956503044,0.35941423956503044,"{'regressor__model__alpha': 0.0001, 'regressor__model__hidden_layer_sizes': (64, 32), 'regressor__model__learning_rate_init': 0.0001}"
2025-08-21 07:00:00,Naive,7,0.74571437293959,0.5952595979394033,2023-08-21 07:00:00,2025-08-21 07:00:00,2025-08-21 07:00:00,731,1,,,not_applicable
2025-08-22 07:00:00,Decision Tree,7,0.5355379815703185,0.5568792634556917,2023-08-22 07:00:00,2025-08-22 07:00:00,2025-08-22 07:00:00,731,1,-0.42290985504429074,0.42290985504429074,"{'max_depth': None, 'min_samples_leaf': 1, 'min_samples_split': 20}"
2025-08-22 07:00:00,ARX,7,0.5355379815703185,0.3543822141933589,2023-08-22 07:00:00,2025-08-22 07:00:00,2025-08-22 07:00:00,731,1,-0.3032104293734177,0.3032104293734177,{'model__alpha': 0.01}
2025-08-22 07:00:00,Random Forest,7,0.5355379815703185,0.6531268817073126,2023-08-22 07:00:00,2025-08-22 07:00:00,2025-08-22 07:00:00,731,1,-0.28640559026943707,0.28640559026943707,"{'max_depth': 10, 'max_features': 0.5, 'min_samples_leaf': 2, 'n_estimators': 100}"
2025-08-22 07:00:00,Neural Network,7,0.5355379815703185,0.34919912257211627,2023-08-22 07:00:00,2025-08-22 07:00:00,2025-08-22 07:00:00,731,1,-0.35941423956503044,0.35941423956503044,"{'regressor__model__alpha': 0.0001, 'regressor__model__hidden_layer_sizes': (64, 32), 'regressor__model__learning_rate_init': 0.0001}"
2025-08-22 07:00:00,Naive,7,0.5355379815703185,0.74571437293959,2023-08-22 07:00:00,2025-08-22 07:00:00,2025-08-22 07:00:00,731,1,,,not_applicable
2025-08-23 07:00:00,Decision Tree,7,-0.0024641407314969265,0.23143518594621695,2023-08-23 07:00:00,2025-08-23 07:00:00,2025-08-23 07:00:00,731,1,-0.42290985504429074,0.42290985504429074,"{'max_depth': None, 'min_samples_leaf': 1, 'min_samples_split': 20}"
2025-08-23 07:00:00,ARX,7,-0.0024641407314969265,-0.10873003814288829,2023-08-23 07:00:00,2025-08-23 07:00:00,2025-08-23 07:00:00,731,1,-0.3032104293734177,0.3032104293734177,{'model__alpha': 0.01}
2025-08-23 07:00:00,Random Forest,7,-0.0024641407314969265,-0.07938411598785136,2023-08-23 07:00:00,2025-08-23 07:00:00,2025-08-23 07:00:00,731,1,-0.28640559026943707,0.28640559026943707,"{'max_depth': 10, 'max_features': 0.5, 'min_samples_leaf': 2, 'n_estimators': 100}"
2025-08-23 07:00:00,Neural Network,7,-0.0024641407314969265,-0.44184073136605095,2023-08-23 07:00:00,2025-08-23 07:00:00,2025-08-23 07:00:00,731,1,-0.35941423956503044,0.35941423956503044,"{'regressor__model__alpha': 0.0001, 'regressor__model__hidden_layer_sizes': (64, 32), 'regressor__model__learning_rate_init': 0.0001}"
2025-08-23 07:00:00,Naive,7,-0.0024641407314969265,0.5355379815703185,2023-08-23 07:00:00,2025-08-23 07:00:00,2025-08-23 07:00:00,731,1,,,not_applicable
2025-08-24 07:00:00,Decision Tree,7,-0.049059117573862936,-0.21271770563615292,2023-08-24 07:00:00,2025-08-24 07:00:00,2025-08-24 07:00:00,731,1,-0.42290985504429074,0.42290985504429074,"{'max_depth': None, 'min_samples_leaf': 1, 'min_samples_split': 20}"
2025-08-24 07:00:00,ARX,7,-0.049059117573862936,0.14548189639289544,2023-08-24 07:00:00,2025-08-24 07:00:00,2025-08-24 07:00:00,731,1,-0.3032104293734177,0.3032104293734177,{'model__alpha': 0.01}
2025-08-24 07:00:00,Random Forest,7,-0.049059117573862936,-0.031804105964309756,2023-08-24 07:00:00,2025-08-24 07:00:00,2025-08-24 07:00:00,731,1,-0.28640559026943707,0.28640559026943707,"{'max_depth': 10, 'max_features': 0.5, 'min_samples_leaf': 2, 'n_estimators': 100}"
2025-08-24 07:00:00,Neural Network,7,-0.049059117573862936,-0.07080537760454636,2023-08-24 07:00:00,2025-08-24 07:00:00,2025-08-24 07:00:00,731,1,-0.35941423956503044,0.35941423956503044,"{'regressor__model__alpha': 0.0001, 'regressor__model__hidden_layer_sizes': (64, 32), 'regressor__model__learning_rate_init': 0.0001}"
2025-08-24 07:00:00,Naive,7,-0.049059117573862936,-0.0024641407314969265,2023-08-24 07:00:00,2025-08-24 07:00:00,2025-08-24 07:00:00,731,1,,,not_applicable
2025-08-25 07:00:00,Decision Tree,7,0.9160703921643353,0.8722274286841109,2023-08-25 07:00:00,2025-08-25 07:00:00,2025-08-25 07:00:00,731,1,-0.42290985504429074,0.42290985504429074,"{'max_depth': None, 'min_samples_leaf': 1, 'min_samples_split': 20}"
2025-08-25 07:00:00,ARX,7,0.9160703921643353,0.9316568094802188,2023-08-25 07:00:00,2025-08-25 07:00:00,2025-08-25 07:00:00,731,1,-0.3032104293734177,0.3032104293734177,{'model__alpha': 0.01}
2025-08-25 07:00:00,Random Forest,7,0.9160703921643353,0.8772234603401102,2023-08-25 07:00:00,2025-08-25 07:00:00,2025-08-25 07:00:00,731,1,-0.28640559026943707,0.28640559026943707,"{'max_depth': 10, 'max_features': 0.5, 'min_samples_leaf': 2, 'n_estimators': 100}"
2025-08-25 07:00:00,Neural Network,7,0.9160703921643353,1.1130264588394958,2023-08-25 07:00:00,2025-08-25 07:00:00,2025-08-25 07:00:00,731,1,-0.35941423956503044,0.35941423956503044,"{'regressor__model__alpha': 0.0001, 'regressor__model__hidden_layer_sizes': (64, 32), 'regressor__model__learning_rate_init': 0.0001}"
2025-08-25 07:00:00,Naive,7,0.9160703921643353,-0.049059117573862936,2023-08-25 07:00:00,2025-08-25 07:00:00,2025-08-25 07:00:00,731,1,,,not_applicable
2025-08-26 07:00:00,Decision Tree,7,0.8855978631589708,0.8575197011648837,2023-08-26 07:00:00,2025-08-26 07:00:00,2025-08-26 07:00:00,731,1,-0.42290985504429074,0.42290985504429074,"{'max_depth': None, 'min_samples_leaf': 1, 'min_samples_split': 20}"
2025-08-26 07:00:00,ARX,7,0.8855978631589708,1.0304171180564503,2023-08-26 07:00:00,2025-08-26 07:00:00,2025-08-26 07:00:00,731,1,-0.3032104293734177,0.3032104293734177,{'model__alpha': 0.01}
2025-08-26 07:00:00,Random Forest,7,0.8855978631589708,0.8543040789018248,2023-08-26 07:00:00,2025-08-26 07:00:00,2025-08-26 07:00:00,731,1,-0.28640559026943707,0.28640559026943707,"{'max_depth': 10, 'max_features': 0.5, 'min_samples_leaf': 2, 'n_estimators': 100}"
2025-08-26 07:00:00,Neural Network,7,0.8855978631589708,0.8172820968008199,2023-08-26 07:00:00,2025-08-26 07:00:00,2025-08-26 07:00:00,731,1,-0.35941423956503044,0.35941423956503044,"{'regressor__model__alpha': 0.0001, 'regressor__model__hidden_layer_sizes': (64, 32), 'regressor__model__learning_rate_init': 0.0001}"
2025-08-26 07:00:00,Naive,7,0.8855978631589708,0.9160703921643353,2023-08-26 07:00:00,2025-08-26 07:00:00,2025-08-26 07:00:00,731,1,,,not_applicable
2025-08-27 07:00:00,Decision Tree,7,0.7176123883486099,0.8610294714141448,2023-08-27 07:00:00,2025-08-27 07:00:00,2025-08-27 07:00:00,731,1,-0.42290985504429074,0.42290985504429074,"{'max_depth': None, 'min_samples_leaf': 1, 'min_samples_split': 20}"
2025-08-27 07:00:00,ARX,7,0.7176123883486099,0.8132101235143036,2023-08-27 07:00:00,2025-08-27 07:00:00,2025-08-27 07:00:00,731,1,-0.3032104293734177,0.3032104293734177,{'model__alpha': 0.01}
2025-08-27 07:00:00,Random Forest,7,0.7176123883486099,0.8540535056409522,2023-08-27 07:00:00,2025-08-27 07:00:00,2025-08-27 07:00:00,731,1,-0.28640559026943707,0.28640559026943707,"{'max_depth': 10, 'max_features': 0.5, 'min_samples_leaf': 2, 'n_estimators': 100}"
2025-08-27 07:00:00,Neural Network,7,0.7176123883486099,0.7729876890605331,2023-08-27 07:00:00,2025-08-27 07:00:00,2025-08-27 07:00:00,731,1,-0.35941423956503044,0.35941423956503044,"{'regressor__model__alpha': 0.0001, 'regressor__model__hidden_layer_sizes': (64, 32), 'regressor__model__learning_rate_init': 0.0001}"
2025-08-27 07:00:00,Naive,7,0.7176123883486099,0.8855978631589708,2023-08-27 07:00:00,2025-08-27 07:00:00,2025-08-27 07:00:00,731,1,,,not_applicable
2025-08-28 07:00:00,Decision Tree,7,1.2307257232926674,0.8610294714141448,2023-08-28 07:00:00,2025-08-28 07:00:00,2025-08-28 07:00:00,731,1,-0.42290985504429074,0.42290985504429074,"{'max_depth': None, 'min_samples_leaf': 1, 'min_samples_split': 20}"
2025-08-28 07:00:00,ARX,7,1.2307257232926674,1.0651348761492112,2023-08-28 07:00:00,2025-08-28 07:00:00,2025-08-28 07:00:00,731,1,-0.3032104293734177,0.3032104293734177,{'model__alpha': 0.01}
2025-08-28 07:00:00,Random Forest,7,1.2307257232926674,0.7921950181745585,2023-08-28 07:00:00,2025-08-28 07:00:00,2025-08-28 07:00:00,731,1,-0.28640559026943707,0.28640559026943707,"{'max_depth': 10, 'max_features': 0.5, 'min_samples_leaf': 2, 'n_estimators': 100}"
2025-08-28 07:00:00,Neural Network,7,1.2307257232926674,0.4606103000775691,2023-08-28 07:00:00,2025-08-28 07:00:00,2025-08-28 07:00:00,731,1,-0.35941423956503044,0.35941423956503044,"{'regressor__model__alpha': 0.0001, 'regressor__model__hidden_layer_sizes': (64, 32), 'regressor__model__learning_rate_init': 0.0001}"
2025-08-28 07:00:00,Naive,7,1.2307257232926674,0.7176123883486099,2023-08-28 07:00:00,2025-08-28 07:00:00,2025-08-28 07:00:00,731,1,,,not_applicable
2025-08-29 07:00:00,Decision Tree,7,0.8475569525104146,0.7083444563393673,2023-08-29 07:00:00,2025-08-29 07:00:00,2025-08-29 07:00:00,731,1,-0.42290985504429074,0.42290985504429074,"{'max_depth': None, 'min_samples_leaf': 1, 'min_samples_split': 20}"
2025-08-29 07:00:00,ARX,7,0.8475569525104146,0.7822851882565056,2023-08-29 07:00:00,2025-08-29 07:00:00,2025-08-29 07:00:00,731,1,-0.3032104293734177,0.3032104293734177,{'model__alpha': 0.01}
2025-08-29 07:00:00,Random Forest,7,0.8475569525104146,0.8306415180882002,2023-08-29 07:00:00,2025-08-29 07:00:00,2025-08-29 07:00:00,731,1,-0.28640559026943707,0.28640559026943707,"{'max_depth': 10, 'max_features': 0.5, 'min_samples_leaf': 2, 'n_estimators': 100}"
2025-08-29 07:00:00,Neural Network,7,0.8475569525104146,0.5849976866437668,2023-08-29 07:00:00,2025-08-29 07:00:00,2025-08-29 07:00:00,731,1,-0.35941423956503044,0.35941423956503044,"{'regressor__model__alpha': 0.0001, 'regressor__model__hidden_layer_sizes': (64, 32), 'regressor__model__learning_rate_init': 0.0001}"
2025-08-29 07:00:00,Naive,7,0.8475569525104146,1.2307257232926674,2023-08-29 07:00:00,2025-08-29 07:00:00,2025-08-29 07:00:00,731,1,,,not_applicable
2025-08-30 07:00:00,Decision Tree,7,0.31041212999535583,0.19943760277740571,2023-08-30 07:00:00,2025-08-30 07:00:00,2025-08-30 07:00:00,731,1,-0.42290985504429074,0.42290985504429074,"{'max_depth': None, 'min_samples_leaf': 1, 'min_samples_split': 20}"
2025-08-30 07:00:00,ARX,7,0.31041212999535583,0.08446480754605332,2023-08-30 07:00:00,2025-08-30 07:00:00,2025-08-30 07:00:00,731,1,-0.3032104293734177,0.3032104293734177,{'model__alpha': 0.01}
2025-08-30 07:00:00,Random Forest,7,0.31041212999535583,0.18198186536907815,2023-08-30 07:00:00,2025-08-30 07:00:00,2025-08-30 07:00:00,731,1,-0.28640559026943707,0.28640559026943707,"{'max_depth': 10, 'max_features': 0.5, 'min_samples_leaf': 2, 'n_estimators': 100}"
2025-08-30 07:00:00,Neural Network,7,0.31041212999535583,-0.02484557098356263,2023-08-30 07:00:00,2025-08-30 07:00:00,2025-08-30 07:00:00,731,1,-0.35941423956503044,0.35941423956503044,"{'regressor__model__alpha': 0.0001, 'regressor__model__hidden_layer_sizes': (64, 32), 'regressor__model__learning_rate_init': 0.0001}"
2025-08-30 07:00:00,Naive,7,0.31041212999535583,0.8475569525104146,2023-08-30 07:00:00,2025-08-30 07:00:00,2025-08-30 07:00:00,731,1,,,not_applicable
2025-08-31 07:00:00,Decision Tree,7,-0.6279975469186073,0.1860423888313367,2023-08-31 07:00:00,2025-08-31 07:00:00,2025-08-31 07:00:00,731,1,-0.42290985504429074,0.42290985504429074,"{'max_depth': None, 'min_samples_leaf': 1, 'min_samples_split': 20}"
2025-08-31 07:00:00,ARX,7,-0.6279975469186073,-0.10256679979987904,2023-08-31 07:00:00,2025-08-31 07:00:00,2025-08-31 07:00:00,731,1,-0.3032104293734177,0.3032104293734177,{'model__alpha': 0.01}
2025-08-31 07:00:00,Random Forest,7,-0.6279975469186073,-0.10973708328629096,2023-08-31 07:00:00,2025-08-31 07:00:00,2025-08-31 07:00:00,731,1,-0.28640559026943707,0.28640559026943707,"{'max_depth': 10, 'max_features': 0.5, 'min_samples_leaf': 2, 'n_estimators': 100}"
2025-08-31 07:00:00,Neural Network,7,-0.6279975469186073,-0.5868222471490916,2023-08-31 07:00:00,2025-08-31 07:00:00,2025-08-31 07:00:00,731,1,-0.35941423956503044,0.35941423956503044,"{'regressor__model__alpha': 0.0001, 'regressor__model__hidden_layer_sizes': (64, 32), 'regressor__model__learning_rate_init': 0.0001}"
2025-08-31 07:00:00,Naive,7,-0.6279975469186073,0.31041212999535583,2023-08-31 07:00:00,2025-08-31 07:00:00,2025-08-31 07:00:00,731,1,,,not_applicable
2025-09-01 07:00:00,Decision Tree,7,0.9342945338375921,1.1592555546382877,2023-09-01 07:00:00,2025-09-01 07:00:00,2025-09-01 07:00:00,731,1,-0.42290985504429074,0.42290985504429074,"{'max_depth': None, 'min_samples_leaf': 1, 'min_samples_split': 20}"
2025-09-01 07:00:00,ARX,7,0.9342945338375921,0.9832961812699614,2023-09-01 07:00:00,2025-09-01 07:00:00,2025-09-01 07:00:00,731,1,-0.3032104293734177,0.3032104293734177,{'model__alpha': 0.01}
2025-09-01 07:00:00,Random Forest,7,0.9342945338375921,0.8832494906392857,2023-09-01 07:00:00,2025-09-01 07:00:00,2025-09-01 07:00:00,731,1,-0.28640559026943707,0.28640559026943707,"{'max_depth': 10, 'max_features': 0.5, 'min_samples_leaf': 2, 'n_estimators': 100}"
2025-09-01 07:00:00,Neural Network,7,0.9342945338375921,1.2663796249347652,2023-09-01 07:00:00,2025-09-01 07:00:00,2025-09-01 07:00:00,731,1,-0.35941423956503044,0.35941423956503044,"{'regressor__model__alpha': 0.0001, 'regressor__model__hidden_layer_sizes': (64, 32), 'regressor__model__learning_rate_init': 0.0001}"
2025-09-01 07:00:00,Naive,7,0.9342945338375921,-0.6279975469186073,2023-09-01 07:00:00,2025-09-01 07:00:00,2025-09-01 07:00:00,731,1,,,not_applicable
2025-09-02 07:00:00,Decision Tree,7,1.3708410952283534,0.8969214610694283,2023-09-02 07:00:00,2025-09-02 07:00:00,2025-09-02 07:00:00,731,1,-0.42290985504429074,0.42290985504429074,"{'max_depth': None, 'min_samples_leaf': 1, 'min_samples_split': 20}"
2025-09-02 07:00:00,ARX,7,1.3708410952283534,1.1763151780408736,2023-09-02 07:00:00,2025-09-02 07:00:00,2025-09-02 07:00:00,731,1,-0.3032104293734177,0.3032104293734177,{'model__alpha': 0.01}
2025-09-02 07:00:00,Random Forest,7,1.3708410952283534,1.058667877469977,2023-09-02 07:00:00,2025-09-02 07:00:00,2025-09-02 07:00:00,731,1,-0.28640559026943707,0.28640559026943707,"{'max_depth': 10, 'max_features': 0.5, 'min_samples_leaf': 2, 'n_estimators': 100}"
2025-09-02 07:00:00,Neural Network,7,1.3708410952283534,1.4839167759721303,2023-09-02 07:00:00,2025-09-02 07:00:00,2025-09-02 07:00:00,731,1,-0.35941423956503044,0.35941423956503044,"{'regressor__model__alpha': 0.0001, 'regressor__model__hidden_layer_sizes': (64, 32), 'regressor__model__learning_rate_init': 0.0001}"
2025-09-02 07:00:00,Naive,7,1.3708410952283534,0.9342945338375921,2023-09-02 07:00:00,2025-09-02 07:00:00,2025-09-02 07:00:00,731,1,,,not_applicable
2025-09-03 07:00:00,Decision Tree,7,0.6609434660046045,0.518149103905452,2023-09-03 07:00:00,2025-09-03 07:00:00,2025-09-03 07:00:00,731,1,-0.42290985504429074,0.42290985504429074,"{'max_depth': None, 'min_samples_leaf': 1, 'min_samples_split': 20}"
2025-09-03 07:00:00,ARX,7,0.6609434660046045,0.6723642491032191,2023-09-03 07:00:00,2025-09-03 07:00:00,2025-09-03 07:00:00,731,1,-0.3032104293734177,0.3032104293734177,{'model__alpha': 0.01}
2025-09-03 07:00:00,Random Forest,7,0.6609434660046045,0.4272247111002247,2023-09-03 07:00:00,2025-09-03 07:00:00,2025-09-03 07:00:00,731,1,-0.28640559026943707,0.28640559026943707,"{'max_depth': 10, 'max_features': 0.5, 'min_samples_leaf': 2, 'n_estimators': 100}"
2025-09-03 07:00:00,Neural Network,7,0.6609434660046045,0.9476152254538203,2023-09-03 07:00:00,2025-09-03 07:00:00,2025-09-03 07:00:00,731,1,-0.35941423956503044,0.35941423956503044,"{'regressor__model__alpha': 0.0001, 'regressor__model__hidden_layer_sizes': (64, 32), 'regressor__model__learning_rate_init': 0.0001}"
2025-09-03 07:00:00,Naive,7,0.6609434660046045,1.3708410952283534,2023-09-03 07:00:00,2025-09-03 07:00:00,2025-09-03 07:00:00,731,1,,,not_applicable
2025-09-04 07:00:00,Decision Tree,7,0.8241971374307122,0.5592610365067169,2023-09-04 07:00:00,2025-09-04 07:00:00,2025-09-04 07:00:00,731,1,-0.42290985504429074,0.42290985504429074,"{'max_depth': None, 'min_samples_leaf': 1, 'min_samples_split': 20}"
2025-09-04 07:00:00,ARX,7,0.8241971374307122,0.21240678930148607,2023-09-04 07:00:00,2025-09-04 07:00:00,2025-09-04 07:00:00,731,1,-0.3032104293734177,0.3032104293734177,{'model__alpha': 0.01}
2025-09-04 07:00:00,Random Forest,7,0.8241971374307122,-0.10615829720537137,2023-09-04 07:00:00,2025-09-04 07:00:00,2025-09-04 07:00:00,731,1,-0.28640559026943707,0.28640559026943707,"{'max_depth': 10, 'max_features': 0.5, 'min_samples_leaf': 2, 'n_estimators': 100}"
2025-09-04 07:00:00,Neural Network,7,0.8241971374307122,0.8103886892326679,2023-09-04 07:00:00,2025-09-04 07:00:00,2025-09-04 07:00:00,731,1,-0.35941423956503044,0.35941423956503044,"{'regressor__model__alpha': 0.0001, 'regressor__model__hidden_layer_sizes': (64, 32), 'regressor__model__learning_rate_init': 0.0001}"
2025-09-04 07:00:00,Naive,7,0.8241971374307122,0.6609434660046045,2023-09-04 07:00:00,2025-09-04 07:00:00,2025-09-04 07:00:00,731,1,,,not_applicable
2025-09-05 07:00:00,Decision Tree,7,1.0488910931944058,0.6023674331376928,2023-09-05 07:00:00,2025-09-05 07:00:00,2025-09-05 07:00:00,731,1,-0.42290985504429074,0.42290985504429074,"{'max_depth': None, 'min_samples_leaf': 1, 'min_samples_split': 20}"
2025-09-05 07:00:00,ARX,7,1.0488910931944058,1.2263158092777657,2023-09-05 07:00:00,2025-09-05 07:00:00,2025-09-05 07:00:00,731,1,-0.3032104293734177,0.3032104293734177,{'model__alpha': 0.01}
2025-09-05 07:00:00,Random Forest,7,1.0488910931944058,0.9701543658470467,2023-09-05 07:00:00,2025-09-05 07:00:00,2025-09-05 07:00:00,731,1,-0.28640559026943707,0.28640559026943707,"{'max_depth': 10, 'max_features': 0.5, 'min_samples_leaf': 2, 'n_estimators': 100}"
2025-09-05 07:00:00,Neural Network,7,1.0488910931944058,1.2528011415168714,2023-09-05 07:00:00,2025-09-05 07:00:00,2025-09-05 07:00:00,731,1,-0.35941423956503044,0.35941423956503044,"{'regressor__model__alpha': 0.0001, 'regressor__model__hidden_layer_sizes': (64, 32), 'regressor__model__learning_rate_init': 0.0001}"
2025-09-05 07:00:00,Naive,7,1.0488910931944058,0.8241971374307122,2023-09-05 07:00:00,2025-09-05 07:00:00,2025-09-05 07:00:00,731,1,,,not_applicable
2025-09-06 07:00:00,Decision Tree,7,0.3889658020688124,0.6201227524985639,2023-09-06 07:00:00,2025-09-06 07:00:00,2025-09-06 07:00:00,731,1,-0.42290985504429074,0.42290985504429074,"{'max_depth': None, 'min_samples_leaf': 1, 'min_samples_split': 20}"
2025-09-06 07:00:00,ARX,7,0.3889658020688124,0.5457947398689109,2023-09-06 07:00:00,2025-09-06 07:00:00,2025-09-06 07:00:00,731,1,-0.3032104293734177,0.3032104293734177,{'model__alpha': 0.01}
2025-09-06 07:00:00,Random Forest,7,0.3889658020688124,0.18753330068326332,2023-09-06 07:00:00,2025-09-06 07:00:00,2025-09-06 07:00:00,731,1,-0.28640559026943707,0.28640559026943707,"{'max_depth': 10, 'max_features': 0.5, 'min_samples_leaf': 2, 'n_estimators': 100}"
2025-09-06 07:00:00,Neural Network,7,0.3889658020688124,0.711832952774931,2023-09-06 07:00:00,2025-09-06 07:00:00,2025-09-06 07:00:00,731,1,-0.35941423956503044,0.35941423956503044,"{'regressor__model__alpha': 0.0001, 'regressor__model__hidden_layer_sizes': (64, 32), 'regressor__model__learning_rate_init': 0.0001}"
2025-09-06 07:00:00,Naive,7,0.3889658020688124,1.0488910931944058,2023-09-06 07:00:00,2025-09-06 07:00:00,2025-09-06 07:00:00,731,1,,,not_applicable
2025-09-07 07:00:00,Decision Tree,7,-0.7653024422777999,-0.12353660329666864,2023-09-07 07:00:00,2025-09-07 07:00:00,2025-09-07 07:00:00,731,1,-0.42290985504429074,0.42290985504429074,"{'max_depth': None, 'min_samples_leaf': 1, 'min_samples_split': 20}"
2025-09-07 07:00:00,ARX,7,-0.7653024422777999,-0.2645079150097409,2023-09-07 07:00:00,2025-09-07 07:00:00,2025-09-07 07:00:00,731,1,-0.3032104293734177,0.3032104293734177,{'model__alpha': 0.01}
2025-09-07 07:00:00,Random Forest,7,-0.7653024422777999,-0.4504297259050725,2023-09-07 07:00:00,2025-09-07 07:00:00,2025-09-07 07:00:00,731,1,-0.28640559026943707,0.28640559026943707,"{'max_depth': 10, 'max_features': 0.5, 'min_samples_leaf': 2, 'n_estimators': 100}"
2025-09-07 07:00:00,Neural Network,7,-0.7653024422777999,-0.5538814681644627,2023-09-07 07:00:00,2025-09-07 07:00:00,2025-09-07 07:00:00,731,1,-0.35941423956503044,0.35941423956503044,"{'regressor__model__alpha': 0.0001, 'regressor__model__hidden_layer_sizes': (64, 32), 'regressor__model__learning_rate_init': 0.0001}"
2025-09-07 07:00:00,Naive,7,-0.7653024422777999,0.3889658020688124,2023-09-07 07:00:00,2025-09-07 07:00:00,2025-09-07 07:00:00,731,1,,,not_applicable
2025-09-08 07:00:00,Decision Tree,7,1.295277147355223,1.165675989196385,2023-09-08 07:00:00,2025-09-08 07:00:00,2025-09-08 07:00:00,731,1,-0.42290985504429074,0.42290985504429074,"{'max_depth': None, 'min_samples_leaf': 1, 'min_samples_split': 20}"
2025-09-08 07:00:00,ARX,7,1.295277147355223,0.9012664919064315,2023-09-08 07:00:00,2025-09-08 07:00:00,2025-09-08 07:00:00,731,1,-0.3032104293734177,0.3032104293734177,{'model__alpha': 0.01}
2025-09-08 07:00:00,Random Forest,7,1.295277147355223,1.0214250805106566,2023-09-08 07:00:00,2025-09-08 07:00:00,2025-09-08 07:00:00,731,1,-0.28640559026943707,0.28640559026943707,"{'max_depth': 10, 'max_features': 0.5, 'min_samples_leaf': 2, 'n_estimators': 100}"
2025-09-08 07:00:00,Neural Network,7,1.295277147355223,1.2306443364851414,2023-09-08 07:00:00,2025-09-08 07:00:00,2025-09-08 07:00:00,731,1,-0.35941423956503044,0.35941423956503044,"{'regressor__model__alpha': 0.0001, 'regressor__model__hidden_layer_sizes': (64, 32), 'regressor__model__learning_rate_init': 0.0001}"
2025-09-08 07:00:00,Naive,7,1.295277147355223,-0.7653024422777999,2023-09-08 07:00:00,2025-09-08 07:00:00,2025-09-08 07:00:00,731,1,,,not_applicable
2025-09-09 07:00:00,Decision Tree,7,2.4638143746978387,1.0208487094333492,2023-09-09 07:00:00,2025-09-09 07:00:00,2025-09-09 07:00:00,731,1,-0.42290985504429074,0.42290985504429074,"{'max_depth': None, 'min_samples_leaf': 1, 'min_samples_split': 20}"
2025-09-09 07:00:00,ARX,7,2.4638143746978387,1.5009271308771195,2023-09-09 07:00:00,2025-09-09 07:00:00,2025-09-09 07:00:00,731,1,-0.3032104293734177,0.3032104293734177,{'model__alpha': 0.01}
2025-09-09 07:00:00,Random Forest,7,2.4638143746978387,1.146947806436178,2023-09-09 07:00:00,2025-09-09 07:00:00,2025-09-09 07:00:00,731,1,-0.28640559026943707,0.28640559026943707,"{'max_depth': 10, 'max_features': 0.5, 'min_samples_leaf': 2, 'n_estimators': 100}"
2025-09-09 07:00:00,Neural Network,7,2.4638143746978387,1.6849752145642485,2023-09-09 07:00:00,2025-09-09 07:00:00,2025-09-09 07:00:00,731,1,-0.35941423956503044,0.35941423956503044,"{'regressor__model__alpha': 0.0001, 'regressor__model__hidden_layer_sizes': (64, 32), 'regressor__model__learning_rate_init': 0.0001}"
2025-09-09 07:00:00,Naive,7,2.4638143746978387,1.295277147355223,2023-09-09 07:00:00,2025-09-09 07:00:00,2025-09-09 07:00:00,731,1,,,not_applicable
2025-09-10 07:00:00,Decision Tree,7,2.030063899372173,1.3780965611905567,2023-09-10 07:00:00,2025-09-10 07:00:00,2025-09-10 07:00:00,731,1,-0.42290985504429074,0.42290985504429074,"{'max_depth': None, 'min_samples_leaf': 1, 'min_samples_split': 20}"
2025-09-10 07:00:00,ARX,7,2.030063899372173,1.6399054341649917,2023-09-10 07:00:00,2025-09-10 07:00:00,2025-09-10 07:00:00,731,1,-0.3032104293734177,0.3032104293734177,{'model__alpha': 0.01}
2025-09-10 07:00:00,Random Forest,7,2.030063899372173,1.2390662276651678,2023-09-10 07:00:00,2025-09-10 07:00:00,2025-09-10 07:00:00,731,1,-0.28640559026943707,0.28640559026943707,"{'max_depth': 10, 'max_features': 0.5, 'min_samples_leaf': 2, 'n_estimators': 100}"
2025-09-10 07:00:00,Neural Network,7,2.030063899372173,1.7558845688239317,2023-09-10 07:00:00,2025-09-10 07:00:00,2025-09-10 07:00:00,731,1,-0.35941423956503044,0.35941423956503044,"{'regressor__model__alpha': 0.0001, 'regressor__model__hidden_layer_sizes': (64, 32), 'regressor__model__learning_rate_init': 0.0001}"
2025-09-10 07:00:00,Naive,7,2.030063899372173,2.4638143746978387,2023-09-10 07:00:00,2025-09-10 07:00:00,2025-09-10 07:00:00,731,1,,,not_applicable
2025-09-11 07:00:00,Decision Tree,7,0.9273043394587921,0.8384447365912414,2023-09-11 07:00:00,2025-09-11 07:00:00,2025-09-11 07:00:00,731,1,-0.42290985504429074,0.42290985504429074,"{'max_depth': None, 'min_samples_leaf': 1, 'min_samples_split': 20}"
2025-09-11 07:00:00,ARX,7,0.9273043394587921,0.7768570487594761,2023-09-11 07:00:00,2025-09-11 07:00:00,2025-09-11 07:00:00,731,1,-0.3032104293734177,0.3032104293734177,{'model__alpha': 0.01}
2025-09-11 07:00:00,Random Forest,7,0.9273043394587921,0.7125408396953383,2023-09-11 07:00:00,2025-09-11 07:00:00,2025-09-11 07:00:00,731,1,-0.28640559026943707,0.28640559026943707,"{'max_depth': 10, 'max_features': 0.5, 'min_samples_leaf': 2, 'n_estimators': 100}"
2025-09-11 07:00:00,Neural Network,7,0.9273043394587921,0.5398281496019997,2023-09-11 07:00:00,2025-09-11 07:00:00,2025-09-11 07:00:00,731,1,-0.35941423956503044,0.35941423956503044,"{'regressor__model__alpha': 0.0001, 'regressor__model__hidden_layer_sizes': (64, 32), 'regressor__model__learning_rate_init': 0.0001}"
2025-09-11 07:00:00,Naive,7,0.9273043394587921,2.030063899372173,2023-09-11 07:00:00,2025-09-11 07:00:00,2025-09-11 07:00:00,731,1,,,not_applicable
2025-09-12 07:00:00,Decision Tree,7,0.5103561606260607,-0.6943934696331486,2023-09-12 07:00:00,2025-09-12 07:00:00,2025-09-12 07:00:00,731,1,-0.42290985504429074,0.42290985504429074,"{'max_depth': None, 'min_samples_leaf': 1, 'min_samples_split': 20}"
2025-09-12 07:00:00,ARX,7,0.5103561606260607,0.2962158165460952,2023-09-12 07:00:00,2025-09-12 07:00:00,2025-09-12 07:00:00,731,1,-0.3032104293734177,0.3032104293734177,{'model__alpha': 0.01}
2025-09-12 07:00:00,Random Forest,7,0.5103561606260607,0.08559113906028142,2023-09-12 07:00:00,2025-09-12 07:00:00,2025-09-12 07:00:00,731,1,-0.28640559026943707,0.28640559026943707,"{'max_depth': 10, 'max_features': 0.5, 'min_samples_leaf': 2, 'n_estimators': 100}"
2025-09-12 07:00:00,Neural Network,7,0.5103561606260607,0.3062304031064712,2023-09-12 07:00:00,2025-09-12 07:00:00,2025-09-12 07:00:00,731,1,-0.35941423956503044,0.35941423956503044,"{'regressor__model__alpha': 0.0001, 'regressor__model__hidden_layer_sizes': (64, 32), 'regressor__model__learning_rate_init': 0.0001}"
2025-09-12 07:00:00,Naive,7,0.5103561606260607,0.9273043394587921,2023-09-12 07:00:00,2025-09-12 07:00:00,2025-09-12 07:00:00,731,1,,,not_applicable
2025-09-13 07:00:00,Decision Tree,7,-0.3215351749788499,-1.160772686638948,2023-09-13 07:00:00,2025-09-13 07:00:00,2025-09-13 07:00:00,731,1,-0.42290985504429074,0.42290985504429074,"{'max_depth': None, 'min_samples_leaf': 1, 'min_samples_split': 20}"
2025-09-13 07:00:00,ARX,7,-0.3215351749788499,0.24879750937791617,2023-09-13 07:00:00,2025-09-13 07:00:00,2025-09-13 07:00:00,731,1,-0.3032104293734177,0.3032104293734177,{'model__alpha': 0.01}
2025-09-13 07:00:00,Random Forest,7,-0.3215351749788499,-0.483538118960956,2023-09-13 07:00:00,2025-09-13 07:00:00,2025-09-13 07:00:00,731,1,-0.28640559026943707,0.28640559026943707,"{'max_depth': 10, 'max_features': 0.5, 'min_samples_leaf': 2, 'n_estimators': 100}"
2025-09-13 07:00:00,Neural Network,7,-0.3215351749788499,-0.5194120532544249,2023-09-13 07:00:00,2025-09-13 07:00:00,2025-09-13 07:00:00,731,1,-0.35941423956503044,0.35941423956503044,"{'regressor__model__alpha': 0.0001, 'regressor__model__hidden_layer_sizes': (64, 32), 'regressor__model__learning_rate_init': 0.0001}"
2025-09-13 07:00:00,Naive,7,-0.3215351749788499,0.5103561606260607,2023-09-13 07:00:00,2025-09-13 07:00:00,2025-09-13 07:00:00,731,1,,,not_applicable
2025-09-14 07:00:00,Decision Tree,7,0.5032297126887559,-0.2737315429956625,2023-09-14 07:00:00,2025-09-14 07:00:00,2025-09-14 07:00:00,731,1,-0.42290985504429074,0.42290985504429074,"{'max_depth': None, 'min_samples_leaf': 1, 'min_samples_split': 20}"
2025-09-14 07:00:00,ARX,7,0.5032297126887559,-0.10949417892941013,2023-09-14 07:00:00,2025-09-14 07:00:00,2025-09-14 07:00:00,731,1,-0.3032104293734177,0.3032104293734177,{'model__alpha': 0.01}
2025-09-14 07:00:00,Random Forest,7,0.5032297126887559,-0.44332930436395296,2023-09-14 07:00:00,2025-09-14 07:00:00,2025-09-14 07:00:00,731,1,-0.28640559026943707,0.28640559026943707,"{'max_depth': 10, 'max_features': 0.5, 'min_samples_leaf': 2, 'n_estimators': 100}"
2025-09-14 07:00:00,Neural Network,7,0.5032297126887559,-0.08446648054551731,2023-09-14 07:00:00,2025-09-14 07:00:00,2025-09-14 07:00:00,731,1,-0.35941423956503044,0.35941423956503044,"{'regressor__model__alpha': 0.0001, 'regressor__model__hidden_layer_sizes': (64, 32), 'regressor__model__learning_rate_init': 0.0001}"
2025-09-14 07:00:00,Naive,7,0.5032297126887559,-0.3215351749788499,2023-09-14 07:00:00,2025-09-14 07:00:00,2025-09-14 07:00:00,731,1,,,not_applicable
2025-09-15 07:00:00,Decision Tree,7,-0.7791823759094767,-0.6523303905580972,2023-09-15 07:00:00,2025-09-15 07:00:00,2025-09-15 07:00:00,731,1,-0.42290985504429074,0.42290985504429074,"{'max_depth': None, 'min_samples_leaf': 1, 'min_samples_split': 20}"
2025-09-15 07:00:00,ARX,7,-0.7791823759094767,-0.14568249437584946,2023-09-15 07:00:00,2025-09-15 07:00:00,2025-09-15 07:00:00,731,1,-0.3032104293734177,0.3032104293734177,{'model__alpha': 0.01}
2025-09-15 07:00:00,Random Forest,7,-0.7791823759094767,-0.301792970084079,2023-09-15 07:00:00,2025-09-15 07:00:00,2025-09-15 07:00:00,731,1,-0.28640559026943707,0.28640559026943707,"{'max_depth': 10, 'max_features': 0.5, 'min_samples_leaf': 2, 'n_estimators': 100}"
2025-09-15 07:00:00,Neural Network,7,-0.7791823759094767,-0.24772947099611276,2023-09-15 07:00:00,2025-09-15 07:00:00,2025-09-15 07:00:00,731,1,-0.35941423956503044,0.35941423956503044,"{'regressor__model__alpha': 0.0001, 'regressor__model__hidden_layer_sizes': (64, 32), 'regressor__model__learning_rate_init': 0.0001}"
2025-09-15 07:00:00,Naive,7,-0.7791823759094767,0.5032297126887559,2023-09-15 07:00:00,2025-09-15 07:00:00,2025-09-15 07:00:00,731,1,,,not_applicable
2025-09-16 07:00:00,Decision Tree,7,-1.3911696117430559,-0.7356562402882008,2023-09-16 07:00:00,2025-09-16 07:00:00,2025-09-16 07:00:00,731,1,-0.42290985504429074,0.42290985504429074,"{'max_depth': None, 'min_samples_leaf': 1, 'min_samples_split': 20}"
2025-09-16 07:00:00,ARX,7,-1.3911696117430559,-0.37878098852001063,2023-09-16 07:00:00,2025-09-16 07:00:00,2025-09-16 07:00:00,731,1,-0.3032104293734177,0.3032104293734177,{'model__alpha': 0.01}
2025-09-16 07:00:00,Random Forest,7,-1.3911696117430559,-0.8070787732110487,2023-09-16 07:00:00,2025-09-16 07:00:00,2025-09-16 07:00:00,731,1,-0.28640559026943707,0.28640559026943707,"{'max_depth': 10, 'max_features': 0.5, 'min_samples_leaf': 2, 'n_estimators': 100}"
2025-09-16 07:00:00,Neural Network,7,-1.3911696117430559,0.601854981732564,2023-09-16 07:00:00,2025-09-16 07:00:00,2025-09-16 07:00:00,731,1,-0.35941423956503044,0.35941423956503044,"{'regressor__model__alpha': 0.0001, 'regressor__model__hidden_layer_sizes': (64, 32), 'regressor__model__learning_rate_init': 0.0001}"
2025-09-16 07:00:00,Naive,7,-1.3911696117430559,-0.7791823759094767,2023-09-16 07:00:00,2025-09-16 07:00:00,2025-09-16 07:00:00,731,1,,,not_applicable
2025-09-17 07:00:00,Decision Tree,7,0.7712364911023892,0.23115998858061057,2023-09-17 07:00:00,2025-09-17 07:00:00,2025-09-17 07:00:00,731,1,-0.42290985504429074,0.42290985504429074,"{'max_depth': None, 'min_samples_leaf': 1, 'min_samples_split': 20}"
2025-09-17 07:00:00,ARX,7,0.7712364911023892,0.22007808145303479,2023-09-17 07:00:00,2025-09-17 07:00:00,2025-09-17 07:00:00,731,1,-0.3032104293734177,0.3032104293734177,{'model__alpha': 0.01}
2025-09-17 07:00:00,Random Forest,7,0.7712364911023892,0.1472435295768543,2023-09-17 07:00:00,2025-09-17 07:00:00,2025-09-17 07:00:00,731,1,-0.28640559026943707,0.28640559026943707,"{'max_depth': 10, 'max_features': 0.5, 'min_samples_leaf': 2, 'n_estimators': 100}"
2025-09-17 07:00:00,Neural Network,7,0.7712364911023892,0.6351676323553072,2023-09-17 07:00:00,2025-09-17 07:00:00,2025-09-17 07:00:00,731,1,-0.35941423956503044,0.35941423956503044,"{'regressor__model__alpha': 0.0001, 'regressor__model__hidden_layer_sizes': (64, 32), 'regressor__model__learning_rate_init': 0.0001}"
2025-09-17 07:00:00,Naive,7,0.7712364911023892,-1.3911696117430559,2023-09-17 07:00:00,2025-09-17 07:00:00,2025-09-17 07:00:00,731,1,,,not_applicable
2025-09-18 07:00:00,Decision Tree,7,0.7686605415416574,-0.21702777806160709,2023-09-18 07:00:00,2025-09-18 07:00:00,2025-09-18 07:00:00,731,1,-0.42290985504429074,0.42290985504429074,"{'max_depth': None, 'min_samples_leaf': 1, 'min_samples_split': 20}"
2025-09-18 07:00:00,ARX,7,0.7686605415416574,0.24724574130602944,2023-09-18 07:00:00,2025-09-18 07:00:00,2025-09-18 07:00:00,731,1,-0.3032104293734177,0.3032104293734177,{'model__alpha': 0.01}
2025-09-18 07:00:00,Random Forest,7,0.7686605415416574,-0.02370022231028157,2023-09-18 07:00:00,2025-09-18 07:00:00,2025-09-18 07:00:00,731,1,-0.28640559026943707,0.28640559026943707,"{'max_depth': 10, 'max_features': 0.5, 'min_samples_leaf': 2, 'n_estimators': 100}"
2025-09-18 07:00:00,Neural Network,7,0.7686605415416574,0.41730011575163994,2023-09-18 07:00:00,2025-09-18 07:00:00,2025-09-18 07:00:00,731,1,-0.35941423956503044,0.35941423956503044,"{'regressor__model__alpha': 0.0001, 'regressor__model__hidden_layer_sizes': (64, 32), 'regressor__model__learning_rate_init': 0.0001}"
2025-09-18 07:00:00,Naive,7,0.7686605415416574,0.7712364911023892,2023-09-18 07:00:00,2025-09-18 07:00:00,2025-09-18 07:00:00,731,1,,,not_applicable
2025-09-19 07:00:00,Decision Tree,7,1.224020079186439,0.8320928223062987,2023-09-19 07:00:00,2025-09-19 07:00:00,2025-09-19 07:00:00,731,1,-0.42290985504429074,0.42290985504429074,"{'max_depth': None, 'min_samples_leaf': 1, 'min_samples_split': 20}"
2025-09-19 07:00:00,ARX,7,1.224020079186439,0.5573000970878559,2023-09-19 07:00:00,2025-09-19 07:00:00,2025-09-19 07:00:00,731,1,-0.3032104293734177,0.3032104293734177,{'model__alpha': 0.01}
2025-09-19 07:00:00,Random Forest,7,1.224020079186439,0.6499265864972008,2023-09-19 07:00:00,2025-09-19 07:00:00,2025-09-19 07:00:00,731,1,-0.28640559026943707,0.28640559026943707,"{'max_depth': 10, 'max_features': 0.5, 'min_samples_leaf': 2, 'n_estimators': 100}"
2025-09-19 07:00:00,Neural Network,7,1.224020079186439,1.298593917768353,2023-09-19 07:00:00,2025-09-19 07:00:00,2025-09-19 07:00:00,731,1,-0.35941423956503044,0.35941423956503044,"{'regressor__model__alpha': 0.0001, 'regressor__model__hidden_layer_sizes': (64, 32), 'regressor__model__learning_rate_init': 0.0001}"
2025-09-19 07:00:00,Naive,7,1.224020079186439,0.7686605415416574,2023-09-19 07:00:00,2025-09-19 07:00:00,2025-09-19 07:00:00,731,1,,,not_applicable
2025-09-20 07:00:00,Decision Tree,7,0.02996088631915659,0.0742272855146106,2023-09-20 07:00:00,2025-09-20 07:00:00,2025-09-20 07:00:00,731,1,-0.42290985504429074,0.42290985504429074,"{'max_depth': None, 'min_samples_leaf': 1, 'min_samples_split': 20}"
2025-09-20 07:00:00,ARX,7,0.02996088631915659,0.13997471472371756,2023-09-20 07:00:00,2025-09-20 07:00:00,2025-09-20 07:00:00,731,1,-0.3032104293734177,0.3032104293734177,{'model__alpha': 0.01}
2025-09-20 07:00:00,Random Forest,7,0.02996088631915659,-0.4033461952804281,2023-09-20 07:00:00,2025-09-20 07:00:00,2025-09-20 07:00:00,731,1,-0.28640559026943707,0.28640559026943707,"{'max_depth': 10, 'max_features': 0.5, 'min_samples_leaf': 2, 'n_estimators': 100}"
2025-09-20 07:00:00,Neural Network,7,0.02996088631915659,0.8240519061836971,2023-09-20 07:00:00,2025-09-20 07:00:00,2025-09-20 07:00:00,731,1,-0.35941423956503044,0.35941423956503044,"{'regressor__model__alpha': 0.0001, 'regressor__model__hidden_layer_sizes': (64, 32), 'regressor__model__learning_rate_init': 0.0001}"
2025-09-20 07:00:00,Naive,7,0.02996088631915659,1.224020079186439,2023-09-20 07:00:00,2025-09-20 07:00:00,2025-09-20 07:00:00,731,1,,,not_applicable
2025-09-21 07:00:00,Decision Tree,7,-1.5192635941854924,-1.239134290235633,2023-09-21 07:00:00,2025-09-21 07:00:00,2025-09-21 07:00:00,731,1,-0.42290985504429074,0.42290985504429074,"{'max_depth': None, 'min_samples_leaf': 1, 'min_samples_split': 20}"
2025-09-21 07:00:00,ARX,7,-1.5192635941854924,-0.4181634269196458,2023-09-21 07:00:00,2025-09-21 07:00:00,2025-09-21 07:00:00,731,1,-0.3032104293734177,0.3032104293734177,{'model__alpha': 0.01}
2025-09-21 07:00:00,Random Forest,7,-1.5192635941854924,-0.958191677597634,2023-09-21 07:00:00,2025-09-21 07:00:00,2025-09-21 07:00:00,731,1,-0.28640559026943707,0.28640559026943707,"{'max_depth': 10, 'max_features': 0.5, 'min_samples_leaf': 2, 'n_estimators': 100}"
2025-09-21 07:00:00,Neural Network,7,-1.5192635941854924,-0.8878126019651937,2023-09-21 07:00:00,2025-09-21 07:00:00,2025-09-21 07:00:00,731,1,-0.35941423956503044,0.35941423956503044,"{'regressor__model__alpha': 0.0001, 'regressor__model__hidden_layer_sizes': (64, 32), 'regressor__model__learning_rate_init': 0.0001}"
2025-09-21 07:00:00,Naive,7,-1.5192635941854924,0.02996088631915659,2023-09-21 07:00:00,2025-09-21 07:00:00,2025-09-21 07:00:00,731,1,,,not_applicable
2025-09-22 07:00:00,Decision Tree,7,1.0107174247472,0.7207808692771626,2023-09-22 07:00:00,2025-09-22 07:00:00,2025-09-22 07:00:00,731,1,-0.42290985504429074,0.42290985504429074,"{'max_depth': None, 'min_samples_leaf': 1, 'min_samples_split': 20}"
2025-09-22 07:00:00,ARX,7,1.0107174247472,0.7102311917455458,2023-09-22 07:00:00,2025-09-22 07:00:00,2025-09-22 07:00:00,731,1,-0.3032104293734177,0.3032104293734177,{'model__alpha': 0.01}
2025-09-22 07:00:00,Random Forest,7,1.0107174247472,0.6464727030950363,2023-09-22 07:00:00,2025-09-22 07:00:00,2025-09-22 07:00:00,731,1,-0.28640559026943707,0.28640559026943707,"{'max_depth': 10, 'max_features': 0.5, 'min_samples_leaf': 2, 'n_estimators': 100}"
2025-09-22 07:00:00,Neural Network,7,1.0107174247472,0.24194279251360462,2023-09-22 07:00:00,2025-09-22 07:00:00,2025-09-22 07:00:00,731,1,-0.35941423956503044,0.35941423956503044,"{'regressor__model__alpha': 0.0001, 'regressor__model__hidden_layer_sizes': (64, 32), 'regressor__model__learning_rate_init': 0.0001}"
2025-09-22 07:00:00,Naive,7,1.0107174247472,-1.5192635941854924,2023-09-22 07:00:00,2025-09-22 07:00:00,2025-09-22 07:00:00,731,1,,,not_applicable
2025-09-23 07:00:00,Decision Tree,7,1.5835592904049551,0.9625916875371625,2023-09-23 07:00:00,2025-09-23 07:00:00,2025-09-23 07:00:00,731,1,-0.42290985504429074,0.42290985504429074,"{'max_depth': None, 'min_samples_leaf': 1, 'min_samples_split': 20}"
2025-09-23 07:00:00,ARX,7,1.5835592904049551,0.6706370280768337,2023-09-23 07:00:00,2025-09-23 07:00:00,2025-09-23 07:00:00,731,1,-0.3032104293734177,0.3032104293734177,{'model__alpha': 0.01}
2025-09-23 07:00:00,Random Forest,7,1.5835592904049551,1.0097337591072577,2023-09-23 07:00:00,2025-09-23 07:00:00,2025-09-23 07:00:00,731,1,-0.28640559026943707,0.28640559026943707,"{'max_depth': 10, 'max_features': 0.5, 'min_samples_leaf': 2, 'n_estimators': 100}"
2025-09-23 07:00:00,Neural Network,7,1.5835592904049551,0.8209593037842684,2023-09-23 07:00:00,2025-09-23 07:00:00,2025-09-23 07:00:00,731,1,-0.35941423956503044,0.35941423956503044,"{'regressor__model__alpha': 0.0001, 'regressor__model__hidden_layer_sizes': (64, 32), 'regressor__model__learning_rate_init': 0.0001}"
2025-09-23 07:00:00,Naive,7,1.5835592904049551,1.0107174247472,2023-09-23 07:00:00,2025-09-23 07:00:00,2025-09-23 07:00:00,731,1,,,not_applicable
2025-09-24 07:00:00,Decision Tree,7,0.7856844534239514,1.0456274181011183,2023-09-24 07:00:00,2025-09-24 07:00:00,2025-09-24 07:00:00,731,1,-0.42290985504429074,0.42290985504429074,"{'max_depth': None, 'min_samples_leaf': 1, 'min_samples_split': 20}"
2025-09-24 07:00:00,ARX,7,0.7856844534239514,0.815329156546986,2023-09-24 07:00:00,2025-09-24 07:00:00,2025-09-24 07:00:00,731,1,-0.3032104293734177,0.3032104293734177,{'model__alpha': 0.01}
2025-09-24 07:00:00,Random Forest,7,0.7856844534239514,0.8625379135890615,2023-09-24 07:00:00,2025-09-24 07:00:00,2025-09-24 07:00:00,731,1,-0.28640559026943707,0.28640559026943707,"{'max_depth': 10, 'max_features': 0.5, 'min_samples_leaf': 2, 'n_estimators': 100}"
2025-09-24 07:00:00,Neural Network,7,0.7856844534239514,1.2689311696027175,2023-09-24 07:00:00,2025-09-24 07:00:00,2025-09-24 07:00:00,731,1,-0.35941423956503044,0.35941423956503044,"{'regressor__model__alpha': 0.0001, 'regressor__model__hidden_layer_sizes': (64, 32), 'regressor__model__learning_rate_init': 0.0001}"
2025-09-24 07:00:00,Naive,7,0.7856844534239514,1.5835592904049551,2023-09-24 07:00:00,2025-09-24 07:00:00,2025-09-24 07:00:00,731,1,,,not_applicable
2025-09-25 07:00:00,Decision Tree,7,0.9088960138152342,0.6092038707027982,2023-09-25 07:00:00,2025-09-25 07:00:00,2025-09-25 07:00:00,731,1,-0.42290985504429074,0.42290985504429074,"{'max_depth': None, 'min_samples_leaf': 1, 'min_samples_split': 20}"
2025-09-25 07:00:00,ARX,7,0.9088960138152342,0.4733598375805147,2023-09-25 07:00:00,2025-09-25 07:00:00,2025-09-25 07:00:00,731,1,-0.3032104293734177,0.3032104293734177,{'model__alpha': 0.01}
2025-09-25 07:00:00,Random Forest,7,0.9088960138152342,0.299866566873259,2023-09-25 07:00:00,2025-09-25 07:00:00,2025-09-25 07:00:00,731,1,-0.28640559026943707,0.28640559026943707,"{'max_depth': 10, 'max_features': 0.5, 'min_samples_leaf': 2, 'n_estimators': 100}"
2025-09-25 07:00:00,Neural Network,7,0.9088960138152342,0.743072689681831,2023-09-25 07:00:00,2025-09-25 07:00:00,2025-09-25 07:00:00,731,1,-0.35941423956503044,0.35941423956503044,"{'regressor__model__alpha': 0.0001, 'regressor__model__hidden_layer_sizes': (64, 32), 'regressor__model__learning_rate_init': 0.0001}"
2025-09-25 07:00:00,Naive,7,0.9088960138152342,0.7856844534239514,2023-09-25 07:00:00,2025-09-25 07:00:00,2025-09-25 07:00:00,731,1,,,not_applicable
2025-09-26 07:00:00,Decision Tree,7,0.8345879737400426,0.6960082866097678,2023-09-26 07:00:00,2025-09-26 07:00:00,2025-09-26 07:00:00,731,1,-0.42290985504429074,0.42290985504429074,"{'max_depth': None, 'min_samples_leaf': 1, 'min_samples_split': 20}"
2025-09-26 07:00:00,ARX,7,0.8345879737400426,0.6623601694480057,2023-09-26 07:00:00,2025-09-26 07:00:00,2025-09-26 07:00:00,731,1,-0.3032104293734177,0.3032104293734177,{'model__alpha': 0.01}
2025-09-26 07:00:00,Random Forest,7,0.8345879737400426,0.38129399476165127,2023-09-26 07:00:00,2025-09-26 07:00:00,2025-09-26 07:00:00,731,1,-0.28640559026943707,0.28640559026943707,"{'max_depth': 10, 'max_features': 0.5, 'min_samples_leaf': 2, 'n_estimators': 100}"
2025-09-26 07:00:00,Neural Network,7,0.8345879737400426,0.7351703869478966,2023-09-26 07:00:00,2025-09-26 07:00:00,2025-09-26 07:00:00,731,1,-0.35941423956503044,0.35941423956503044,"{'regressor__model__alpha': 0.0001, 'regressor__model__hidden_layer_sizes': (64, 32), 'regressor__model__learning_rate_init': 0.0001}"
2025-09-26 07:00:00,Naive,7,0.8345879737400426,0.9088960138152342,2023-09-26 07:00:00,2025-09-26 07:00:00,2025-09-26 07:00:00,731,1,,,not_applicable
2025-09-27 07:00:00,Decision Tree,7,0.5128712203323054,0.07176804111486314,2023-09-27 07:00:00,2025-09-27 07:00:00,2025-09-27 07:00:00,731,1,-0.42290985504429074,0.42290985504429074,"{'max_depth': None, 'min_samples_leaf': 1, 'min_samples_split': 20}"
2025-09-27 07:00:00,ARX,7,0.5128712203323054,0.2312700352295493,2023-09-27 07:00:00,2025-09-27 07:00:00,2025-09-27 07:00:00,731,1,-0.3032104293734177,0.3032104293734177,{'model__alpha': 0.01}
2025-09-27 07:00:00,Random Forest,7,0.5128712203323054,-0.07773353141546917,2023-09-27 07:00:00,2025-09-27 07:00:00,2025-09-27 07:00:00,731,1,-0.28640559026943707,0.28640559026943707,"{'max_depth': 10, 'max_features': 0.5, 'min_samples_leaf': 2, 'n_estimators': 100}"
2025-09-27 07:00:00,Neural Network,7,0.5128712203323054,1.1046672805637712,2023-09-27 07:00:00,2025-09-27 07:00:00,2025-09-27 07:00:00,731,1,-0.35941423956503044,0.35941423956503044,"{'regressor__model__alpha': 0.0001, 'regressor__model__hidden_layer_sizes': (64, 32), 'regressor__model__learning_rate_init': 0.0001}"
2025-09-27 07:00:00,Naive,7,0.5128712203323054,0.8345879737400426,2023-09-27 07:00:00,2025-09-27 07:00:00,2025-09-27 07:00:00,731,1,,,not_applicable
2025-09-28 07:00:00,Decision Tree,7,0.5215862997818671,0.02375289344720307,2023-09-28 07:00:00,2025-09-28 07:00:00,2025-09-28 07:00:00,731,1,-0.42290985504429074,0.42290985504429074,"{'max_depth': None, 'min_samples_leaf': 1, 'min_samples_split': 20}"
2025-09-28 07:00:00,ARX,7,0.5215862997818671,0.21049958303228367,2023-09-28 07:00:00,2025-09-28 07:00:00,2025-09-28 07:00:00,731,1,-0.3032104293734177,0.3032104293734177,{'model__alpha': 0.01}
2025-09-28 07:00:00,Random Forest,7,0.5215862997818671,0.02904121528024872,2023-09-28 07:00:00,2025-09-28 07:00:00,2025-09-28 07:00:00,731,1,-0.28640559026943707,0.28640559026943707,"{'max_depth': 10, 'max_features': 0.5, 'min_samples_leaf': 2, 'n_estimators': 100}"
2025-09-28 07:00:00,Neural Network,7,0.5215862997818671,0.37146976996443537,2023-09-28 07:00:00,2025-09-28 07:00:00,2025-09-28 07:00:00,731,1,-0.35941423956503044,0.35941423956503044,"{'regressor__model__alpha': 0.0001, 'regressor__model__hidden_layer_sizes': (64, 32), 'regressor__model__learning_rate_init': 0.0001}"
2025-09-28 07:00:00,Naive,7,0.5215862997818671,0.5128712203323054,2023-09-28 07:00:00,2025-09-28 07:00:00,2025-09-28 07:00:00,731,1,,,not_applicable
2025-09-29 07:00:00,Decision Tree,7,2.0157973411600087,1.2617210215168555,2023-09-29 07:00:00,2025-09-29 07:00:00,2025-09-29 07:00:00,731,1,-0.42290985504429074,0.42290985504429074,"{'max_depth': None, 'min_samples_leaf': 1, 'min_samples_split': 20}"
2025-09-29 07:00:00,ARX,7,2.0157973411600087,1.381373760429331,2023-09-29 07:00:00,2025-09-29 07:00:00,2025-09-29 07:00:00,731,1,-0.3032104293734177,0.3032104293734177,{'model__alpha': 0.01}
2025-09-29 07:00:00,Random Forest,7,2.0157973411600087,1.22443189868926,2023-09-29 07:00:00,2025-09-29 07:00:00,2025-09-29 07:00:00,731,1,-0.28640559026943707,0.28640559026943707,"{'max_depth': 10, 'max_features': 0.5, 'min_samples_leaf': 2, 'n_estimators': 100}"
2025-09-29 07:00:00,Neural Network,7,2.0157973411600087,1.5250526252450665,2023-09-29 07:00:00,2025-09-29 07:00:00,2025-09-29 07:00:00,731,1,-0.35941423956503044,0.35941423956503044,"{'regressor__model__alpha': 0.0001, 'regressor__model__hidden_layer_sizes': (64, 32), 'regressor__model__learning_rate_init': 0.0001}"
2025-09-29 07:00:00,Naive,7,2.0157973411600087,0.5215862997818671,2023-09-29 07:00:00,2025-09-29 07:00:00,2025-09-29 07:00:00,731,1,,,not_applicable
2025-09-30 07:00:00,Decision Tree,7,2.159946236378635,1.356813064350052,2023-09-30 07:00:00,2025-09-30 07:00:00,2025-09-30 07:00:00,731,1,-0.42290985504429074,0.42290985504429074,"{'max_depth': None, 'min_samples_leaf': 1, 'min_samples_split': 20}"
2025-09-30 07:00:00,ARX,7,2.159946236378635,1.4908851911602992,2023-09-30 07:00:00,2025-09-30 07:00:00,2025-09-30 07:00:00,731,1,-0.3032104293734177,0.3032104293734177,{'model__alpha': 0.01}
2025-09-30 07:00:00,Random Forest,7,2.159946236378635,1.4107388497830022,2023-09-30 07:00:00,2025-09-30 07:00:00,2025-09-30 07:00:00,731,1,-0.28640559026943707,0.28640559026943707,"{'max_depth': 10, 'max_features': 0.5, 'min_samples_leaf': 2, 'n_estimators': 100}"
2025-09-30 07:00:00,Neural Network,7,2.159946236378635,1.871137740123328,2023-09-30 07:00:00,2025-09-30 07:00:00,2025-09-30 07:00:00,731,1,-0.35941423956503044,0.35941423956503044,"{'regressor__model__alpha': 0.0001, 'regressor__model__hidden_layer_sizes': (64, 32), 'regressor__model__learning_rate_init': 0.0001}"
2025-09-30 07:00:00,Naive,7,2.159946236378635,2.0157973411600087,2023-09-30 07:00:00,2025-09-30 07:00:00,2025-09-30 07:00:00,731,1,,,not_applicable
2025-10-01 07:00:00,Decision Tree,7,1.59619479629434,0.9461740941623071,2023-10-01 07:00:00,2025-10-01 07:00:00,2025-10-01 07:00:00,731,1,-0.42290985504429074,0.42290985504429074,"{'max_depth': None, 'min_samples_leaf': 1, 'min_samples_split': 20}"
2025-10-01 07:00:00,ARX,7,1.59619479629434,1.4535228042404502,2023-10-01 07:00:00,2025-10-01 07:00:00,2025-10-01 07:00:00,731,1,-0.3032104293734177,0.3032104293734177,{'model__alpha': 0.01}
2025-10-01 07:00:00,Random Forest,7,1.59619479629434,1.436373961684428,2023-10-01 07:00:00,2025-10-01 07:00:00,2025-10-01 07:00:00,731,1,-0.28640559026943707,0.28640559026943707,"{'max_depth': 10, 'max_features': 0.5, 'min_samples_leaf': 2, 'n_estimators': 100}"
2025-10-01 07:00:00,Neural Network,7,1.59619479629434,1.8909172668685972,2023-10-01 07:00:00,2025-10-01 07:00:00,2025-10-01 07:00:00,731,1,-0.35941423956503044,0.35941423956503044,"{'regressor__model__alpha': 0.0001, 'regressor__model__hidden_layer_sizes': (64, 32), 'regressor__model__learning_rate_init': 0.0001}"
2025-10-01 07:00:00,Naive,7,1.59619479629434,2.159946236378635,2023-10-01 07:00:00,2025-10-01 07:00:00,2025-10-01 07:00:00,731,1,,,not_applicable
2025-10-02 07:00:00,Decision Tree,7,1.6757554631973655,1.871983829327386,2023-10-02 07:00:00,2025-10-02 07:00:00,2025-10-02 07:00:00,731,1,-0.42290985504429074,0.42290985504429074,"{'max_depth': None, 'min_samples_leaf': 1, 'min_samples_split': 20}"
2025-10-02 07:00:00,ARX,7,1.6757554631973655,1.283508606177276,2023-10-02 07:00:00,2025-10-02 07:00:00,2025-10-02 07:00:00,731,1,-0.3032104293734177,0.3032104293734177,{'model__alpha': 0.01}
2025-10-02 07:00:00,Random Forest,7,1.6757554631973655,1.3005165967990586,2023-10-02 07:00:00,2025-10-02 07:00:00,2025-10-02 07:00:00,731,1,-0.28640559026943707,0.28640559026943707,"{'max_depth': 10, 'max_features': 0.5, 'min_samples_leaf': 2, 'n_estimators': 100}"
2025-10-02 07:00:00,Neural Network,7,1.6757554631973655,1.7111963909709107,2023-10-02 07:00:00,2025-10-02 07:00:00,2025-10-02 07:00:00,731,1,-0.35941423956503044,0.35941423956503044,"{'regressor__model__alpha': 0.0001, 'regressor__model__hidden_layer_sizes': (64, 32), 'regressor__model__learning_rate_init': 0.0001}"
2025-10-02 07:00:00,Naive,7,1.6757554631973655,1.59619479629434,2023-10-02 07:00:00,2025-10-02 07:00:00,2025-10-02 07:00:00,731,1,,,not_applicable
2025-10-03 07:00:00,Decision Tree,7,0.38884327693621246,0.48604251961186573,2023-10-03 07:00:00,2025-10-03 07:00:00,2025-10-03 07:00:00,731,1,-0.42290985504429074,0.42290985504429074,"{'max_depth': None, 'min_samples_leaf': 1, 'min_samples_split': 20}"
2025-10-03 07:00:00,ARX,7,0.38884327693621246,0.3929613341307743,2023-10-03 07:00:00,2025-10-03 07:00:00,2025-10-03 07:00:00,731,1,-0.3032104293734177,0.3032104293734177,{'model__alpha': 0.01}
2025-10-03 07:00:00,Random Forest,7,0.38884327693621246,0.1705654949662154,2023-10-03 07:00:00,2025-10-03 07:00:00,2025-10-03 07:00:00,731,1,-0.28640559026943707,0.28640559026943707,"{'max_depth': 10, 'max_features': 0.5, 'min_samples_leaf': 2, 'n_estimators': 100}"
2025-10-03 07:00:00,Neural Network,7,0.38884327693621246,-0.4424022195283698,2023-10-03 07:00:00,2025-10-03 07:00:00,2025-10-03 07:00:00,731,1,-0.35941423956503044,0.35941423956503044,"{'regressor__model__alpha': 0.0001, 'regressor__model__hidden_layer_sizes': (64, 32), 'regressor__model__learning_rate_init': 0.0001}"
2025-10-03 07:00:00,Naive,7,0.38884327693621246,1.6757554631973655,2023-10-03 07:00:00,2025-10-03 07:00:00,2025-10-03 07:00:00,731,1,,,not_applicable
2025-10-04 07:00:00,Decision Tree,7,-1.5862480175194498,-1.5688626122615281,2023-10-04 07:00:00,2025-10-04 07:00:00,2025-10-04 07:00:00,731,1,-0.42290985504429074,0.42290985504429074,"{'max_depth': None, 'min_samples_leaf': 1, 'min_samples_split': 20}"
2025-10-04 07:00:00,ARX,7,-1.5862480175194498,-0.9645970100368083,2023-10-04 07:00:00,2025-10-04 07:00:00,2025-10-04 07:00:00,731,1,-0.3032104293734177,0.3032104293734177,{'model__alpha': 0.01}
2025-10-04 07:00:00,Random Forest,7,-1.5862480175194498,-1.1156677233760397,2023-10-04 07:00:00,2025-10-04 07:00:00,2025-10-04 07:00:00,731,1,-0.28640559026943707,0.28640559026943707,"{'max_depth': 10, 'max_features': 0.5, 'min_samples_leaf': 2, 'n_estimators': 100}"
2025-10-04 07:00:00,Neural Network,7,-1.5862480175194498,-1.5201976797677783,2023-10-04 07:00:00,2025-10-04 07:00:00,2025-10-04 07:00:00,731,1,-0.35941423956503044,0.35941423956503044,"{'regressor__model__alpha': 0.0001, 'regressor__model__hidden_layer_sizes': (64, 32), 'regressor__model__learning_rate_init': 0.0001}"
2025-10-04 07:00:00,Naive,7,-1.5862480175194498,0.38884327693621246,2023-10-04 07:00:00,2025-10-04 07:00:00,2025-10-04 07:00:00,731,1,,,not_applicable
2025-10-05 07:00:00,Decision Tree,7,-1.5904793290710622,-1.3070353996019737,2023-10-05 07:00:00,2025-10-05 07:00:00,2025-10-05 07:00:00,731,1,-0.42290985504429074,0.42290985504429074,"{'max_depth': None, 'min_samples_leaf': 1, 'min_samples_split': 20}"
2025-10-05 07:00:00,ARX,7,-1.5904793290710622,-1.1865724638702928,2023-10-05 07:00:00,2025-10-05 07:00:00,2025-10-05 07:00:00,731,1,-0.3032104293734177,0.3032104293734177,{'model__alpha': 0.01}
2025-10-05 07:00:00,Random Forest,7,-1.5904793290710622,-1.377192892140809,2023-10-05 07:00:00,2025-10-05 07:00:00,2025-10-05 07:00:00,731,1,-0.28640559026943707,0.28640559026943707,"{'max_depth': 10, 'max_features': 0.5, 'min_samples_leaf': 2, 'n_estimators': 100}"
2025-10-05 07:00:00,Neural Network,7,-1.5904793290710622,-1.239017649730864,2023-10-05 07:00:00,2025-10-05 07:00:00,2025-10-05 07:00:00,731,1,-0.35941423956503044,0.35941423956503044,"{'regressor__model__alpha': 0.0001, 'regressor__model__hidden_layer_sizes': (64, 32), 'regressor__model__learning_rate_init': 0.0001}"
2025-10-05 07:00:00,Naive,7,-1.5904793290710622,-1.5862480175194498,2023-10-05 07:00:00,2025-10-05 07:00:00,2025-10-05 07:00:00,731,1,,,not_applicable
2025-10-06 07:00:00,Decision Tree,7,0.5035066322722186,0.7419842675685778,2023-10-06 07:00:00,2025-10-06 07:00:00,2025-10-06 07:00:00,731,1,-0.42290985504429074,0.42290985504429074,"{'max_depth': None, 'min_samples_leaf': 1, 'min_samples_split': 20}"
2025-10-06 07:00:00,ARX,7,0.5035066322722186,-0.13609185108778207,2023-10-06 07:00:00,2025-10-06 07:00:00,2025-10-06 07:00:00,731,1,-0.3032104293734177,0.3032104293734177,{'model__alpha': 0.01}
2025-10-06 07:00:00,Random Forest,7,0.5035066322722186,0.04896102277968585,2023-10-06 07:00:00,2025-10-06 07:00:00,2025-10-06 07:00:00,731,1,-0.28640559026943707,0.28640559026943707,"{'max_depth': 10, 'max_features': 0.5, 'min_samples_leaf': 2, 'n_estimators': 100}"
2025-10-06 07:00:00,Neural Network,7,0.5035066322722186,-0.3803758264607229,2023-10-06 07:00:00,2025-10-06 07:00:00,2025-10-06 07:00:00,731,1,-0.35941423956503044,0.35941423956503044,"{'regressor__model__alpha': 0.0001, 'regressor__model__hidden_layer_sizes': (64, 32), 'regressor__model__learning_rate_init': 0.0001}"
2025-10-06 07:00:00,Naive,7,0.5035066322722186,-1.5904793290710622,2023-10-06 07:00:00,2025-10-06 07:00:00,2025-10-06 07:00:00,731,1,,,not_applicable
2025-10-07 07:00:00,Decision Tree,7,2.0564007126532067,1.2900242895014324,2023-10-07 07:00:00,2025-10-07 07:00:00,2025-10-07 07:00:00,731,1,-0.42290985504429074,0.42290985504429074,"{'max_depth': None, 'min_samples_leaf': 1, 'min_samples_split': 20}"
2025-10-07 07:00:00,ARX,7,2.0564007126532067,1.6922030597150994,2023-10-07 07:00:00,2025-10-07 07:00:00,2025-10-07 07:00:00,731,1,-0.3032104293734177,0.3032104293734177,{'model__alpha': 0.01}
2025-10-07 07:00:00,Random Forest,7,2.0564007126532067,1.297455899492323,2023-10-07 07:00:00,2025-10-07 07:00:00,2025-10-07 07:00:00,731,1,-0.28640559026943707,0.28640559026943707,"{'max_depth': 10, 'max_features': 0.5, 'min_samples_leaf': 2, 'n_estimators': 100}"
2025-10-07 07:00:00,Neural Network,7,2.0564007126532067,1.3677718963279784,2023-10-07 07:00:00,2025-10-07 07:00:00,2025-10-07 07:00:00,731,1,-0.35941423956503044,0.35941423956503044,"{'regressor__model__alpha': 0.0001, 'regressor__model__hidden_layer_sizes': (64, 32), 'regressor__model__learning_rate_init': 0.0001}"
2025-10-07 07:00:00,Naive,7,2.0564007126532067,0.5035066322722186,2023-10-07 07:00:00,2025-10-07 07:00:00,2025-10-07 07:00:00,731,1,,,not_applicable
2025-10-08 07:00:00,Decision Tree,7,1.3889315036433572,0.6718319504745872,2023-10-08 07:00:00,2025-10-08 07:00:00,2025-10-08 07:00:00,731,1,-0.42290985504429074,0.42290985504429074,"{'max_depth': None, 'min_samples_leaf': 1, 'min_samples_split': 20}"
2025-10-08 07:00:00,ARX,7,1.3889315036433572,1.4466978431343775,2023-10-08 07:00:00,2025-10-08 07:00:00,2025-10-08 07:00:00,731,1,-0.3032104293734177,0.3032104293734177,{'model__alpha': 0.01}
2025-10-08 07:00:00,Random Forest,7,1.3889315036433572,1.2760999765980463,2023-10-08 07:00:00,2025-10-08 07:00:00,2025-10-08 07:00:00,731,1,-0.28640559026943707,0.28640559026943707,"{'max_depth': 10, 'max_features': 0.5, 'min_samples_leaf': 2, 'n_estimators': 100}"
2025-10-08 07:00:00,Neural Network,7,1.3889315036433572,1.0197274037244632,2023-10-08 07:00:00,2025-10-08 07:00:00,2025-10-08 07:00:00,731,1,-0.35941423956503044,0.35941423956503044,"{'regressor__model__alpha': 0.0001, 'regressor__model__hidden_layer_sizes': (64, 32), 'regressor__model__learning_rate_init': 0.0001}"
2025-10-08 07:00:00,Naive,7,1.3889315036433572,2.0564007126532067,2023-10-08 07:00:00,2025-10-08 07:00:00,2025-10-08 07:00:00,731,1,,,not_applicable
2025-10-09 07:00:00,Decision Tree,7,1.2470369894092672,1.832878201853884,2023-10-09 07:00:00,2025-10-09 07:00:00,2025-10-09 07:00:00,731,1,-0.42290985504429074,0.42290985504429074,"{'max_depth': None, 'min_samples_leaf': 1, 'min_samples_split': 20}"
2025-10-09 07:00:00,ARX,7,1.2470369894092672,1.42255818327534,2023-10-09 07:00:00,2025-10-09 07:00:00,2025-10-09 07:00:00,731,1,-0.3032104293734177,0.3032104293734177,{'model__alpha': 0.01}
2025-10-09 07:00:00,Random Forest,7,1.2470369894092672,1.3187366980753716,2023-10-09 07:00:00,2025-10-09 07:00:00,2025-10-09 07:00:00,731,1,-0.28640559026943707,0.28640559026943707,"{'max_depth': 10, 'max_features': 0.5, 'min_samples_leaf': 2, 'n_estimators': 100}"
2025-10-09 07:00:00,Neural Network,7,1.2470369894092672,0.9495401702295505,2023-10-09 07:00:00,2025-10-09 07:00:00,2025-10-09 07:00:00,731,1,-0.35941423956503044,0.35941423956503044,"{'regressor__model__alpha': 0.0001, 'regressor__model__hidden_layer_sizes': (64, 32), 'regressor__model__learning_rate_init': 0.0001}"
2025-10-09 07:00:00,Naive,7,1.2470369894092672,1.3889315036433572,2023-10-09 07:00:00,2025-10-09 07:00:00,2025-10-09 07:00:00,731,1,,,not_applicable
2025-10-10 07:00:00,Decision Tree,7,0.8128914650444146,0.9312328400955306,2023-10-10 07:00:00,2025-10-10 07:00:00,2025-10-10 07:00:00,731,1,-0.42290985504429074,0.42290985504429074,"{'max_depth': None, 'min_samples_leaf': 1, 'min_samples_split': 20}"
2025-10-10 07:00:00,ARX,7,0.8128914650444146,0.6493963646222756,2023-10-10 07:00:00,2025-10-10 07:00:00,2025-10-10 07:00:00,731,1,-0.3032104293734177,0.3032104293734177,{'model__alpha': 0.01}
2025-10-10 07:00:00,Random Forest,7,0.8128914650444146,0.774714872939325,2023-10-10 07:00:00,2025-10-10 07:00:00,2025-10-10 07:00:00,731,1,-0.28640559026943707,0.28640559026943707,"{'max_depth': 10, 'max_features': 0.5, 'min_samples_leaf': 2, 'n_estimators': 100}"
2025-10-10 07:00:00,Neural Network,7,0.8128914650444146,0.5106262816196931,2023-10-10 07:00:00,2025-10-10 07:00:00,2025-10-10 07:00:00,731,1,-0.35941423956503044,0.35941423956503044,"{'regressor__model__alpha': 0.0001, 'regressor__model__hidden_layer_sizes': (64, 32), 'regressor__model__learning_rate_init': 0.0001}"
2025-10-10 07:00:00,Naive,7,0.8128914650444146,1.2470369894092672,2023-10-10 07:00:00,2025-10-10 07:00:00,2025-10-10 07:00:00,731,1,,,not_applicable
2025-10-11 07:00:00,Decision Tree,7,0.2929453106991684,0.13550763739326824,2023-10-11 07:00:00,2025-10-11 07:00:00,2025-10-11 07:00:00,731,1,-0.42290985504429074,0.42290985504429074,"{'max_depth': None, 'min_samples_leaf': 1, 'min_samples_split': 20}"
2025-10-11 07:00:00,ARX,7,0.2929453106991684,0.009113771003417731,2023-10-11 07:00:00,2025-10-11 07:00:00,2025-10-11 07:00:00,731,1,-0.3032104293734177,0.3032104293734177,{'model__alpha': 0.01}
2025-10-11 07:00:00,Random Forest,7,0.2929453106991684,0.06192122360658603,2023-10-11 07:00:00,2025-10-11 07:00:00,2025-10-11 07:00:00,731,1,-0.28640559026943707,0.28640559026943707,"{'max_depth': 10, 'max_features': 0.5, 'min_samples_leaf': 2, 'n_estimators': 100}"
2025-10-11 07:00:00,Neural Network,7,0.2929453106991684,0.5103949281467486,2023-10-11 07:00:00,2025-10-11 07:00:00,2025-10-11 07:00:00,731,1,-0.35941423956503044,0.35941423956503044,"{'regressor__model__alpha': 0.0001, 'regressor__model__hidden_layer_sizes': (64, 32), 'regressor__model__learning_rate_init': 0.0001}"
2025-10-11 07:00:00,Naive,7,0.2929453106991684,0.8128914650444146,2023-10-11 07:00:00,2025-10-11 07:00:00,2025-10-11 07:00:00,731,1,,,not_applicable
2025-10-12 07:00:00,Decision Tree,7,0.09369566338714005,-0.414349776193256,2023-10-12 07:00:00,2025-10-12 07:00:00,2025-10-12 07:00:00,731,1,-0.42290985504429074,0.42290985504429074,"{'max_depth': None, 'min_samples_leaf': 1, 'min_samples_split': 20}"
2025-10-12 07:00:00,ARX,7,0.09369566338714005,0.10903127007030725,2023-10-12 07:00:00,2025-10-12 07:00:00,2025-10-12 07:00:00,731,1,-0.3032104293734177,0.3032104293734177,{'model__alpha': 0.01}
2025-10-12 07:00:00,Random Forest,7,0.09369566338714005,-0.1332562192217672,2023-10-12 07:00:00,2025-10-12 07:00:00,2025-10-12 07:00:00,731,1,-0.28640559026943707,0.28640559026943707,"{'max_depth': 10, 'max_features': 0.5, 'min_samples_leaf': 2, 'n_estimators': 100}"
2025-10-12 07:00:00,Neural Network,7,0.09369566338714005,-0.013943758787435506,2023-10-12 07:00:00,2025-10-12 07:00:00,2025-10-12 07:00:00,731,1,-0.35941423956503044,0.35941423956503044,"{'regressor__model__alpha': 0.0001, 'regressor__model__hidden_layer_sizes': (64, 32), 'regressor__model__learning_rate_init': 0.0001}"
2025-10-12 07:00:00,Naive,7,0.09369566338714005,0.2929453106991684,2023-10-12 07:00:00,2025-10-12 07:00:00,2025-10-12 07:00:00,731,1,,,not_applicable
2025-10-13 07:00:00,Decision Tree,7,1.9905395909170618,1.0957217905140286,2023-10-13 07:00:00,2025-10-13 07:00:00,2025-10-13 07:00:00,731,1,-0.42290985504429074,0.42290985504429074,"{'max_depth': None, 'min_samples_leaf': 1, 'min_samples_split': 20}"
2025-10-13 07:00:00,ARX,7,1.9905395909170618,1.4848670312136276,2023-10-13 07:00:00,2025-10-13 07:00:00,2025-10-13 07:00:00,731,1,-0.3032104293734177,0.3032104293734177,{'model__alpha': 0.01}
2025-10-13 07:00:00,Random Forest,7,1.9905395909170618,1.1780620454931015,2023-10-13 07:00:00,2025-10-13 07:00:00,2025-10-13 07:00:00,731,1,-0.28640559026943707,0.28640559026943707,"{'max_depth': 10, 'max_features': 0.5, 'min_samples_leaf': 2, 'n_estimators': 100}"
2025-10-13 07:00:00,Neural Network,7,1.9905395909170618,1.6590434667991671,2023-10-13 07:00:00,2025-10-13 07:00:00,2025-10-13 07:00:00,731,1,-0.35941423956503044,0.35941423956503044,"{'regressor__model__alpha': 0.0001, 'regressor__model__hidden_layer_sizes': (64, 32), 'regressor__model__learning_rate_init': 0.0001}"
2025-10-13 07:00:00,Naive,7,1.9905395909170618,0.09369566338714005,2023-10-13 07:00:00,2025-10-13 07:00:00,2025-10-13 07:00:00,731,1,,,not_applicable
2025-10-14 07:00:00,Decision Tree,7,1.4494572162682484,1.3296145095517717,2023-10-14 07:00:00,2025-10-14 07:00:00,2025-10-14 07:00:00,731,1,-0.42290985504429074,0.42290985504429074,"{'max_depth': None, 'min_samples_leaf': 1, 'min_samples_split': 20}"
2025-10-14 07:00:00,ARX,7,1.4494572162682484,1.7891000086430007,2023-10-14 07:00:00,2025-10-14 07:00:00,2025-10-14 07:00:00,731,1,-0.3032104293734177,0.3032104293734177,{'model__alpha': 0.01}
2025-10-14 07:00:00,Random Forest,7,1.4494572162682484,1.548037077347116,2023-10-14 07:00:00,2025-10-14 07:00:00,2025-10-14 07:00:00,731,1,-0.28640559026943707,0.28640559026943707,"{'max_depth': 10, 'max_features': 0.5, 'min_samples_leaf': 2, 'n_estimators': 100}"
2025-10-14 07:00:00,Neural Network,7,1.4494572162682484,1.6962791881832389,2023-10-14 07:00:00,2025-10-14 07:00:00,2025-10-14 07:00:00,731,1,-0.35941423956503044,0.35941423956503044,"{'regressor__model__alpha': 0.0001, 'regressor__model__hidden_layer_sizes': (64, 32), 'regressor__model__learning_rate_init': 0.0001}"
2025-10-14 07:00:00,Naive,7,1.4494572162682484,1.9905395909170618,2023-10-14 07:00:00,2025-10-14 07:00:00,2025-10-14 07:00:00,731,1,,,not_applicable
2025-10-15 07:00:00,Decision Tree,7,2.3557760635917457,1.7356492892107964,2023-10-15 07:00:00,2025-10-15 07:00:00,2025-10-15 07:00:00,731,1,-0.42290985504429074,0.42290985504429074,"{'max_depth': None, 'min_samples_leaf': 1, 'min_samples_split': 20}"
2025-10-15 07:00:00,ARX,7,2.3557760635917457,1.8538969434989043,2023-10-15 07:00:00,2025-10-15 07:00:00,2025-10-15 07:00:00,731,1,-0.3032104293734177,0.3032104293734177,{'model__alpha': 0.01}
2025-10-15 07:00:00,Random Forest,7,2.3557760635917457,1.796183625626259,2023-10-15 07:00:00,2025-10-15 07:00:00,2025-10-15 07:00:00,731,1,-0.28640559026943707,0.28640559026943707,"{'max_depth': 10, 'max_features': 0.5, 'min_samples_leaf': 2, 'n_estimators': 100}"
2025-10-15 07:00:00,Neural Network,7,2.3557760635917457,1.7449123418565464,2023-10-15 07:00:00,2025-10-15 07:00:00,2025-10-15 07:00:00,731,1,-0.35941423956503044,0.35941423956503044,"{'regressor__model__alpha': 0.0001, 'regressor__model__hidden_layer_sizes': (64, 32), 'regressor__model__learning_rate_init': 0.0001}"
2025-10-15 07:00:00,Naive,7,2.3557760635917457,1.4494572162682484,2023-10-15 07:00:00,2025-10-15 07:00:00,2025-10-15 07:00:00,731,1,,,not_applicable
2025-10-16 07:00:00,Decision Tree,7,0.7471257076463356,0.9364852571362167,2023-10-16 07:00:00,2025-10-16 07:00:00,2025-10-16 07:00:00,731,1,-0.42290985504429074,0.42290985504429074,"{'max_depth': None, 'min_samples_leaf': 1, 'min_samples_split': 20}"
2025-10-16 07:00:00,ARX,7,0.7471257076463356,1.0604592912880801,2023-10-16 07:00:00,2025-10-16 07:00:00,2025-10-16 07:00:00,731,1,-0.3032104293734177,0.3032104293734177,{'model__alpha': 0.01}
2025-10-16 07:00:00,Random Forest,7,0.7471257076463356,1.2702992154667387,2023-10-16 07:00:00,2025-10-16 07:00:00,2025-10-16 07:00:00,731,1,-0.28640559026943707,0.28640559026943707,"{'max_depth': 10, 'max_features': 0.5, 'min_samples_leaf': 2, 'n_estimators': 100}"
2025-10-16 07:00:00,Neural Network,7,0.7471257076463356,1.587011790841219,2023-10-16 07:00:00,2025-10-16 07:00:00,2025-10-16 07:00:00,731,1,-0.35941423956503044,0.35941423956503044,"{'regressor__model__alpha': 0.0001, 'regressor__model__hidden_layer_sizes': (64, 32), 'regressor__model__learning_rate_init': 0.0001}"
2025-10-16 07:00:00,Naive,7,0.7471257076463356,2.3557760635917457,2023-10-16 07:00:00,2025-10-16 07:00:00,2025-10-16 07:00:00,731,1,,,not_applicable
2025-10-17 07:00:00,Decision Tree,7,1.0050908096156077,0.9175493021872285,2023-10-17 07:00:00,2025-10-17 07:00:00,2025-10-17 07:00:00,731,1,-0.42290985504429074,0.42290985504429074,"{'max_depth': None, 'min_samples_leaf': 1, 'min_samples_split': 20}"
2025-10-17 07:00:00,ARX,7,1.0050908096156077,1.0861494422873395,2023-10-17 07:00:00,2025-10-17 07:00:00,2025-10-17 07:00:00,731,1,-0.3032104293734177,0.3032104293734177,{'model__alpha': 0.01}
2025-10-17 07:00:00,Random Forest,7,1.0050908096156077,1.0603998034865845,2023-10-17 07:00:00,2025-10-17 07:00:00,2025-10-17 07:00:00,731,1,-0.28640559026943707,0.28640559026943707,"{'max_depth': 10, 'max_features': 0.5, 'min_samples_leaf': 2, 'n_estimators': 100}"
2025-10-17 07:00:00,Neural Network,7,1.0050908096156077,0.6182398148171397,2023-10-17 07:00:00,2025-10-17 07:00:00,2025-10-17 07:00:00,731,1,-0.35941423956503044,0.35941423956503044,"{'regressor__model__alpha': 0.0001, 'regressor__model__hidden_layer_sizes': (64, 32), 'regressor__model__learning_rate_init': 0.0001}"
2025-10-17 07:00:00,Naive,7,1.0050908096156077,0.7471257076463356,2023-10-17 07:00:00,2025-10-17 07:00:00,2025-10-17 07:00:00,731,1,,,not_applicable
2025-10-18 07:00:00,Decision Tree,7,0.6026087869476341,0.5102344895709072,2023-10-18 07:00:00,2025-10-18 07:00:00,2025-10-18 07:00:00,731,1,-0.42290985504429074,0.42290985504429074,"{'max_depth': None, 'min_samples_leaf': 1, 'min_samples_split': 20}"
2025-10-18 07:00:00,ARX,7,0.6026087869476341,0.5438490605806588,2023-10-18 07:00:00,2025-10-18 07:00:00,2025-10-18 07:00:00,731,1,-0.3032104293734177,0.3032104293734177,{'model__alpha': 0.01}
2025-10-18 07:00:00,Random Forest,7,0.6026087869476341,0.40859632537376844,2023-10-18 07:00:00,2025-10-18 07:00:00,2025-10-18 07:00:00,731,1,-0.28640559026943707,0.28640559026943707,"{'max_depth': 10, 'max_features': 0.5, 'min_samples_leaf': 2, 'n_estimators': 100}"
2025-10-18 07:00:00,Neural Network,7,0.6026087869476341,0.2782165738578453,2023-10-18 07:00:00,2025-10-18 07:00:00,2025-10-18 07:00:00,731,1,-0.35941423956503044,0.35941423956503044,"{'regressor__model__alpha': 0.0001, 'regressor__model__hidden_layer_sizes': (64, 32), 'regressor__model__learning_rate_init': 0.0001}"
2025-10-18 07:00:00,Naive,7,0.6026087869476341,1.0050908096156077,2023-10-18 07:00:00,2025-10-18 07:00:00,2025-10-18 07:00:00,731,1,,,not_applicable
2025-10-19 07:00:00,Decision Tree,7,-0.017670140250516494,-0.08536293862124537,2023-10-19 07:00:00,2025-10-19 07:00:00,2025-10-19 07:00:00,731,1,-0.42290985504429074,0.42290985504429074,"{'max_depth': None, 'min_samples_leaf': 1, 'min_samples_split': 20}"
2025-10-19 07:00:00,ARX,7,-0.017670140250516494,0.2555369065083035,2023-10-19 07:00:00,2025-10-19 07:00:00,2025-10-19 07:00:00,731,1,-0.3032104293734177,0.3032104293734177,{'model__alpha': 0.01}
2025-10-19 07:00:00,Random Forest,7,-0.017670140250516494,-0.00712835953579632,2023-10-19 07:00:00,2025-10-19 07:00:00,2025-10-19 07:00:00,731,1,-0.28640559026943707,0.28640559026943707,"{'max_depth': 10, 'max_features': 0.5, 'min_samples_leaf': 2, 'n_estimators': 100}"
2025-10-19 07:00:00,Neural Network,7,-0.017670140250516494,-0.029251482949985502,2023-10-19 07:00:00,2025-10-19 07:00:00,2025-10-19 07:00:00,731,1,-0.35941423956503044,0.35941423956503044,"{'regressor__model__alpha': 0.0001, 'regressor__model__hidden_layer_sizes': (64, 32), 'regressor__model__learning_rate_init': 0.0001}"
2025-10-19 07:00:00,Naive,7,-0.017670140250516494,0.6026087869476341,2023-10-19 07:00:00,2025-10-19 07:00:00,2025-10-19 07:00:00,731,1,,,not_applicable
2025-10-20 07:00:00,Decision Tree,7,0.16216214960571163,0.7181365040389418,2023-10-20 07:00:00,2025-10-20 07:00:00,2025-10-20 07:00:00,731,1,-0.42290985504429074,0.42290985504429074,"{'max_depth': None, 'min_samples_leaf': 1, 'min_samples_split': 20}"
2025-10-20 07:00:00,ARX,7,0.16216214960571163,0.5025551479882198,2023-10-20 07:00:00,2025-10-20 07:00:00,2025-10-20 07:00:00,731,1,-0.3032104293734177,0.3032104293734177,{'model__alpha': 0.01}
2025-10-20 07:00:00,Random Forest,7,0.16216214960571163,0.3167442338027904,2023-10-20 07:00:00,2025-10-20 07:00:00,2025-10-20 07:00:00,731,1,-0.28640559026943707,0.28640559026943707,"{'max_depth': 10, 'max_features': 0.5, 'min_samples_leaf': 2, 'n_estimators': 100}"
2025-10-20 07:00:00,Neural Network,7,0.16216214960571163,-0.15813146558470006,2023-10-20 07:00:00,2025-10-20 07:00:00,2025-10-20 07:00:00,731,1,-0.35941423956503044,0.35941423956503044,"{'regressor__model__alpha': 0.0001, 'regressor__model__hidden_layer_sizes': (64, 32), 'regressor__model__learning_rate_init': 0.0001}"
2025-10-20 07:00:00,Naive,7,0.16216214960571163,-0.017670140250516494,2023-10-20 07:00:00,2025-10-20 07:00:00,2025-10-20 07:00:00,731,1,,,not_applicable
2025-10-21 07:00:00,Decision Tree,7,0.060548450568028406,0.04001419960847663,2023-10-21 07:00:00,2025-10-21 07:00:00,2025-10-21 07:00:00,731,1,-0.42290985504429074,0.42290985504429074,"{'max_depth': None, 'min_samples_leaf': 1, 'min_samples_split': 20}"
2025-10-21 07:00:00,ARX,7,0.060548450568028406,0.16096230876752088,2023-10-21 07:00:00,2025-10-21 07:00:00,2025-10-21 07:00:00,731,1,-0.3032104293734177,0.3032104293734177,{'model__alpha': 0.01}
2025-10-21 07:00:00,Random Forest,7,0.060548450568028406,-0.42766456574321365,2023-10-21 07:00:00,2025-10-21 07:00:00,2025-10-21 07:00:00,731,1,-0.28640559026943707,0.28640559026943707,"{'max_depth': 10, 'max_features': 0.5, 'min_samples_leaf': 2, 'n_estimators': 100}"
2025-10-21 07:00:00,Neural Network,7,0.060548450568028406,0.12234755563493298,2023-10-21 07:00:00,2025-10-21 07:00:00,2025-10-21 07:00:00,731,1,-0.35941423956503044,0.35941423956503044,"{'regressor__model__alpha': 0.0001, 'regressor__model__hidden_layer_sizes': (64, 32), 'regressor__model__learning_rate_init': 0.0001}"
2025-10-21 07:00:00,Naive,7,0.060548450568028406,0.16216214960571163,2023-10-21 07:00:00,2025-10-21 07:00:00,2025-10-21 07:00:00,731,1,,,not_applicable
2025-10-22 07:00:00,Decision Tree,7,0.38155090020538246,0.323609354790166,2023-10-22 07:00:00,2025-10-22 07:00:00,2025-10-22 07:00:00,731,1,-0.42290985504429074,0.42290985504429074,"{'max_depth': None, 'min_samples_leaf': 1, 'min_samples_split': 20}"
2025-10-22 07:00:00,ARX,7,0.38155090020538246,0.8192448397450969,2023-10-22 07:00:00,2025-10-22 07:00:00,2025-10-22 07:00:00,731,1,-0.3032104293734177,0.3032104293734177,{'model__alpha': 0.01}
2025-10-22 07:00:00,Random Forest,7,0.38155090020538246,0.7357697727323188,2023-10-22 07:00:00,2025-10-22 07:00:00,2025-10-22 07:00:00,731,1,-0.28640559026943707,0.28640559026943707,"{'max_depth': 10, 'max_features': 0.5, 'min_samples_leaf': 2, 'n_estimators': 100}"
2025-10-22 07:00:00,Neural Network,7,0.38155090020538246,0.5932719451452855,2023-10-22 07:00:00,2025-10-22 07:00:00,2025-10-22 07:00:00,731,1,-0.35941423956503044,0.35941423956503044,"{'regressor__model__alpha': 0.0001, 'regressor__model__hidden_layer_sizes': (64, 32), 'regressor__model__learning_rate_init': 0.0001}"
2025-10-22 07:00:00,Naive,7,0.38155090020538246,0.060548450568028406,2023-10-22 07:00:00,2025-10-22 07:00:00,2025-10-22 07:00:00,731,1,,,not_applicable
2025-10-23 07:00:00,Decision Tree,7,-0.09861944046233746,0.3437041606629976,2023-10-23 07:00:00,2025-10-23 07:00:00,2025-10-23 07:00:00,731,1,-0.42290985504429074,0.42290985504429074,"{'max_depth': None, 'min_samples_leaf': 1, 'min_samples_split': 20}"
2025-10-23 07:00:00,ARX,7,-0.09861944046233746,0.63469321954741,2023-10-23 07:00:00,2025-10-23 07:00:00,2025-10-23 07:00:00,731,1,-0.3032104293734177,0.3032104293734177,{'model__alpha': 0.01}
2025-10-23 07:00:00,Random Forest,7,-0.09861944046233746,0.38965837629922917,2023-10-23 07:00:00,2025-10-23 07:00:00,2025-10-23 07:00:00,731,1,-0.28640559026943707,0.28640559026943707,"{'max_depth': 10, 'max_features': 0.5, 'min_samples_leaf': 2, 'n_estimators': 100}"
2025-10-23 07:00:00,Neural Network,7,-0.09861944046233746,0.39165055972612284,2023-10-23 07:00:00,2025-10-23 07:00:00,2025-10-23 07:00:00,731,1,-0.35941423956503044,0.35941423956503044,"{'regressor__model__alpha': 0.0001, 'regressor__model__hidden_layer_sizes': (64, 32), 'regressor__model__learning_rate_init': 0.0001}"
2025-10-23 07:00:00,Naive,7,-0.09861944046233746,0.38155090020538246,2023-10-23 07:00:00,2025-10-23 07:00:00,2025-10-23 07:00:00,731,1,,,not_applicable
2025-10-24 07:00:00,Decision Tree,7,-0.5435493317126687,-1.1418674926691206,2023-10-24 07:00:00,2025-10-24 07:00:00,2025-10-24 07:00:00,731,1,-0.42290985504429074,0.42290985504429074,"{'max_depth': None, 'min_samples_leaf': 1, 'min_samples_split': 20}"
2025-10-24 07:00:00,ARX,7,-0.5435493317126687,-0.2421608359472766,2023-10-24 07:00:00,2025-10-24 07:00:00,2025-10-24 07:00:00,731,1,-0.3032104293734177,0.3032104293734177,{'model__alpha': 0.01}
2025-10-24 07:00:00,Random Forest,7,-0.5435493317126687,-0.5728189310989596,2023-10-24 07:00:00,2025-10-24 07:00:00,2025-10-24 07:00:00,731,1,-0.28640559026943707,0.28640559026943707,"{'max_depth': 10, 'max_features': 0.5, 'min_samples_leaf': 2, 'n_estimators': 100}"
2025-10-24 07:00:00,Neural Network,7,-0.5435493317126687,-0.2941976334600451,2023-10-24 07:00:00,2025-10-24 07:00:00,2025-10-24 07:00:00,731,1,-0.35941423956503044,0.35941423956503044,"{'regressor__model__alpha': 0.0001, 'regressor__model__hidden_layer_sizes': (64, 32), 'regressor__model__learning_rate_init': 0.0001}"
2025-10-24 07:00:00,Naive,7,-0.5435493317126687,-0.09861944046233746,2023-10-24 07:00:00,2025-10-24 07:00:00,2025-10-24 07:00:00,731,1,,,not_applicable
2025-10-25 07:00:00,Decision Tree,7,-1.5776546771892745,-1.5725181652419775,2023-10-25 07:00:00,2025-10-25 07:00:00,2025-10-25 07:00:00,731,1,-0.42290985504429074,0.42290985504429074,"{'max_depth': None, 'min_samples_leaf': 1, 'min_samples_split': 20}"
2025-10-25 07:00:00,ARX,7,-1.5776546771892745,-1.170790640466725,2023-10-25 07:00:00,2025-10-25 07:00:00,2025-10-25 07:00:00,731,1,-0.3032104293734177,0.3032104293734177,{'model__alpha': 0.01}
2025-10-25 07:00:00,Random Forest,7,-1.5776546771892745,-1.277886594370175,2023-10-25 07:00:00,2025-10-25 07:00:00,2025-10-25 07:00:00,731,1,-0.28640559026943707,0.28640559026943707,"{'max_depth': 10, 'max_features': 0.5, 'min_samples_leaf': 2, 'n_estimators': 100}"
2025-10-25 07:00:00,Neural Network,7,-1.5776546771892745,-0.27777526423047605,2023-10-25 07:00:00,2025-10-25 07:00:00,2025-10-25 07:00:00,731,1,-0.35941423956503044,0.35941423956503044,"{'regressor__model__alpha': 0.0001, 'regressor__model__hidden_layer_sizes': (64, 32), 'regressor__model__learning_rate_init': 0.0001}"
2025-10-25 07:00:00,Naive,7,-1.5776546771892745,-0.5435493317126687,2023-10-25 07:00:00,2025-10-25 07:00:00,2025-10-25 07:00:00,731,1,,,not_applicable
2025-10-26 07:00:00,Decision Tree,7,-1.584425296627868,-1.5774921196899994,2023-10-26 07:00:00,2025-10-26 07:00:00,2025-10-26 07:00:00,731,1,-0.42290985504429074,0.42290985504429074,"{'max_depth': None, 'min_samples_leaf': 1, 'min_samples_split': 20}"
2025-10-26 07:00:00,ARX,7,-1.584425296627868,-1.4494401673458568,2023-10-26 07:00:00,2025-10-26 07:00:00,2025-10-26 07:00:00,731,1,-0.3032104293734177,0.3032104293734177,{'model__alpha': 0.01}
2025-10-26 07:00:00,Random Forest,7,-1.584425296627868,-1.2993087131130832,2023-10-26 07:00:00,2025-10-26 07:00:00,2025-10-26 07:00:00,731,1,-0.28640559026943707,0.28640559026943707,"{'max_depth': 10, 'max_features': 0.5, 'min_samples_leaf': 2, 'n_estimators': 100}"
2025-10-26 07:00:00,Neural Network,7,-1.584425296627868,-0.6776528357461287,2023-10-26 07:00:00,2025-10-26 07:00:00,2025-10-26 07:00:00,731,1,-0.35941423956503044,0.35941423956503044,"{'regressor__model__alpha': 0.0001, 'regressor__model__hidden_layer_sizes': (64, 32), 'regressor__model__learning_rate_init': 0.0001}"
2025-10-26 07:00:00,Naive,7,-1.584425296627868,-1.5776546771892745,2023-10-26 07:00:00,2025-10-26 07:00:00,2025-10-26 07:00:00,731,1,,,not_applicable
2025-10-27 07:00:00,Decision Tree,7,0.01664321882421685,-0.737722265650154,2023-10-27 07:00:00,2025-10-27 07:00:00,2025-10-27 07:00:00,731,1,-0.42290985504429074,0.42290985504429074,"{'max_depth': None, 'min_samples_leaf': 1, 'min_samples_split': 20}"
2025-10-27 07:00:00,ARX,7,0.01664321882421685,-0.3658957601162516,2023-10-27 07:00:00,2025-10-27 07:00:00,2025-10-27 07:00:00,731,1,-0.3032104293734177,0.3032104293734177,{'model__alpha': 0.01}
2025-10-27 07:00:00,Random Forest,7,0.01664321882421685,-0.6859699042084505,2023-10-27 07:00:00,2025-10-27 07:00:00,2025-10-27 07:00:00,731,1,-0.28640559026943707,0.28640559026943707,"{'max_depth': 10, 'max_features': 0.5, 'min_samples_leaf': 2, 'n_estimators': 100}"
2025-10-27 07:00:00,Neural Network,7,0.01664321882421685,0.3660399481757387,2023-10-27 07:00:00,2025-10-27 07:00:00,2025-10-27 07:00:00,731,1,-0.35941423956503044,0.35941423956503044,"{'regressor__model__alpha': 0.0001, 'regressor__model__hidden_layer_sizes': (64, 32), 'regressor__model__learning_rate_init': 0.0001}"
2025-10-27 07:00:00,Naive,7,0.01664321882421685,-1.584425296627868,2023-10-27 07:00:00,2025-10-27 07:00:00,2025-10-27 07:00:00,731,1,,,not_applicable
2025-10-28 07:00:00,Decision Tree,7,-0.1382484613883009,-0.2224446643939154,2023-10-28 07:00:00,2025-10-28 07:00:00,2025-10-28 07:00:00,731,1,-0.42290985504429074,0.42290985504429074,"{'max_depth': None, 'min_samples_leaf': 1, 'min_samples_split': 20}"
2025-10-28 07:00:00,ARX,7,-0.1382484613883009,0.06592430711421426,2023-10-28 07:00:00,2025-10-28 07:00:00,2025-10-28 07:00:00,731,1,-0.3032104293734177,0.3032104293734177,{'model__alpha': 0.01}
2025-10-28 07:00:00,Random Forest,7,-0.1382484613883009,-0.23250430316567666,2023-10-28 07:00:00,2025-10-28 07:00:00,2025-10-28 07:00:00,731,1,-0.28640559026943707,0.28640559026943707,"{'max_depth': 10, 'max_features': 0.5, 'min_samples_leaf': 2, 'n_estimators': 100}"
2025-10-28 07:00:00,Neural Network,7,-0.1382484613883009,0.29832444165609695,2023-10-28 07:00:00,2025-10-28 07:00:00,2025-10-28 07:00:00,731,1,-0.35941423956503044,0.35941423956503044,"{'regressor__model__alpha': 0.0001, 'regressor__model__hidden_layer_sizes': (64, 32), 'regressor__model__learning_rate_init': 0.0001}"
2025-10-28 07:00:00,Naive,7,-0.1382484613883009,0.01664321882421685,2023-10-28 07:00:00,2025-10-28 07:00:00,2025-10-28 07:00:00,731,1,,,not_applicable
2025-10-29 07:00:00,Decision Tree,7,0.5705178381257726,-0.5884979251778318,2023-10-29 07:00:00,2025-10-29 07:00:00,2025-10-29 07:00:00,731,1,-0.42290985504429074,0.42290985504429074,"{'max_depth': None, 'min_samples_leaf': 1, 'min_samples_split': 20}"
2025-10-29 07:00:00,ARX,7,0.5705178381257726,0.363931787740299,2023-10-29 07:00:00,2025-10-29 07:00:00,2025-10-29 07:00:00,731,1,-0.3032104293734177,0.3032104293734177,{'model__alpha': 0.01}
2025-10-29 07:00:00,Random Forest,7,0.5705178381257726,0.11026346701231513,2023-10-29 07:00:00,2025-10-29 07:00:00,2025-10-29 07:00:00,731,1,-0.28640559026943707,0.28640559026943707,"{'max_depth': 10, 'max_features': 0.5, 'min_samples_leaf': 2, 'n_estimators': 100}"
2025-10-29 07:00:00,Neural Network,7,0.5705178381257726,0.8866512892009947,2023-10-29 07:00:00,2025-10-29 07:00:00,2025-10-29 07:00:00,731,1,-0.35941423956503044,0.35941423956503044,"{'regressor__model__alpha': 0.0001, 'regressor__model__hidden_layer_sizes': (64, 32), 'regressor__model__learning_rate_init': 0.0001}"
2025-10-29 07:00:00,Naive,7,0.5705178381257726,-0.1382484613883009,2023-10-29 07:00:00,2025-10-29 07:00:00,2025-10-29 07:00:00,731,1,,,not_applicable
2025-10-30 07:00:00,Decision Tree,7,-0.15078841826418635,-0.03777143320786085,2023-10-30 07:00:00,2025-10-30 07:00:00,2025-10-30 07:00:00,731,1,-0.42290985504429074,0.42290985504429074,"{'max_depth': None, 'min_samples_leaf': 1, 'min_samples_split': 20}"
2025-10-30 07:00:00,ARX,7,-0.15078841826418635,0.14711803673443533,2023-10-30 07:00:00,2025-10-30 07:00:00,2025-10-30 07:00:00,731,1,-0.3032104293734177,0.3032104293734177,{'model__alpha': 0.01}
2025-10-30 07:00:00,Random Forest,7,-0.15078841826418635,-0.05061711427561205,2023-10-30 07:00:00,2025-10-30 07:00:00,2025-10-30 07:00:00,731,1,-0.28640559026943707,0.28640559026943707,"{'max_depth': 10, 'max_features': 0.5, 'min_samples_leaf': 2, 'n_estimators': 100}"
2025-10-30 07:00:00,Neural Network,7,-0.15078841826418635,-0.029290700527326352,2023-10-30 07:00:00,2025-10-30 07:00:00,2025-10-30 07:00:00,731,1,-0.35941423956503044,0.35941423956503044,"{'regressor__model__alpha': 0.0001, 'regressor__model__hidden_layer_sizes': (64, 32), 'regressor__model__learning_rate_init': 0.0001}"
2025-10-30 07:00:00,Naive,7,-0.15078841826418635,0.5705178381257726,2023-10-30 07:00:00,2025-10-30 07:00:00,2025-10-30 07:00:00,731,1,,,not_applicable
2025-10-31 07:00:00,Decision Tree,7,0.8329006901018738,0.8019452636063208,2023-10-31 07:00:00,2025-10-31 07:00:00,2025-10-31 07:00:00,731,1,-0.42290985504429074,0.42290985504429074,"{'max_depth': None, 'min_samples_leaf': 1, 'min_samples_split': 20}"
2025-10-31 07:00:00,ARX,7,0.8329006901018738,0.5337037394165844,2023-10-31 07:00:00,2025-10-31 07:00:00,2025-10-31 07:00:00,731,1,-0.3032104293734177,0.3032104293734177,{'model__alpha': 0.01}
2025-10-31 07:00:00,Random Forest,7,0.8329006901018738,0.29086198458000206,2023-10-31 07:00:00,2025-10-31 07:00:00,2025-10-31 07:00:00,731,1,-0.28640559026943707,0.28640559026943707,"{'max_depth': 10, 'max_features': 0.5, 'min_samples_leaf': 2, 'n_estimators': 100}"
2025-10-31 07:00:00,Neural Network,7,0.8329006901018738,-0.004805451462217281,2023-10-31 07:00:00,2025-10-31 07:00:00,2025-10-31 07:00:00,731,1,-0.35941423956503044,0.35941423956503044,"{'regressor__model__alpha': 0.0001, 'regressor__model__hidden_layer_sizes': (64, 32), 'regressor__model__learning_rate_init': 0.0001}"
2025-10-31 07:00:00,Naive,7,0.8329006901018738,-0.15078841826418635,2023-10-31 07:00:00,2025-10-31 07:00:00,2025-10-31 07:00:00,731,1,,,not_applicable
2025-11-01 07:00:00,Decision Tree,7,-1.3773558956563623,-0.8060269424915532,2023-11-01 07:00:00,2025-11-01 07:00:00,2025-11-01 07:00:00,731,1,-0.42290985504429074,0.42290985504429074,"{'max_depth': None, 'min_samples_leaf': 1, 'min_samples_split': 20}"
2025-11-01 07:00:00,ARX,7,-1.3773558956563623,-0.9707409061156518,2023-11-01 07:00:00,2025-11-01 07:00:00,2025-11-01 07:00:00,731,1,-0.3032104293734177,0.3032104293734177,{'model__alpha': 0.01}
2025-11-01 07:00:00,Random Forest,7,-1.3773558956563623,-0.8339658676651328,2023-11-01 07:00:00,2025-11-01 07:00:00,2025-11-01 07:00:00,731,1,-0.28640559026943707,0.28640559026943707,"{'max_depth': 10, 'max_features': 0.5, 'min_samples_leaf': 2, 'n_estimators': 100}"
2025-11-01 07:00:00,Neural Network,7,-1.3773558956563623,-1.1659625968766343,2023-11-01 07:00:00,2025-11-01 07:00:00,2025-11-01 07:00:00,731,1,-0.35941423956503044,0.35941423956503044,"{'regressor__model__alpha': 0.0001, 'regressor__model__hidden_layer_sizes': (64, 32), 'regressor__model__learning_rate_init': 0.0001}"
2025-11-01 07:00:00,Naive,7,-1.3773558956563623,0.8329006901018738,2023-11-01 07:00:00,2025-11-01 07:00:00,2025-11-01 07:00:00,731,1,,,not_applicable
2025-11-02 07:00:00,Decision Tree,7,-0.268419835254135,-0.4691018747644984,2023-11-02 07:00:00,2025-11-02 07:00:00,2025-11-02 07:00:00,731,1,-0.42290985504429074,0.42290985504429074,"{'max_depth': None, 'min_samples_leaf': 1, 'min_samples_split': 20}"
2025-11-02 07:00:00,ARX,7,-0.268419835254135,-0.2762439260405992,2023-11-02 07:00:00,2025-11-02 07:00:00,2025-11-02 07:00:00,731,1,-0.3032104293734177,0.3032104293734177,{'model__alpha': 0.01}
2025-11-02 07:00:00,Random Forest,7,-0.268419835254135,-0.6295908865784204,2023-11-02 07:00:00,2025-11-02 07:00:00,2025-11-02 07:00:00,731,1,-0.28640559026943707,0.28640559026943707,"{'max_depth': 10, 'max_features': 0.5, 'min_samples_leaf': 2, 'n_estimators': 100}"
2025-11-02 07:00:00,Neural Network,7,-0.268419835254135,-0.597025520869229,2023-11-02 07:00:00,2025-11-02 07:00:00,2025-11-02 07:00:00,731,1,-0.35941423956503044,0.35941423956503044,"{'regressor__model__alpha': 0.0001, 'regressor__model__hidden_layer_sizes': (64, 32), 'regressor__model__learning_rate_init': 0.0001}"
2025-11-02 07:00:00,Naive,7,-0.268419835254135,-1.3773558956563623,2023-11-02 07:00:00,2025-11-02 07:00:00,2025-11-02 07:00:00,731,1,,,not_applicable
2025-11-03 07:00:00,Decision Tree,7,0.7858233447442811,0.5137756793738297,2023-11-03 07:00:00,2025-11-03 07:00:00,2025-11-03 07:00:00,731,1,-0.42290985504429074,0.42290985504429074,"{'max_depth': None, 'min_samples_leaf': 1, 'min_samples_split': 20}"
2025-11-03 07:00:00,ARX,7,0.7858233447442811,0.7040827595510507,2023-11-03 07:00:00,2025-11-03 07:00:00,2025-11-03 07:00:00,731,1,-0.3032104293734177,0.3032104293734177,{'model__alpha': 0.01}
2025-11-03 07:00:00,Random Forest,7,0.7858233447442811,0.5703465201904125,2023-11-03 07:00:00,2025-11-03 07:00:00,2025-11-03 07:00:00,731,1,-0.28640559026943707,0.28640559026943707,"{'max_depth': 10, 'max_features': 0.5, 'min_samples_leaf': 2, 'n_estimators': 100}"
2025-11-03 07:00:00,Neural Network,7,0.7858233447442811,-0.08644985075025113,2023-11-03 07:00:00,2025-11-03 07:00:00,2025-11-03 07:00:00,731,1,-0.35941423956503044,0.35941423956503044,"{'regressor__model__alpha': 0.0001, 'regressor__model__hidden_layer_sizes': (64, 32), 'regressor__model__learning_rate_init': 0.0001}"
2025-11-03 07:00:00,Naive,7,0.7858233447442811,-0.268419835254135,2023-11-03 07:00:00,2025-11-03 07:00:00,2025-11-03 07:00:00,731,1,,,not_applicable
2025-11-04 07:00:00,Decision Tree,7,0.7244381160891472,-0.07054309881552283,2023-11-04 07:00:00,2025-11-04 07:00:00,2025-11-04 07:00:00,731,1,-0.42290985504429074,0.42290985504429074,"{'max_depth': None, 'min_samples_leaf': 1, 'min_samples_split': 20}"
2025-11-04 07:00:00,ARX,7,0.7244381160891472,-0.11339075068530066,2023-11-04 07:00:00,2025-11-04 07:00:00,2025-11-04 07:00:00,731,1,-0.3032104293734177,0.3032104293734177,{'model__alpha': 0.01}
2025-11-04 07:00:00,Random Forest,7,0.7244381160891472,-0.11753399573171365,2023-11-04 07:00:00,2025-11-04 07:00:00,2025-11-04 07:00:00,731,1,-0.28640559026943707,0.28640559026943707,"{'max_depth': 10, 'max_features': 0.5, 'min_samples_leaf': 2, 'n_estimators': 100}"
2025-11-04 07:00:00,Neural Network,7,0.7244381160891472,0.40302027256242007,2023-11-04 07:00:00,2025-11-04 07:00:00,2025-11-04 07:00:00,731,1,-0.35941423956503044,0.35941423956503044,"{'regressor__model__alpha': 0.0001, 'regressor__model__hidden_layer_sizes': (64, 32), 'regressor__model__learning_rate_init': 0.0001}"
2025-11-04 07:00:00,Naive,7,0.7244381160891472,0.7858233447442811,2023-11-04 07:00:00,2025-11-04 07:00:00,2025-11-04 07:00:00,731,1,,,not_applicable
2025-11-05 07:00:00,Decision Tree,7,0.7581437188133697,0.9246583192593576,2023-11-05 07:00:00,2025-11-05 07:00:00,2025-11-05 07:00:00,731,1,-0.42290985504429074,0.42290985504429074,"{'max_depth': None, 'min_samples_leaf': 1, 'min_samples_split': 20}"
2025-11-05 07:00:00,ARX,7,0.7581437188133697,0.5341579316464746,2023-11-05 07:00:00,2025-11-05 07:00:00,2025-11-05 07:00:00,731,1,-0.3032104293734177,0.3032104293734177,{'model__alpha': 0.01}
2025-11-05 07:00:00,Random Forest,7,0.7581437188133697,0.6577125806809018,2023-11-05 07:00:00,2025-11-05 07:00:00,2025-11-05 07:00:00,731,1,-0.28640559026943707,0.28640559026943707,"{'max_depth': 10, 'max_features': 0.5, 'min_samples_leaf': 2, 'n_estimators': 100}"
2025-11-05 07:00:00,Neural Network,7,0.7581437188133697,0.8064590924699622,2023-11-05 07:00:00,2025-11-05 07:00:00,2025-11-05 07:00:00,731,1,-0.35941423956503044,0.35941423956503044,"{'regressor__model__alpha': 0.0001, 'regressor__model__hidden_layer_sizes': (64, 32), 'regressor__model__learning_rate_init': 0.0001}"
2025-11-05 07:00:00,Naive,7,0.7581437188133697,0.7244381160891472,2023-11-05 07:00:00,2025-11-05 07:00:00,2025-11-05 07:00:00,731,1,,,not_applicable
2025-11-06 07:00:00,Decision Tree,7,1.0333706678995038,1.3740109320117622,2023-11-06 07:00:00,2025-11-06 07:00:00,2025-11-06 07:00:00,731,1,-0.42290985504429074,0.42290985504429074,"{'max_depth': None, 'min_samples_leaf': 1, 'min_samples_split': 20}"
2025-11-06 07:00:00,ARX,7,1.0333706678995038,0.8439704933454184,2023-11-06 07:00:00,2025-11-06 07:00:00,2025-11-06 07:00:00,731,1,-0.3032104293734177,0.3032104293734177,{'model__alpha': 0.01}
2025-11-06 07:00:00,Random Forest,7,1.0333706678995038,0.8862602793410536,2023-11-06 07:00:00,2025-11-06 07:00:00,2025-11-06 07:00:00,731,1,-0.28640559026943707,0.28640559026943707,"{'max_depth': 10, 'max_features': 0.5, 'min_samples_leaf': 2, 'n_estimators': 100}"
2025-11-06 07:00:00,Neural Network,7,1.0333706678995038,0.8649648675400461,2023-11-06 07:00:00,2025-11-06 07:00:00,2025-11-06 07:00:00,731,1,-0.35941423956503044,0.35941423956503044,"{'regressor__model__alpha': 0.0001, 'regressor__model__hidden_layer_sizes': (64, 32), 'regressor__model__learning_rate_init': 0.0001}"
2025-11-06 07:00:00,Naive,7,1.0333706678995038,0.7581437188133697,2023-11-06 07:00:00,2025-11-06 07:00:00,2025-11-06 07:00:00,731,1,,,not_applicable
2025-11-07 07:00:00,Decision Tree,7,1.0952907899038933,1.047480346633341,2023-11-07 07:00:00,2025-11-07 07:00:00,2025-11-07 07:00:00,731,1,-0.42290985504429074,0.42290985504429074,"{'max_depth': None, 'min_samples_leaf': 1, 'min_samples_split': 20}"
2025-11-07 07:00:00,ARX,7,1.0952907899038933,1.0784170876135923,2023-11-07 07:00:00,2025-11-07 07:00:00,2025-11-07 07:00:00,731,1,-0.3032104293734177,0.3032104293734177,{'model__alpha': 0.01}
2025-11-07 07:00:00,Random Forest,7,1.0952907899038933,1.0501847350564508,2023-11-07 07:00:00,2025-11-07 07:00:00,2025-11-07 07:00:00,731,1,-0.28640559026943707,0.28640559026943707,"{'max_depth': 10, 'max_features': 0.5, 'min_samples_leaf': 2, 'n_estimators': 100}"
2025-11-07 07:00:00,Neural Network,7,1.0952907899038933,1.1209428141086115,2023-11-07 07:00:00,2025-11-07 07:00:00,2025-11-07 07:00:00,731,1,-0.35941423956503044,0.35941423956503044,"{'regressor__model__alpha': 0.0001, 'regressor__model__hidden_layer_sizes': (64, 32), 'regressor__model__learning_rate_init': 0.0001}"
2025-11-07 07:00:00,Naive,7,1.0952907899038933,1.0333706678995038,2023-11-07 07:00:00,2025-11-07 07:00:00,2025-11-07 07:00:00,731,1,,,not_applicable
2025-11-08 07:00:00,Decision Tree,7,0.48141661693034904,0.9246583192593576,2023-11-08 07:00:00,2025-11-08 07:00:00,2025-11-08 07:00:00,731,1,-0.42290985504429074,0.42290985504429074,"{'max_depth': None, 'min_samples_leaf': 1, 'min_samples_split': 20}"
2025-11-08 07:00:00,ARX,7,0.48141661693034904,0.5657806957911318,2023-11-08 07:00:00,2025-11-08 07:00:00,2025-11-08 07:00:00,731,1,-0.3032104293734177,0.3032104293734177,{'model__alpha': 0.01}
2025-11-08 07:00:00,Random Forest,7,0.48141661693034904,0.8464098206576283,2023-11-08 07:00:00,2025-11-08 07:00:00,2025-11-08 07:00:00,731,1,-0.28640559026943707,0.28640559026943707,"{'max_depth': 10, 'max_features': 0.5, 'min_samples_leaf': 2, 'n_estimators': 100}"
2025-11-08 07:00:00,Neural Network,7,0.48141661693034904,0.7892590736851475,2023-11-08 07:00:00,2025-11-08 07:00:00,2025-11-08 07:00:00,731,1,-0.35941423956503044,0.35941423956503044,"{'regressor__model__alpha': 0.0001, 'regressor__model__hidden_layer_sizes': (64, 32), 'regressor__model__learning_rate_init': 0.0001}"
2025-11-08 07:00:00,Naive,7,0.48141661693034904,1.0952907899038933,2023-11-08 07:00:00,2025-11-08 07:00:00,2025-11-08 07:00:00,731,1,,,not_applicable
2025-11-09 07:00:00,Decision Tree,7,0.08001124119192779,0.4559888003117601,2023-11-09 07:00:00,2025-11-09 07:00:00,2025-11-09 07:00:00,731,1,-0.42290985504429074,0.42290985504429074,"{'max_depth': None, 'min_samples_leaf': 1, 'min_samples_split': 20}"
2025-11-09 07:00:00,ARX,7,0.08001124119192779,0.5646012893251495,2023-11-09 07:00:00,2025-11-09 07:00:00,2025-11-09 07:00:00,731,1,-0.3032104293734177,0.3032104293734177,{'model__alpha': 0.01}
2025-11-09 07:00:00,Random Forest,7,0.08001124119192779,0.675328544156508,2023-11-09 07:00:00,2025-11-09 07:00:00,2025-11-09 07:00:00,731,1,-0.28640559026943707,0.28640559026943707,"{'max_depth': 10, 'max_features': 0.5, 'min_samples_leaf': 2, 'n_estimators': 100}"
2025-11-09 07:00:00,Neural Network,7,0.08001124119192779,1.1936806111449387,2023-11-09 07:00:00,2025-11-09 07:00:00,2025-11-09 07:00:00,731,1,-0.35941423956503044,0.35941423956503044,"{'regressor__model__alpha': 0.0001, 'regressor__model__hidden_layer_sizes': (64, 32), 'regressor__model__learning_rate_init': 0.0001}"
2025-11-09 07:00:00,Naive,7,0.08001124119192779,0.48141661693034904,2023-11-09 07:00:00,2025-11-09 07:00:00,2025-11-09 07:00:00,731,1,,,not_applicable
2025-11-10 07:00:00,Decision Tree,7,1.2385204663571256,1.0543104099577059,2023-11-10 07:00:00,2025-11-10 07:00:00,2025-11-10 07:00:00,731,1,-0.42290985504429074,0.42290985504429074,"{'max_depth': None, 'min_samples_leaf': 1, 'min_samples_split': 20}"
2025-11-10 07:00:00,ARX,7,1.2385204663571256,1.4719354090951764,2023-11-10 07:00:00,2025-11-10 07:00:00,2025-11-10 07:00:00,731,1,-0.3032104293734177,0.3032104293734177,{'model__alpha': 0.01}
2025-11-10 07:00:00,Random Forest,7,1.2385204663571256,1.096163010859319,2023-11-10 07:00:00,2025-11-10 07:00:00,2025-11-10 07:00:00,731,1,-0.28640559026943707,0.28640559026943707,"{'max_depth': 10, 'max_features': 0.5, 'min_samples_leaf': 2, 'n_estimators': 100}"
2025-11-10 07:00:00,Neural Network,7,1.2385204663571256,1.1977241230708247,2023-11-10 07:00:00,2025-11-10 07:00:00,2025-11-10 07:00:00,731,1,-0.35941423956503044,0.35941423956503044,"{'regressor__model__alpha': 0.0001, 'regressor__model__hidden_layer_sizes': (64, 32), 'regressor__model__learning_rate_init': 0.0001}"
2025-11-10 07:00:00,Naive,7,1.2385204663571256,0.08001124119192779,2023-11-10 07:00:00,2025-11-10 07:00:00,2025-11-10 07:00:00,731,1,,,not_applicable
2025-11-11 07:00:00,Decision Tree,7,0.5132826231221405,0.9013298086104623,2023-11-11 07:00:00,2025-11-11 07:00:00,2025-11-11 07:00:00,731,1,-0.42290985504429074,0.42290985504429074,"{'max_depth': None, 'min_samples_leaf': 1, 'min_samples_split': 20}"
2025-11-11 07:00:00,ARX,7,0.5132826231221405,0.8018230736927553,2023-11-11 07:00:00,2025-11-11 07:00:00,2025-11-11 07:00:00,731,1,-0.3032104293734177,0.3032104293734177,{'model__alpha': 0.01}
2025-11-11 07:00:00,Random Forest,7,0.5132826231221405,0.9017765258507008,2023-11-11 07:00:00,2025-11-11 07:00:00,2025-11-11 07:00:00,731,1,-0.28640559026943707,0.28640559026943707,"{'max_depth': 10, 'max_features': 0.5, 'min_samples_leaf': 2, 'n_estimators': 100}"
2025-11-11 07:00:00,Neural Network,7,0.5132826231221405,0.7429504044663837,2023-11-11 07:00:00,2025-11-11 07:00:00,2025-11-11 07:00:00,731,1,-0.35941423956503044,0.35941423956503044,"{'regressor__model__alpha': 0.0001, 'regressor__model__hidden_layer_sizes': (64, 32), 'regressor__model__learning_rate_init': 0.0001}"
2025-11-11 07:00:00,Naive,7,0.5132826231221405,1.2385204663571256,2023-11-11 07:00:00,2025-11-11 07:00:00,2025-11-11 07:00:00,731,1,,,not_applicable
2025-11-12 07:00:00,Decision Tree,7,0.5625056145621463,0.5217401012050161,2023-11-12 07:00:00,2025-11-12 07:00:00,2025-11-12 07:00:00,731,1,-0.42290985504429074,0.42290985504429074,"{'max_depth': None, 'min_samples_leaf': 1, 'min_samples_split': 20}"
2025-11-12 07:00:00,ARX,7,0.5625056145621463,0.4664064513011559,2023-11-12 07:00:00,2025-11-12 07:00:00,2025-11-12 07:00:00,731,1,-0.3032104293734177,0.3032104293734177,{'model__alpha': 0.01}
2025-11-12 07:00:00,Random Forest,7,0.5625056145621463,0.582435721076816,2023-11-12 07:00:00,2025-11-12 07:00:00,2025-11-12 07:00:00,731,1,-0.28640559026943707,0.28640559026943707,"{'max_depth': 10, 'max_features': 0.5, 'min_samples_leaf': 2, 'n_estimators': 100}"
2025-11-12 07:00:00,Neural Network,7,0.5625056145621463,0.45103359715731656,2023-11-12 07:00:00,2025-11-12 07:00:00,2025-11-12 07:00:00,731,1,-0.35941423956503044,0.35941423956503044,"{'regressor__model__alpha': 0.0001, 'regressor__model__hidden_layer_sizes': (64, 32), 'regressor__model__learning_rate_init': 0.0001}"
2025-11-12 07:00:00,Naive,7,0.5625056145621463,0.5132826231221405,2023-11-12 07:00:00,2025-11-12 07:00:00,2025-11-12 07:00:00,731,1,,,not_applicable
2025-11-13 07:00:00,Decision Tree,7,-0.2412199779888872,0.2693202056818071,2023-11-13 07:00:00,2025-11-13 07:00:00,2025-11-13 07:00:00,731,1,-0.42290985504429074,0.42290985504429074,"{'max_depth': None, 'min_samples_leaf': 1, 'min_samples_split': 20}"
2025-11-13 07:00:00,ARX,7,-0.2412199779888872,-0.086028513318922,2023-11-13 07:00:00,2025-11-13 07:00:00,2025-11-13 07:00:00,731,1,-0.3032104293734177,0.3032104293734177,{'model__alpha': 0.01}
2025-11-13 07:00:00,Random Forest,7,-0.2412199779888872,0.11295380211808843,2023-11-13 07:00:00,2025-11-13 07:00:00,2025-11-13 07:00:00,731,1,-0.28640559026943707,0.28640559026943707,"{'max_depth': 10, 'max_features': 0.5, 'min_samples_leaf': 2, 'n_estimators': 100}"
2025-11-13 07:00:00,Neural Network,7,-0.2412199779888872,0.07810154449657428,2023-11-13 07:00:00,2025-11-13 07:00:00,2025-11-13 07:00:00,731,1,-0.35941423956503044,0.35941423956503044,"{'regressor__model__alpha': 0.0001, 'regressor__model__hidden_layer_sizes': (64, 32), 'regressor__model__learning_rate_init': 0.0001}"
2025-11-13 07:00:00,Naive,7,-0.2412199779888872,0.5625056145621463,2023-11-13 07:00:00,2025-11-13 07:00:00,2025-11-13 07:00:00,731,1,,,not_applicable
2025-11-14 07:00:00,Decision Tree,7,1.1658081988890994,0.8097652363456818,2023-11-14 07:00:00,2025-11-14 07:00:00,2025-11-14 07:00:00,731,1,-0.42290985504429074,0.42290985504429074,"{'max_depth': None, 'min_samples_leaf': 1, 'min_samples_split': 20}"
2025-11-14 07:00:00,ARX,7,1.1658081988890994,1.129896784000435,2023-11-14 07:00:00,2025-11-14 07:00:00,2025-11-14 07:00:00,731,1,-0.3032104293734177,0.3032104293734177,{'model__alpha': 0.01}
2025-11-14 07:00:00,Random Forest,7,1.1658081988890994,1.107186999875661,2023-11-14 07:00:00,2025-11-14 07:00:00,2025-11-14 07:00:00,731,1,-0.28640559026943707,0.28640559026943707,"{'max_depth': 10, 'max_features': 0.5, 'min_samples_leaf': 2, 'n_estimators': 100}"
2025-11-14 07:00:00,Neural Network,7,1.1658081988890994,1.0279231522044827,2023-11-14 07:00:00,2025-11-14 07:00:00,2025-11-14 07:00:00,731,1,-0.35941423956503044,0.35941423956503044,"{'regressor__model__alpha': 0.0001, 'regressor__model__hidden_layer_sizes': (64, 32), 'regressor__model__learning_rate_init': 0.0001}"
2025-11-14 07:00:00,Naive,7,1.1658081988890994,-0.2412199779888872,2023-11-14 07:00:00,2025-11-14 07:00:00,2025-11-14 07:00:00,731,1,,,not_applicable
2025-11-15 07:00:00,Decision Tree,7,-0.2366972978764034,-0.19692101331155476,2023-11-15 07:00:00,2025-11-15 07:00:00,2025-11-15 07:00:00,731,1,-0.42290985504429074,0.42290985504429074,"{'max_depth': None, 'min_samples_leaf': 1, 'min_samples_split': 20}"
2025-11-15 07:00:00,ARX,7,-0.2366972978764034,-0.22581465754354638,2023-11-15 07:00:00,2025-11-15 07:00:00,2025-11-15 07:00:00,731,1,-0.3032104293734177,0.3032104293734177,{'model__alpha': 0.01}
2025-11-15 07:00:00,Random Forest,7,-0.2366972978764034,-0.10247357941313039,2023-11-15 07:00:00,2025-11-15 07:00:00,2025-11-15 07:00:00,731,1,-0.28640559026943707,0.28640559026943707,"{'max_depth': 10, 'max_features': 0.5, 'min_samples_leaf': 2, 'n_estimators': 100}"
2025-11-15 07:00:00,Neural Network,7,-0.2366972978764034,-0.2613800688004121,2023-11-15 07:00:00,2025-11-15 07:00:00,2025-11-15 07:00:00,731,1,-0.35941423956503044,0.35941423956503044,"{'regressor__model__alpha': 0.0001, 'regressor__model__hidden_layer_sizes': (64, 32), 'regressor__model__learning_rate_init': 0.0001}"
2025-11-15 07:00:00,Naive,7,-0.2366972978764034,1.1658081988890994,2023-11-15 07:00:00,2025-11-15 07:00:00,2025-11-15 07:00:00,731,1,,,not_applicable
2025-11-16 07:00:00,Decision Tree,7,0.18642993173962105,-0.23973525799409115,2023-11-16 07:00:00,2025-11-16 07:00:00,2025-11-16 07:00:00,731,1,-0.42290985504429074,0.42290985504429074,"{'max_depth': None, 'min_samples_leaf': 1, 'min_samples_split': 20}"
2025-11-16 07:00:00,ARX,7,0.18642993173962105,0.28811902830136227,2023-11-16 07:00:00,2025-11-16 07:00:00,2025-11-16 07:00:00,731,1,-0.3032104293734177,0.3032104293734177,{'model__alpha': 0.01}
2025-11-16 07:00:00,Random Forest,7,0.18642993173962105,0.13286287016790835,2023-11-16 07:00:00,2025-11-16 07:00:00,2025-11-16 07:00:00,731,1,-0.28640559026943707,0.28640559026943707,"{'max_depth': 10, 'max_features': 0.5, 'min_samples_leaf': 2, 'n_estimators': 100}"
2025-11-16 07:00:00,Neural Network,7,0.18642993173962105,-0.01620323169604257,2023-11-16 07:00:00,2025-11-16 07:00:00,2025-11-16 07:00:00,731,1,-0.35941423956503044,0.35941423956503044,"{'regressor__model__alpha': 0.0001, 'regressor__model__hidden_layer_sizes': (64, 32), 'regressor__model__learning_rate_init': 0.0001}"
2025-11-16 07:00:00,Naive,7,0.18642993173962105,-0.2366972978764034,2023-11-16 07:00:00,2025-11-16 07:00:00,2025-11-16 07:00:00,731,1,,,not_applicable
2025-11-17 07:00:00,Decision Tree,7,0.7375756248327978,0.8792447892843237,2023-11-17 07:00:00,2025-11-17 07:00:00,2025-11-17 07:00:00,731,1,-0.42290985504429074,0.42290985504429074,"{'max_depth': None, 'min_samples_leaf': 1, 'min_samples_split': 20}"
2025-11-17 07:00:00,ARX,7,0.7375756248327978,0.9976175050879726,2023-11-17 07:00:00,2025-11-17 07:00:00,2025-11-17 07:00:00,731,1,-0.3032104293734177,0.3032104293734177,{'model__alpha': 0.01}
2025-11-17 07:00:00,Random Forest,7,0.7375756248327978,0.8922493000219877,2023-11-17 07:00:00,2025-11-17 07:00:00,2025-11-17 07:00:00,731,1,-0.28640559026943707,0.28640559026943707,"{'max_depth': 10, 'max_features': 0.5, 'min_samples_leaf': 2, 'n_estimators': 100}"
2025-11-17 07:00:00,Neural Network,7,0.7375756248327978,0.8831236539801095,2023-11-17 07:00:00,2025-11-17 07:00:00,2025-11-17 07:00:00,731,1,-0.35941423956503044,0.35941423956503044,"{'regressor__model__alpha': 0.0001, 'regressor__model__hidden_layer_sizes': (64, 32), 'regressor__model__learning_rate_init': 0.0001}"
2025-11-17 07:00:00,Naive,7,0.7375756248327978,0.18642993173962105,2023-11-17 07:00:00,2025-11-17 07:00:00,2025-11-17 07:00:00,731,1,,,not_applicable
2025-11-18 07:00:00,Decision Tree,7,0.5045754127778248,1.0773366670076334,2023-11-18 07:00:00,2025-11-18 07:00:00,2025-11-18 07:00:00,731,1,-0.42290985504429074,0.42290985504429074,"{'max_depth': None, 'min_samples_leaf': 1, 'min_samples_split': 20}"
2025-11-18 07:00:00,ARX,7,0.5045754127778248,0.7864566817814314,2023-11-18 07:00:00,2025-11-18 07:00:00,2025-11-18 07:00:00,731,1,-0.3032104293734177,0.3032104293734177,{'model__alpha': 0.01}
2025-11-18 07:00:00,Random Forest,7,0.5045754127778248,0.9666916791784265,2023-11-18 07:00:00,2025-11-18 07:00:00,2025-11-18 07:00:00,731,1,-0.28640559026943707,0.28640559026943707,"{'max_depth': 10, 'max_features': 0.5, 'min_samples_leaf': 2, 'n_estimators': 100}"
2025-11-18 07:00:00,Neural Network,7,0.5045754127778248,0.7441084428227763,2023-11-18 07:00:00,2025-11-18 07:00:00,2025-11-18 07:00:00,731,1,-0.35941423956503044,0.35941423956503044,"{'regressor__model__alpha': 0.0001, 'regressor__model__hidden_layer_sizes': (64, 32), 'regressor__model__learning_rate_init': 0.0001}"
2025-11-18 07:00:00,Naive,7,0.5045754127778248,0.7375756248327978,2023-11-18 07:00:00,2025-11-18 07:00:00,2025-11-18 07:00:00,731,1,,,not_applicable
2025-11-19 07:00:00,Decision Tree,7,0.9785792822338761,0.9255076210443538,2023-11-19 07:00:00,2025-11-19 07:00:00,2025-11-19 07:00:00,731,1,-0.42290985504429074,0.42290985504429074,"{'max_depth': None, 'min_samples_leaf': 1, 'min_samples_split': 20}"
2025-11-19 07:00:00,ARX,7,0.9785792822338761,0.8644753521699285,2023-11-19 07:00:00,2025-11-19 07:00:00,2025-11-19 07:00:00,731,1,-0.3032104293734177,0.3032104293734177,{'model__alpha': 0.01}
2025-11-19 07:00:00,Random Forest,7,0.9785792822338761,1.1000369999438377,2023-11-19 07:00:00,2025-11-19 07:00:00,2025-11-19 07:00:00,731,1,-0.28640559026943707,0.28640559026943707,"{'max_depth': 10, 'max_features': 0.5, 'min_samples_leaf': 2, 'n_estimators': 100}"
2025-11-19 07:00:00,Neural Network,7,0.9785792822338761,0.9750026565322466,2023-11-19 07:00:00,2025-11-19 07:00:00,2025-11-19 07:00:00,731,1,-0.35941423956503044,0.35941423956503044,"{'regressor__model__alpha': 0.0001, 'regressor__model__hidden_layer_sizes': (64, 32), 'regressor__model__learning_rate_init': 0.0001}"
2025-11-19 07:00:00,Naive,7,0.9785792822338761,0.5045754127778248,2023-11-19 07:00:00,2025-11-19 07:00:00,2025-11-19 07:00:00,731,1,,,not_applicable
2025-11-20 07:00:00,Decision Tree,7,1.2617720757151243,1.058535856655813,2023-11-20 07:00:00,2025-11-20 07:00:00,2025-11-20 07:00:00,731,1,-0.42290985504429074,0.42290985504429074,"{'max_depth': None, 'min_samples_leaf': 1, 'min_samples_split': 20}"
2025-11-20 07:00:00,ARX,7,1.2617720757151243,0.8334650711354713,2023-11-20 07:00:00,2025-11-20 07:00:00,2025-11-20 07:00:00,731,1,-0.3032104293734177,0.3032104293734177,{'model__alpha': 0.01}
2025-11-20 07:00:00,Random Forest,7,1.2617720757151243,1.0004877723614816,2023-11-20 07:00:00,2025-11-20 07:00:00,2025-11-20 07:00:00,731,1,-0.28640559026943707,0.28640559026943707,"{'max_depth': 10, 'max_features': 0.5, 'min_samples_leaf': 2, 'n_estimators': 100}"
2025-11-20 07:00:00,Neural Network,7,1.2617720757151243,0.8295710368677475,2023-11-20 07:00:00,2025-11-20 07:00:00,2025-11-20 07:00:00,731,1,-0.35941423956503044,0.35941423956503044,"{'regressor__model__alpha': 0.0001, 'regressor__model__hidden_layer_sizes': (64, 32), 'regressor__model__learning_rate_init': 0.0001}"
2025-11-20 07:00:00,Naive,7,1.2617720757151243,0.9785792822338761,2023-11-20 07:00:00,2025-11-20 07:00:00,2025-11-20 07:00:00,731,1,,,not_applicable
2025-11-21 07:00:00,Decision Tree,7,1.6918269363521188,1.0692324997641975,2023-11-21 07:00:00,2025-11-21 07:00:00,2025-11-21 07:00:00,731,1,-0.42290985504429074,0.42290985504429074,"{'max_depth': None, 'min_samples_leaf': 1, 'min_samples_split': 20}"
2025-11-21 07:00:00,ARX,7,1.6918269363521188,1.3200272353510245,2023-11-21 07:00:00,2025-11-21 07:00:00,2025-11-21 07:00:00,731,1,-0.3032104293734177,0.3032104293734177,{'model__alpha': 0.01}
2025-11-21 07:00:00,Random Forest,7,1.6918269363521188,1.4068150906203665,2023-11-21 07:00:00,2025-11-21 07:00:00,2025-11-21 07:00:00,731,1,-0.28640559026943707,0.28640559026943707,"{'max_depth': 10, 'max_features': 0.5, 'min_samples_leaf': 2, 'n_estimators': 100}"
2025-11-21 07:00:00,Neural Network,7,1.6918269363521188,1.731479974521939,2023-11-21 07:00:00,2025-11-21 07:00:00,2025-11-21 07:00:00,731,1,-0.35941423956503044,0.35941423956503044,"{'regressor__model__alpha': 0.0001, 'regressor__model__hidden_layer_sizes': (64, 32), 'regressor__model__learning_rate_init': 0.0001}"
2025-11-21 07:00:00,Naive,7,1.6918269363521188,1.2617720757151243,2023-11-21 07:00:00,2025-11-21 07:00:00,2025-11-21 07:00:00,731,1,,,not_applicable
2025-11-22 07:00:00,Decision Tree,7,0.5526206134085645,-0.23973525799409115,2023-11-22 07:00:00,2025-11-22 07:00:00,2025-11-22 07:00:00,731,1,-0.42290985504429074,0.42290985504429074,"{'max_depth': None, 'min_samples_leaf': 1, 'min_samples_split': 20}"
2025-11-22 07:00:00,ARX,7,0.5526206134085645,0.4228155479595759,2023-11-22 07:00:00,2025-11-22 07:00:00,2025-11-22 07:00:00,731,1,-0.3032104293734177,0.3032104293734177,{'model__alpha': 0.01}
2025-11-22 07:00:00,Random Forest,7,0.5526206134085645,0.37465133979260373,2023-11-22 07:00:00,2025-11-22 07:00:00,2025-11-22 07:00:00,731,1,-0.28640559026943707,0.28640559026943707,"{'max_depth': 10, 'max_features': 0.5, 'min_samples_leaf': 2, 'n_estimators': 100}"
2025-11-22 07:00:00,Neural Network,7,0.5526206134085645,0.26640563017057983,2023-11-22 07:00:00,2025-11-22 07:00:00,2025-11-22 07:00:00,731,1,-0.35941423956503044,0.35941423956503044,"{'regressor__model__alpha': 0.0001, 'regressor__model__hidden_layer_sizes': (64, 32), 'regressor__model__learning_rate_init': 0.0001}"
2025-11-22 07:00:00,Naive,7,0.5526206134085645,1.6918269363521188,2023-11-22 07:00:00,2025-11-22 07:00:00,2025-11-22 07:00:00,731,1,,,not_applicable
2025-11-23 07:00:00,Decision Tree,7,-0.4766824081502401,-0.060766802810980194,2023-11-23 07:00:00,2025-11-23 07:00:00,2025-11-23 07:00:00,731,1,-0.42290985504429074,0.42290985504429074,"{'max_depth': None, 'min_samples_leaf': 1, 'min_samples_split': 20}"
2025-11-23 07:00:00,ARX,7,-0.4766824081502401,-0.14804409092244067,2023-11-23 07:00:00,2025-11-23 07:00:00,2025-11-23 07:00:00,731,1,-0.3032104293734177,0.3032104293734177,{'model__alpha': 0.01}
2025-11-23 07:00:00,Random Forest,7,-0.4766824081502401,-0.3866786608041554,2023-11-23 07:00:00,2025-11-23 07:00:00,2025-11-23 07:00:00,731,1,-0.28640559026943707,0.28640559026943707,"{'max_depth': 10, 'max_features': 0.5, 'min_samples_leaf': 2, 'n_estimators': 100}"
2025-11-23 07:00:00,Neural Network,7,-0.4766824081502401,-0.21985585086964374,2023-11-23 07:00:00,2025-11-23 07:00:00,2025-11-23 07:00:00,731,1,-0.35941423956503044,0.35941423956503044,"{'regressor__model__alpha': 0.0001, 'regressor__model__hidden_layer_sizes': (64, 32), 'regressor__model__learning_rate_init': 0.0001}"
2025-11-23 07:00:00,Naive,7,-0.4766824081502401,0.5526206134085645,2023-11-23 07:00:00,2025-11-23 07:00:00,2025-11-23 07:00:00,731,1,,,not_applicable
2025-11-24 07:00:00,Decision Tree,7,0.49591156712069295,0.2064673844864151,2023-11-24 07:00:00,2025-11-24 07:00:00,2025-11-24 07:00:00,731,1,-0.42290985504429074,0.42290985504429074,"{'max_depth': None, 'min_samples_leaf': 1, 'min_samples_split': 20}"
2025-11-24 07:00:00,ARX,7,0.49591156712069295,0.8370046827756276,2023-11-24 07:00:00,2025-11-24 07:00:00,2025-11-24 07:00:00,731,1,-0.3032104293734177,0.3032104293734177,{'model__alpha': 0.01}
2025-11-24 07:00:00,Random Forest,7,0.49591156712069295,0.35396074170583924,2023-11-24 07:00:00,2025-11-24 07:00:00,2025-11-24 07:00:00,731,1,-0.28640559026943707,0.28640559026943707,"{'max_depth': 10, 'max_features': 0.5, 'min_samples_leaf': 2, 'n_estimators': 100}"
2025-11-24 07:00:00,Neural Network,7,0.49591156712069295,0.19148810176708114,2023-11-24 07:00:00,2025-11-24 07:00:00,2025-11-24 07:00:00,731,1,-0.35941423956503044,0.35941423956503044,"{'regressor__model__alpha': 0.0001, 'regressor__model__hidden_layer_sizes': (64, 32), 'regressor__model__learning_rate_init': 0.0001}"
2025-11-24 07:00:00,Naive,7,0.49591156712069295,-0.4766824081502401,2023-11-24 07:00:00,2025-11-24 07:00:00,2025-11-24 07:00:00,731,1,,,not_applicable
2025-11-25 07:00:00,Decision Tree,7,2.4397630417627556,1.5625225704250427,2023-11-25 07:00:00,2025-11-25 07:00:00,2025-11-25 07:00:00,731,1,-0.42290985504429074,0.42290985504429074,"{'max_depth': None, 'min_samples_leaf': 1, 'min_samples_split': 20}"
2025-11-25 07:00:00,ARX,7,2.4397630417627556,1.6733313189910983,2023-11-25 07:00:00,2025-11-25 07:00:00,2025-11-25 07:00:00,731,1,-0.3032104293734177,0.3032104293734177,{'model__alpha': 0.01}
2025-11-25 07:00:00,Random Forest,7,2.4397630417627556,1.5977768576081912,2023-11-25 07:00:00,2025-11-25 07:00:00,2025-11-25 07:00:00,731,1,-0.28640559026943707,0.28640559026943707,"{'max_depth': 10, 'max_features': 0.5, 'min_samples_leaf': 2, 'n_estimators': 100}"
2025-11-25 07:00:00,Neural Network,7,2.4397630417627556,1.5418599221331335,2023-11-25 07:00:00,2025-11-25 07:00:00,2025-11-25 07:00:00,731,1,-0.35941423956503044,0.35941423956503044,"{'regressor__model__alpha': 0.0001, 'regressor__model__hidden_layer_sizes': (64, 32), 'regressor__model__learning_rate_init': 0.0001}"
2025-11-25 07:00:00,Naive,7,2.4397630417627556,0.49591156712069295,2023-11-25 07:00:00,2025-11-25 07:00:00,2025-11-25 07:00:00,731,1,,,not_applicable
2025-11-26 07:00:00,Decision Tree,7,1.7935949745450046,2.4564305797963213,2023-11-26 07:00:00,2025-11-26 07:00:00,2025-11-26 07:00:00,731,1,-0.42290985504429074,0.42290985504429074,"{'max_depth': None, 'min_samples_leaf': 1, 'min_samples_split': 20}"
2025-11-26 07:00:00,ARX,7,1.7935949745450046,1.6838698385359763,2023-11-26 07:00:00,2025-11-26 07:00:00,2025-11-26 07:00:00,731,1,-0.3032104293734177,0.3032104293734177,{'model__alpha': 0.01}
2025-11-26 07:00:00,Random Forest,7,1.7935949745450046,1.8196799177772598,2023-11-26 07:00:00,2025-11-26 07:00:00,2025-11-26 07:00:00,731,1,-0.28640559026943707,0.28640559026943707,"{'max_depth': 10, 'max_features': 0.5, 'min_samples_leaf': 2, 'n_estimators': 100}"
2025-11-26 07:00:00,Neural Network,7,1.7935949745450046,2.394665904453898,2023-11-26 07:00:00,2025-11-26 07:00:00,2025-11-26 07:00:00,731,1,-0.35941423956503044,0.35941423956503044,"{'regressor__model__alpha': 0.0001, 'regressor__model__hidden_layer_sizes': (64, 32), 'regressor__model__learning_rate_init': 0.0001}"
2025-11-26 07:00:00,Naive,7,1.7935949745450046,2.4397630417627556,2023-11-26 07:00:00,2025-11-26 07:00:00,2025-11-26 07:00:00,731,1,,,not_applicable
2025-11-27 07:00:00,Decision Tree,7,0.8838872176263834,1.0261840382434286,2023-11-27 07:00:00,2025-11-27 07:00:00,2025-11-27 07:00:00,731,1,-0.42290985504429074,0.42290985504429074,"{'max_depth': None, 'min_samples_leaf': 1, 'min_samples_split': 20}"
2025-11-27 07:00:00,ARX,7,0.8838872176263834,1.1962177244121819,2023-11-27 07:00:00,2025-11-27 07:00:00,2025-11-27 07:00:00,731,1,-0.3032104293734177,0.3032104293734177,{'model__alpha': 0.01}
2025-11-27 07:00:00,Random Forest,7,0.8838872176263834,1.161354101336019,2023-11-27 07:00:00,2025-11-27 07:00:00,2025-11-27 07:00:00,731,1,-0.28640559026943707,0.28640559026943707,"{'max_depth': 10, 'max_features': 0.5, 'min_samples_leaf': 2, 'n_estimators': 100}"
2025-11-27 07:00:00,Neural Network,7,0.8838872176263834,1.3032910201432997,2023-11-27 07:00:00,2025-11-27 07:00:00,2025-11-27 07:00:00,731,1,-0.35941423956503044,0.35941423956503044,"{'regressor__model__alpha': 0.0001, 'regressor__model__hidden_layer_sizes': (64, 32), 'regressor__model__learning_rate_init': 0.0001}"
2025-11-27 07:00:00,Naive,7,0.8838872176263834,1.7935949745450046,2023-11-27 07:00:00,2025-11-27 07:00:00,2025-11-27 07:00:00,731,1,,,not_applicable
2025-11-28 07:00:00,Decision Tree,7,0.05635132217071565,-0.07652063168006104,2023-11-28 07:00:00,2025-11-28 07:00:00,2025-11-28 07:00:00,731,1,-0.42290985504429074,0.42290985504429074,"{'max_depth': None, 'min_samples_leaf': 1, 'min_samples_split': 20}"
2025-11-28 07:00:00,ARX,7,0.05635132217071565,0.5629155228346681,2023-11-28 07:00:00,2025-11-28 07:00:00,2025-11-28 07:00:00,731,1,-0.3032104293734177,0.3032104293734177,{'model__alpha': 0.01}
2025-11-28 07:00:00,Random Forest,7,0.05635132217071565,0.4987617745037983,2023-11-28 07:00:00,2025-11-28 07:00:00,2025-11-28 07:00:00,731,1,-0.28640559026943707,0.28640559026943707,"{'max_depth': 10, 'max_features': 0.5, 'min_samples_leaf': 2, 'n_estimators': 100}"
2025-11-28 07:00:00,Neural Network,7,0.05635132217071565,0.38758562963466203,2023-11-28 07:00:00,2025-11-28 07:00:00,2025-11-28 07:00:00,731,1,-0.35941423956503044,0.35941423956503044,"{'regressor__model__alpha': 0.0001, 'regressor__model__hidden_layer_sizes': (64, 32), 'regressor__model__learning_rate_init': 0.0001}"
2025-11-28 07:00:00,Naive,7,0.05635132217071565,0.8838872176263834,2023-11-28 07:00:00,2025-11-28 07:00:00,2025-11-28 07:00:00,731,1,,,not_applicable
2025-11-29 07:00:00,Decision Tree,7,0.2859111586563009,-0.0480457045766177,2023-11-29 07:00:00,2025-11-29 07:00:00,2025-11-29 07:00:00,731,1,-0.42290985504429074,0.42290985504429074,"{'max_depth': None, 'min_samples_leaf': 1, 'min_samples_split': 20}"
2025-11-29 07:00:00,ARX,7,0.2859111586563009,0.17960744289113695,2023-11-29 07:00:00,2025-11-29 07:00:00,2025-11-29 07:00:00,731,1,-0.3032104293734177,0.3032104293734177,{'model__alpha': 0.01}
2025-11-29 07:00:00,Random Forest,7,0.2859111586563009,0.1884255434281242,2023-11-29 07:00:00,2025-11-29 07:00:00,2025-11-29 07:00:00,731,1,-0.28640559026943707,0.28640559026943707,"{'max_depth': 10, 'max_features': 0.5, 'min_samples_leaf': 2, 'n_estimators': 100}"
2025-11-29 07:00:00,Neural Network,7,0.2859111586563009,0.02951352389644077,2023-11-29 07:00:00,2025-11-29 07:00:00,2025-11-29 07:00:00,731,1,-0.35941423956503044,0.35941423956503044,"{'regressor__model__alpha': 0.0001, 'regressor__model__hidden_layer_sizes': (64, 32), 'regressor__model__learning_rate_init': 0.0001}"
2025-11-29 07:00:00,Naive,7,0.2859111586563009,0.05635132217071565,2023-11-29 07:00:00,2025-11-29 07:00:00,2025-11-29 07:00:00,731,1,,,not_applicable
2025-11-30 07:00:00,Decision Tree,7,-0.26673324472258725,-1.283751862947615,2023-11-30 07:00:00,2025-11-30 07:00:00,2025-11-30 07:00:00,731,1,-0.42290985504429074,0.42290985504429074,"{'max_depth': None, 'min_samples_leaf': 1, 'min_samples_split': 20}"
2025-11-30 07:00:00,ARX,7,-0.26673324472258725,-0.2387857133709734,2023-11-30 07:00:00,2025-11-30 07:00:00,2025-11-30 07:00:00,731,1,-0.3032104293734177,0.3032104293734177,{'model__alpha': 0.01}
2025-11-30 07:00:00,Random Forest,7,-0.26673324472258725,-0.22405239978652883,2023-11-30 07:00:00,2025-11-30 07:00:00,2025-11-30 07:00:00,731,1,-0.28640559026943707,0.28640559026943707,"{'max_depth': 10, 'max_features': 0.5, 'min_samples_leaf': 2, 'n_estimators': 100}"
2025-11-30 07:00:00,Neural Network,7,-0.26673324472258725,-0.3142622772997539,2023-11-30 07:00:00,2025-11-30 07:00:00,2025-11-30 07:00:00,731,1,-0.35941423956503044,0.35941423956503044,"{'regressor__model__alpha': 0.0001, 'regressor__model__hidden_layer_sizes': (64, 32), 'regressor__model__learning_rate_init': 0.0001}"
2025-11-30 07:00:00,Naive,7,-0.26673324472258725,0.2859111586563009,2023-11-30 07:00:00,2025-11-30 07:00:00,2025-11-30 07:00:00,731,1,,,not_applicable
2025-12-01 07:00:00,Decision Tree,7,0.9984808085921246,1.1530456861577845,2023-12-01 07:00:00,2025-12-01 07:00:00,2025-12-01 07:00:00,731,1,-0.42290985504429074,0.42290985504429074,"{'max_depth': None, 'min_samples_leaf': 1, 'min_samples_split': 20}"
2025-12-01 07:00:00,ARX,7,0.9984808085921246,1.129987020346396,2023-12-01 07:00:00,2025-12-01 07:00:00,2025-12-01 07:00:00,731,1,-0.3032104293734177,0.3032104293734177,{'model__alpha': 0.01}
2025-12-01 07:00:00,Random Forest,7,0.9984808085921246,0.8998875496653631,2023-12-01 07:00:00,2025-12-01 07:00:00,2025-12-01 07:00:00,731,1,-0.28640559026943707,0.28640559026943707,"{'max_depth': 10, 'max_features': 0.5, 'min_samples_leaf': 2, 'n_estimators': 100}"
2025-12-01 07:00:00,Neural Network,7,0.9984808085921246,0.9370757680530026,2023-12-01 07:00:00,2025-12-01 07:00:00,2025-12-01 07:00:00,731,1,-0.35941423956503044,0.35941423956503044,"{'regressor__model__alpha': 0.0001, 'regressor__model__hidden_layer_sizes': (64, 32), 'regressor__model__learning_rate_init': 0.0001}"
2025-12-01 07:00:00,Naive,7,0.9984808085921246,-0.26673324472258725,2023-12-01 07:00:00,2025-12-01 07:00:00,2025-12-01 07:00:00,731,1,,,not_applicable
2025-12-02 07:00:00,Decision Tree,7,0.06069885522447125,0.06021320883108395,2023-12-02 07:00:00,2025-12-02 07:00:00,2025-12-02 07:00:00,731,1,-0.42290985504429074,0.42290985504429074,"{'max_depth': None, 'min_samples_leaf': 1, 'min_samples_split': 20}"
2025-12-02 07:00:00,ARX,7,0.06069885522447125,0.7371000318585377,2023-12-02 07:00:00,2025-12-02 07:00:00,2025-12-02 07:00:00,731,1,-0.3032104293734177,0.3032104293734177,{'model__alpha': 0.01}
2025-12-02 07:00:00,Random Forest,7,0.06069885522447125,0.16705337911549953,2023-12-02 07:00:00,2025-12-02 07:00:00,2025-12-02 07:00:00,731,1,-0.28640559026943707,0.28640559026943707,"{'max_depth': 10, 'max_features': 0.5, 'min_samples_leaf': 2, 'n_estimators': 100}"
2025-12-02 07:00:00,Neural Network,7,0.06069885522447125,0.21378099997647593,2023-12-02 07:00:00,2025-12-02 07:00:00,2025-12-02 07:00:00,731,1,-0.35941423956503044,0.35941423956503044,"{'regressor__model__alpha': 0.0001, 'regressor__model__hidden_layer_sizes': (64, 32), 'regressor__model__learning_rate_init': 0.0001}"
2025-12-02 07:00:00,Naive,7,0.06069885522447125,0.9984808085921246,2023-12-02 07:00:00,2025-12-02 07:00:00,2025-12-02 07:00:00,731,1,,,not_applicable
2025-12-03 07:00:00,Decision Tree,7,1.8725898448852851,1.6594504799937217,2023-12-03 07:00:00,2025-12-03 07:00:00,2025-12-03 07:00:00,731,1,-0.42290985504429074,0.42290985504429074,"{'max_depth': None, 'min_samples_leaf': 1, 'min_samples_split': 20}"
2025-12-03 07:00:00,ARX,7,1.8725898448852851,1.78198049848542,2023-12-03 07:00:00,2025-12-03 07:00:00,2025-12-03 07:00:00,731,1,-0.3032104293734177,0.3032104293734177,{'model__alpha': 0.01}
2025-12-03 07:00:00,Random Forest,7,1.8725898448852851,1.6334310774368719,2023-12-03 07:00:00,2025-12-03 07:00:00,2025-12-03 07:00:00,731,1,-0.28640559026943707,0.28640559026943707,"{'max_depth': 10, 'max_features': 0.5, 'min_samples_leaf': 2, 'n_estimators': 100}"
2025-12-03 07:00:00,Neural Network,7,1.8725898448852851,1.7767899354116454,2023-12-03 07:00:00,2025-12-03 07:00:00,2025-12-03 07:00:00,731,1,-0.35941423956503044,0.35941423956503044,"{'regressor__model__alpha': 0.0001, 'regressor__model__hidden_layer_sizes': (64, 32), 'regressor__model__learning_rate_init': 0.0001}"
2025-12-03 07:00:00,Naive,7,1.8725898448852851,0.06069885522447125,2023-12-03 07:00:00,2025-12-03 07:00:00,2025-12-03 07:00:00,731,1,,,not_applicable
2025-12-04 07:00:00,Decision Tree,7,1.008416280361942,1.670668341303804,2023-12-04 07:00:00,2025-12-04 07:00:00,2025-12-04 07:00:00,731,1,-0.42290985504429074,0.42290985504429074,"{'max_depth': None, 'min_samples_leaf': 1, 'min_samples_split': 20}"
2025-12-04 07:00:00,ARX,7,1.008416280361942,1.4583538464227828,2023-12-04 07:00:00,2025-12-04 07:00:00,2025-12-04 07:00:00,731,1,-0.3032104293734177,0.3032104293734177,{'model__alpha': 0.01}
2025-12-04 07:00:00,Random Forest,7,1.008416280361942,1.672686119154323,2023-12-04 07:00:00,2025-12-04 07:00:00,2025-12-04 07:00:00,731,1,-0.28640559026943707,0.28640559026943707,"{'max_depth': 10, 'max_features': 0.5, 'min_samples_leaf': 2, 'n_estimators': 100}"
2025-12-04 07:00:00,Neural Network,7,1.008416280361942,1.91278692170716,2023-12-04 07:00:00,2025-12-04 07:00:00,2025-12-04 07:00:00,731,1,-0.35941423956503044,0.35941423956503044,"{'regressor__model__alpha': 0.0001, 'regressor__model__hidden_layer_sizes': (64, 32), 'regressor__model__learning_rate_init': 0.0001}"
2025-12-04 07:00:00,Naive,7,1.008416280361942,1.8725898448852851,2023-12-04 07:00:00,2025-12-04 07:00:00,2025-12-04 07:00:00,731,1,,,not_applicable
2025-12-05 07:00:00,Decision Tree,7,1.5013332940449728,2.157558791060349,2023-12-05 07:00:00,2025-12-05 07:00:00,2025-12-05 07:00:00,731,1,-0.42290985504429074,0.42290985504429074,"{'max_depth': None, 'min_samples_leaf': 1, 'min_samples_split': 20}"
2025-12-05 07:00:00,ARX,7,1.5013332940449728,1.3876147799278549,2023-12-05 07:00:00,2025-12-05 07:00:00,2025-12-05 07:00:00,731,1,-0.3032104293734177,0.3032104293734177,{'model__alpha': 0.01}
2025-12-05 07:00:00,Random Forest,7,1.5013332940449728,1.5006322758175472,2023-12-05 07:00:00,2025-12-05 07:00:00,2025-12-05 07:00:00,731,1,-0.28640559026943707,0.28640559026943707,"{'max_depth': 10, 'max_features': 0.5, 'min_samples_leaf': 2, 'n_estimators': 100}"
2025-12-05 07:00:00,Neural Network,7,1.5013332940449728,1.3356496129894144,2023-12-05 07:00:00,2025-12-05 07:00:00,2025-12-05 07:00:00,731,1,-0.35941423956503044,0.35941423956503044,"{'regressor__model__alpha': 0.0001, 'regressor__model__hidden_layer_sizes': (64, 32), 'regressor__model__learning_rate_init': 0.0001}"
2025-12-05 07:00:00,Naive,7,1.5013332940449728,1.008416280361942,2023-12-05 07:00:00,2025-12-05 07:00:00,2025-12-05 07:00:00,731,1,,,not_applicable
2025-12-06 07:00:00,Decision Tree,7,-0.4736958574890451,-0.44076475068027976,2023-12-06 07:00:00,2025-12-06 07:00:00,2025-12-06 07:00:00,731,1,-0.42290985504429074,0.42290985504429074,"{'max_depth': None, 'min_samples_leaf': 1, 'min_samples_split': 20}"
2025-12-06 07:00:00,ARX,7,-0.4736958574890451,-0.06618675006478975,2023-12-06 07:00:00,2025-12-06 07:00:00,2025-12-06 07:00:00,731,1,-0.3032104293734177,0.3032104293734177,{'model__alpha': 0.01}
2025-12-06 07:00:00,Random Forest,7,-0.4736958574890451,-0.05035541979307376,2023-12-06 07:00:00,2025-12-06 07:00:00,2025-12-06 07:00:00,731,1,-0.28640559026943707,0.28640559026943707,"{'max_depth': 10, 'max_features': 0.5, 'min_samples_leaf': 2, 'n_estimators': 100}"
2025-12-06 07:00:00,Neural Network,7,-0.4736958574890451,0.07782661896368043,2023-12-06 07:00:00,2025-12-06 07:00:00,2025-12-06 07:00:00,731,1,-0.35941423956503044,0.35941423956503044,"{'regressor__model__alpha': 0.0001, 'regressor__model__hidden_layer_sizes': (64, 32), 'regressor__model__learning_rate_init': 0.0001}"
2025-12-06 07:00:00,Naive,7,-0.4736958574890451,1.5013332940449728,2023-12-06 07:00:00,2025-12-06 07:00:00,2025-12-06 07:00:00,731,1,,,not_applicable
2025-12-07 07:00:00,Decision Tree,7,-0.37086681402296684,-0.19681192749811022,2023-12-07 07:00:00,2025-12-07 07:00:00,2025-12-07 07:00:00,731,1,-0.42290985504429074,0.42290985504429074,"{'max_depth': None, 'min_samples_leaf': 1, 'min_samples_split': 20}"
2025-12-07 07:00:00,ARX,7,-0.37086681402296684,-0.3029215856951339,2023-12-07 07:00:00,2025-12-07 07:00:00,2025-12-07 07:00:00,731,1,-0.3032104293734177,0.3032104293734177,{'model__alpha': 0.01}
2025-12-07 07:00:00,Random Forest,7,-0.37086681402296684,-0.5634110775925482,2023-12-07 07:00:00,2025-12-07 07:00:00,2025-12-07 07:00:00,731,1,-0.28640559026943707,0.28640559026943707,"{'max_depth': 10, 'max_features': 0.5, 'min_samples_leaf': 2, 'n_estimators': 100}"
2025-12-07 07:00:00,Neural Network,7,-0.37086681402296684,-0.4042557819442062,2023-12-07 07:00:00,2025-12-07 07:00:00,2025-12-07 07:00:00,731,1,-0.35941423956503044,0.35941423956503044,"{'regressor__model__alpha': 0.0001, 'regressor__model__hidden_layer_sizes': (64, 32), 'regressor__model__learning_rate_init': 0.0001}"
2025-12-07 07:00:00,Naive,7,-0.37086681402296684,-0.4736958574890451,2023-12-07 07:00:00,2025-12-07 07:00:00,2025-12-07 07:00:00,731,1,,,not_applicable
2025-12-08 07:00:00,Decision Tree,7,-0.07222391949258011,0.17064742514622236,2023-12-08 07:00:00,2025-12-08 07:00:00,2025-12-08 07:00:00,731,1,-0.42290985504429074,0.42290985504429074,"{'max_depth': None, 'min_samples_leaf': 1, 'min_samples_split': 20}"
2025-12-08 07:00:00,ARX,7,-0.07222391949258011,-0.017744808299157144,2023-12-08 07:00:00,2025-12-08 07:00:00,2025-12-08 07:00:00,731,1,-0.3032104293734177,0.3032104293734177,{'model__alpha': 0.01}
2025-12-08 07:00:00,Random Forest,7,-0.07222391949258011,-0.20859014562054384,2023-12-08 07:00:00,2025-12-08 07:00:00,2025-12-08 07:00:00,731,1,-0.28640559026943707,0.28640559026943707,"{'max_depth': 10, 'max_features': 0.5, 'min_samples_leaf': 2, 'n_estimators': 100}"
2025-12-08 07:00:00,Neural Network,7,-0.07222391949258011,-0.20904354170652806,2023-12-08 07:00:00,2025-12-08 07:00:00,2025-12-08 07:00:00,731,1,-0.35941423956503044,0.35941423956503044,"{'regressor__model__alpha': 0.0001, 'regressor__model__hidden_layer_sizes': (64, 32), 'regressor__model__learning_rate_init': 0.0001}"
2025-12-08 07:00:00,Naive,7,-0.07222391949258011,-0.37086681402296684,2023-12-08 07:00:00,2025-12-08 07:00:00,2025-12-08 07:00:00,731,1,,,not_applicable
2025-12-09 07:00:00,Decision Tree,7,0.5384358118937089,1.144458748515248,2023-12-09 07:00:00,2025-12-09 07:00:00,2025-12-09 07:00:00,731,1,-0.42290985504429074,0.42290985504429074,"{'max_depth': None, 'min_samples_leaf': 1, 'min_samples_split': 20}"
2025-12-09 07:00:00,ARX,7,0.5384358118937089,0.7081148496886004,2023-12-09 07:00:00,2025-12-09 07:00:00,2025-12-09 07:00:00,731,1,-0.3032104293734177,0.3032104293734177,{'model__alpha': 0.01}
2025-12-09 07:00:00,Random Forest,7,0.5384358118937089,0.7099330680675766,2023-12-09 07:00:00,2025-12-09 07:00:00,2025-12-09 07:00:00,731,1,-0.28640559026943707,0.28640559026943707,"{'max_depth': 10, 'max_features': 0.5, 'min_samples_leaf': 2, 'n_estimators': 100}"
2025-12-09 07:00:00,Neural Network,7,0.5384358118937089,0.6176135944320889,2023-12-09 07:00:00,2025-12-09 07:00:00,2025-12-09 07:00:00,731,1,-0.35941423956503044,0.35941423956503044,"{'regressor__model__alpha': 0.0001, 'regressor__model__hidden_layer_sizes': (64, 32), 'regressor__model__learning_rate_init': 0.0001}"
2025-12-09 07:00:00,Naive,7,0.5384358118937089,-0.07222391949258011,2023-12-09 07:00:00,2025-12-09 07:00:00,2025-12-09 07:00:00,731,1,,,not_applicable
2025-12-10 07:00:00,Decision Tree,7,0.0551576350650493,0.3498797097972984,2023-12-10 07:00:00,2025-12-10 07:00:00,2025-12-10 07:00:00,731,1,-0.42290985504429074,0.42290985504429074,"{'max_depth': None, 'min_samples_leaf': 1, 'min_samples_split': 20}"
2025-12-10 07:00:00,ARX,7,0.0551576350650493,0.40116807572635704,2023-12-10 07:00:00,2025-12-10 07:00:00,2025-12-10 07:00:00,731,1,-0.3032104293734177,0.3032104293734177,{'model__alpha': 0.01}
2025-12-10 07:00:00,Random Forest,7,0.0551576350650493,0.2517465072730005,2023-12-10 07:00:00,2025-12-10 07:00:00,2025-12-10 07:00:00,731,1,-0.28640559026943707,0.28640559026943707,"{'max_depth': 10, 'max_features': 0.5, 'min_samples_leaf': 2, 'n_estimators': 100}"
2025-12-10 07:00:00,Neural Network,7,0.0551576350650493,-0.3360261462023379,2023-12-10 07:00:00,2025-12-10 07:00:00,2025-12-10 07:00:00,731,1,-0.35941423956503044,0.35941423956503044,"{'regressor__model__alpha': 0.0001, 'regressor__model__hidden_layer_sizes': (64, 32), 'regressor__model__learning_rate_init': 0.0001}"
2025-12-10 07:00:00,Naive,7,0.0551576350650493,0.5384358118937089,2023-12-10 07:00:00,2025-12-10 07:00:00,2025-12-10 07:00:00,731,1,,,not_applicable
2025-12-11 07:00:00,Decision Tree,7,0.3445361571103331,1.027586514078693,2023-12-11 07:00:00,2025-12-11 07:00:00,2025-12-11 07:00:00,731,1,-0.42290985504429074,0.42290985504429074,"{'max_depth': None, 'min_samples_leaf': 1, 'min_samples_split': 20}"
2025-12-11 07:00:00,ARX,7,0.3445361571103331,0.6375665604208809,2023-12-11 07:00:00,2025-12-11 07:00:00,2025-12-11 07:00:00,731,1,-0.3032104293734177,0.3032104293734177,{'model__alpha': 0.01}
2025-12-11 07:00:00,Random Forest,7,0.3445361571103331,0.7694413147652197,2023-12-11 07:00:00,2025-12-11 07:00:00,2025-12-11 07:00:00,731,1,-0.28640559026943707,0.28640559026943707,"{'max_depth': 10, 'max_features': 0.5, 'min_samples_leaf': 2, 'n_estimators': 100}"
2025-12-11 07:00:00,Neural Network,7,0.3445361571103331,0.927694246814238,2023-12-11 07:00:00,2025-12-11 07:00:00,2025-12-11 07:00:00,731,1,-0.35941423956503044,0.35941423956503044,"{'regressor__model__alpha': 0.0001, 'regressor__model__hidden_layer_sizes': (64, 32), 'regressor__model__learning_rate_init': 0.0001}"
2025-12-11 07:00:00,Naive,7,0.3445361571103331,0.0551576350650493,2023-12-11 07:00:00,2025-12-11 07:00:00,2025-12-11 07:00:00,731,1,,,not_applicable
2025-12-12 07:00:00,Decision Tree,7,0.881139686065036,1.6057851381967925,2023-12-12 07:00:00,2025-12-12 07:00:00,2025-12-12 07:00:00,731,1,-0.42290985504429074,0.42290985504429074,"{'max_depth': None, 'min_samples_leaf': 1, 'min_samples_split': 20}"
2025-12-12 07:00:00,ARX,7,0.881139686065036,1.2077512235808823,2023-12-12 07:00:00,2025-12-12 07:00:00,2025-12-12 07:00:00,731,1,-0.3032104293734177,0.3032104293734177,{'model__alpha': 0.01}
2025-12-12 07:00:00,Random Forest,7,0.881139686065036,1.164841351248357,2023-12-12 07:00:00,2025-12-12 07:00:00,2025-12-12 07:00:00,731,1,-0.28640559026943707,0.28640559026943707,"{'max_depth': 10, 'max_features': 0.5, 'min_samples_leaf': 2, 'n_estimators': 100}"
2025-12-12 07:00:00,Neural Network,7,0.881139686065036,1.0348667021607287,2023-12-12 07:00:00,2025-12-12 07:00:00,2025-12-12 07:00:00,731,1,-0.35941423956503044,0.35941423956503044,"{'regressor__model__alpha': 0.0001, 'regressor__model__hidden_layer_sizes': (64, 32), 'regressor__model__learning_rate_init': 0.0001}"
2025-12-12 07:00:00,Naive,7,0.881139686065036,0.3445361571103331,2023-12-12 07:00:00,2025-12-12 07:00:00,2025-12-12 07:00:00,731,1,,,not_applicable
2025-12-13 07:00:00,Decision Tree,7,-0.12181420435792296,0.5270181814272881,2023-12-13 07:00:00,2025-12-13 07:00:00,2025-12-13 07:00:00,731,1,-0.42290985504429074,0.42290985504429074,"{'max_depth': None, 'min_samples_leaf': 1, 'min_samples_split': 20}"
2025-12-13 07:00:00,ARX,7,-0.12181420435792296,0.3888723388702007,2023-12-13 07:00:00,2025-12-13 07:00:00,2025-12-13 07:00:00,731,1,-0.3032104293734177,0.3032104293734177,{'model__alpha': 0.01}
2025-12-13 07:00:00,Random Forest,7,-0.12181420435792296,0.5727822445757166,2023-12-13 07:00:00,2025-12-13 07:00:00,2025-12-13 07:00:00,731,1,-0.28640559026943707,0.28640559026943707,"{'max_depth': 10, 'max_features': 0.5, 'min_samples_leaf': 2, 'n_estimators': 100}"
2025-12-13 07:00:00,Neural Network,7,-0.12181420435792296,0.7857506886186786,2023-12-13 07:00:00,2025-12-13 07:00:00,2025-12-13 07:00:00,731,1,-0.35941423956503044,0.35941423956503044,"{'regressor__model__alpha': 0.0001, 'regressor__model__hidden_layer_sizes': (64, 32), 'regressor__model__learning_rate_init': 0.0001}"
2025-12-13 07:00:00,Naive,7,-0.12181420435792296,0.881139686065036,2023-12-13 07:00:00,2025-12-13 07:00:00,2025-12-13 07:00:00,731,1,,,not_applicable
2025-12-14 07:00:00,Decision Tree,7,-0.22297794163045587,-0.18675888832649867,2023-12-14 07:00:00,2025-12-14 07:00:00,2025-12-14 07:00:00,731,1,-0.42290985504429074,0.42290985504429074,"{'max_depth': None, 'min_samples_leaf': 1, 'min_samples_split': 20}"
2025-12-14 07:00:00,ARX,7,-0.22297794163045587,-0.06701352218399248,2023-12-14 07:00:00,2025-12-14 07:00:00,2025-12-14 07:00:00,731,1,-0.3032104293734177,0.3032104293734177,{'model__alpha': 0.01}
2025-12-14 07:00:00,Random Forest,7,-0.22297794163045587,0.015348049254475152,2023-12-14 07:00:00,2025-12-14 07:00:00,2025-12-14 07:00:00,731,1,-0.28640559026943707,0.28640559026943707,"{'max_depth': 10, 'max_features': 0.5, 'min_samples_leaf': 2, 'n_estimators': 100}"
2025-12-14 07:00:00,Neural Network,7,-0.22297794163045587,0.03088729282651595,2023-12-14 07:00:00,2025-12-14 07:00:00,2025-12-14 07:00:00,731,1,-0.35941423956503044,0.35941423956503044,"{'regressor__model__alpha': 0.0001, 'regressor__model__hidden_layer_sizes': (64, 32), 'regressor__model__learning_rate_init': 0.0001}"
2025-12-14 07:00:00,Naive,7,-0.22297794163045587,-0.12181420435792296,2023-12-14 07:00:00,2025-12-14 07:00:00,2025-12-14 07:00:00,731,1,,,not_applicable
2025-12-15 07:00:00,Decision Tree,7,0.36278513176232724,0.7604496518389005,2023-12-15 07:00:00,2025-12-15 07:00:00,2025-12-15 07:00:00,731,1,-0.42290985504429074,0.42290985504429074,"{'max_depth': None, 'min_samples_leaf': 1, 'min_samples_split': 20}"
2025-12-15 07:00:00,ARX,7,0.36278513176232724,0.601551351392625,2023-12-15 07:00:00,2025-12-15 07:00:00,2025-12-15 07:00:00,731,1,-0.3032104293734177,0.3032104293734177,{'model__alpha': 0.01}
2025-12-15 07:00:00,Random Forest,7,0.36278513176232724,0.5812617292216822,2023-12-15 07:00:00,2025-12-15 07:00:00,2025-12-15 07:00:00,731,1,-0.28640559026943707,0.28640559026943707,"{'max_depth': 10, 'max_features': 0.5, 'min_samples_leaf': 2, 'n_estimators': 100}"
2025-12-15 07:00:00,Neural Network,7,0.36278513176232724,0.748361678722424,2023-12-15 07:00:00,2025-12-15 07:00:00,2025-12-15 07:00:00,731,1,-0.35941423956503044,0.35941423956503044,"{'regressor__model__alpha': 0.0001, 'regressor__model__hidden_layer_sizes': (64, 32), 'regressor__model__learning_rate_init': 0.0001}"
2025-12-15 07:00:00,Naive,7,0.36278513176232724,-0.22297794163045587,2023-12-15 07:00:00,2025-12-15 07:00:00,2025-12-15 07:00:00,731,1,,,not_applicable
2025-12-16 07:00:00,Decision Tree,7,0.16263424807051505,0.8747935344232178,2023-12-16 07:00:00,2025-12-16 07:00:00,2025-12-16 07:00:00,731,1,-0.42290985504429074,0.42290985504429074,"{'max_depth': None, 'min_samples_leaf': 1, 'min_samples_split': 20}"
2025-12-16 07:00:00,ARX,7,0.16263424807051505,0.8622564288144067,2023-12-16 07:00:00,2025-12-16 07:00:00,2025-12-16 07:00:00,731,1,-0.3032104293734177,0.3032104293734177,{'model__alpha': 0.01}
2025-12-16 07:00:00,Random Forest,7,0.16263424807051505,0.6676711424953607,2023-12-16 07:00:00,2025-12-16 07:00:00,2025-12-16 07:00:00,731,1,-0.28640559026943707,0.28640559026943707,"{'max_depth': 10, 'max_features': 0.5, 'min_samples_leaf': 2, 'n_estimators': 100}"
2025-12-16 07:00:00,Neural Network,7,0.16263424807051505,0.8681987609893688,2023-12-16 07:00:00,2025-12-16 07:00:00,2025-12-16 07:00:00,731,1,-0.35941423956503044,0.35941423956503044,"{'regressor__model__alpha': 0.0001, 'regressor__model__hidden_layer_sizes': (64, 32), 'regressor__model__learning_rate_init': 0.0001}"
2025-12-16 07:00:00,Naive,7,0.16263424807051505,0.36278513176232724,2023-12-16 07:00:00,2025-12-16 07:00:00,2025-12-16 07:00:00,731,1,,,not_applicable
2025-12-17 07:00:00,Decision Tree,7,0.6105086445139182,1.545639498599013,2023-12-17 07:00:00,2025-12-17 07:00:00,2025-12-17 07:00:00,731,1,-0.42290985504429074,0.42290985504429074,"{'max_depth': None, 'min_samples_leaf': 1, 'min_samples_split': 20}"
2025-12-17 07:00:00,ARX,7,0.6105086445139182,1.2572184237475288,2023-12-17 07:00:00,2025-12-17 07:00:00,2025-12-17 07:00:00,731,1,-0.3032104293734177,0.3032104293734177,{'model__alpha': 0.01}
2025-12-17 07:00:00,Random Forest,7,0.6105086445139182,1.2382460285018326,2023-12-17 07:00:00,2025-12-17 07:00:00,2025-12-17 07:00:00,731,1,-0.28640559026943707,0.28640559026943707,"{'max_depth': 10, 'max_features': 0.5, 'min_samples_leaf': 2, 'n_estimators': 100}"
2025-12-17 07:00:00,Neural Network,7,0.6105086445139182,1.3659861016224286,2023-12-17 07:00:00,2025-12-17 07:00:00,2025-12-17 07:00:00,731,1,-0.35941423956503044,0.35941423956503044,"{'regressor__model__alpha': 0.0001, 'regressor__model__hidden_layer_sizes': (64, 32), 'regressor__model__learning_rate_init': 0.0001}"
2025-12-17 07:00:00,Naive,7,0.6105086445139182,0.16263424807051505,2023-12-17 07:00:00,2025-12-17 07:00:00,2025-12-17 07:00:00,731,1,,,not_applicable
2025-12-18 07:00:00,Decision Tree,7,-0.11628016162239718,0.36617108877854,2023-12-18 07:00:00,2025-12-18 07:00:00,2025-12-18 07:00:00,731,1,-0.42290985504429074,0.42290985504429074,"{'max_depth': None, 'min_samples_leaf': 1, 'min_samples_split': 20}"
2025-12-18 07:00:00,ARX,7,-0.11628016162239718,0.1735339957650329,2023-12-18 07:00:00,2025-12-18 07:00:00,2025-12-18 07:00:00,731,1,-0.3032104293734177,0.3032104293734177,{'model__alpha': 0.01}
2025-12-18 07:00:00,Random Forest,7,-0.11628016162239718,0.33015820605187657,2023-12-18 07:00:00,2025-12-18 07:00:00,2025-12-18 07:00:00,731,1,-0.28640559026943707,0.28640559026943707,"{'max_depth': 10, 'max_features': 0.5, 'min_samples_leaf': 2, 'n_estimators': 100}"
2025-12-18 07:00:00,Neural Network,7,-0.11628016162239718,0.2286602737038079,2023-12-18 07:00:00,2025-12-18 07:00:00,2025-12-18 07:00:00,731,1,-0.35941423956503044,0.35941423956503044,"{'regressor__model__alpha': 0.0001, 'regressor__model__hidden_layer_sizes': (64, 32), 'regressor__model__learning_rate_init': 0.0001}"
2025-12-18 07:00:00,Naive,7,-0.11628016162239718,0.6105086445139182,2023-12-18 07:00:00,2025-12-18 07:00:00,2025-12-18 07:00:00,731,1,,,not_applicable
2025-12-19 07:00:00,Decision Tree,7,-0.24865038100143677,0.18945007230376618,2023-12-19 07:00:00,2025-12-19 07:00:00,2025-12-19 07:00:00,731,1,-0.42290985504429074,0.42290985504429074,"{'max_depth': None, 'min_samples_leaf': 1, 'min_samples_split': 20}"
2025-12-19 07:00:00,ARX,7,-0.24865038100143677,-0.4683531403115436,2023-12-19 07:00:00,2025-12-19 07:00:00,2025-12-19 07:00:00,731,1,-0.3032104293734177,0.3032104293734177,{'model__alpha': 0.01}
2025-12-19 07:00:00,Random Forest,7,-0.24865038100143677,-0.07362481648027414,2023-12-19 07:00:00,2025-12-19 07:00:00,2025-12-19 07:00:00,731,1,-0.28640559026943707,0.28640559026943707,"{'max_depth': 10, 'max_features': 0.5, 'min_samples_leaf': 2, 'n_estimators': 100}"
2025-12-19 07:00:00,Neural Network,7,-0.24865038100143677,-0.352564379172789,2023-12-19 07:00:00,2025-12-19 07:00:00,2025-12-19 07:00:00,731,1,-0.35941423956503044,0.35941423956503044,"{'regressor__model__alpha': 0.0001, 'regressor__model__hidden_layer_sizes': (64, 32), 'regressor__model__learning_rate_init': 0.0001}"
2025-12-19 07:00:00,Naive,7,-0.24865038100143677,-0.11628016162239718,2023-12-19 07:00:00,2025-12-19 07:00:00,2025-12-19 07:00:00,731,1,,,not_applicable
2025-12-20 07:00:00,Decision Tree,7,0.49035209194739865,0.21178145977162655,2023-12-20 07:00:00,2025-12-20 07:00:00,2025-12-20 07:00:00,731,1,-0.42290985504429074,0.42290985504429074,"{'max_depth': None, 'min_samples_leaf': 1, 'min_samples_split': 20}"
2025-12-20 07:00:00,ARX,7,0.49035209194739865,0.48517505523921267,2023-12-20 07:00:00,2025-12-20 07:00:00,2025-12-20 07:00:00,731,1,-0.3032104293734177,0.3032104293734177,{'model__alpha': 0.01}
2025-12-20 07:00:00,Random Forest,7,0.49035209194739865,0.44715886322560605,2023-12-20 07:00:00,2025-12-20 07:00:00,2025-12-20 07:00:00,731,1,-0.28640559026943707,0.28640559026943707,"{'max_depth': 10, 'max_features': 0.5, 'min_samples_leaf': 2, 'n_estimators': 100}"
2025-12-20 07:00:00,Neural Network,7,0.49035209194739865,0.39019908719857094,2023-12-20 07:00:00,2025-12-20 07:00:00,2025-12-20 07:00:00,731,1,-0.35941423956503044,0.35941423956503044,"{'regressor__model__alpha': 0.0001, 'regressor__model__hidden_layer_sizes': (64, 32), 'regressor__model__learning_rate_init': 0.0001}"
2025-12-20 07:00:00,Naive,7,0.49035209194739865,-0.24865038100143677,2023-12-20 07:00:00,2025-12-20 07:00:00,2025-12-20 07:00:00,731,1,,,not_applicable
2025-12-21 07:00:00,Decision Tree,7,0.19472730024317816,-0.2404335049490222,2023-12-21 07:00:00,2025-12-21 07:00:00,2025-12-21 07:00:00,731,1,-0.42290985504429074,0.42290985504429074,"{'max_depth': None, 'min_samples_leaf': 1, 'min_samples_split': 20}"
2025-12-21 07:00:00,ARX,7,0.19472730024317816,-0.03091417334477503,2023-12-21 07:00:00,2025-12-21 07:00:00,2025-12-21 07:00:00,731,1,-0.3032104293734177,0.3032104293734177,{'model__alpha': 0.01}
2025-12-21 07:00:00,Random Forest,7,0.19472730024317816,-0.00887564770713248,2023-12-21 07:00:00,2025-12-21 07:00:00,2025-12-21 07:00:00,731,1,-0.28640559026943707,0.28640559026943707,"{'max_depth': 10, 'max_features': 0.5, 'min_samples_leaf': 2, 'n_estimators': 100}"
2025-12-21 07:00:00,Neural Network,7,0.19472730024317816,0.007019641295039125,2023-12-21 07:00:00,2025-12-21 07:00:00,2025-12-21 07:00:00,731,1,-0.35941423956503044,0.35941423956503044,"{'regressor__model__alpha': 0.0001, 'regressor__model__hidden_layer_sizes': (64, 32), 'regressor__model__learning_rate_init': 0.0001}"
2025-12-21 07:00:00,Naive,7,0.19472730024317816,0.49035209194739865,2023-12-21 07:00:00,2025-12-21 07:00:00,2025-12-21 07:00:00,731,1,,,not_applicable
2025-12-22 07:00:00,Decision Tree,7,0.12605367330836015,-0.445196604153064,2023-12-22 07:00:00,2025-12-22 07:00:00,2025-12-22 07:00:00,731,1,-0.42290985504429074,0.42290985504429074,"{'max_depth': None, 'min_samples_leaf': 1, 'min_samples_split': 20}"
2025-12-22 07:00:00,ARX,7,0.12605367330836015,0.4044932290129956,2023-12-22 07:00:00,2025-12-22 07:00:00,2025-12-22 07:00:00,731,1,-0.3032104293734177,0.3032104293734177,{'model__alpha': 0.01}
2025-12-22 07:00:00,Random Forest,7,0.12605367330836015,0.015824141016613724,2023-12-22 07:00:00,2025-12-22 07:00:00,2025-12-22 07:00:00,731,1,-0.28640559026943707,0.28640559026943707,"{'max_depth': 10, 'max_features': 0.5, 'min_samples_leaf': 2, 'n_estimators': 100}"
2025-12-22 07:00:00,Neural Network,7,0.12605367330836015,0.3372511814647715,2023-12-22 07:00:00,2025-12-22 07:00:00,2025-12-22 07:00:00,731,1,-0.35941423956503044,0.35941423956503044,"{'regressor__model__alpha': 0.0001, 'regressor__model__hidden_layer_sizes': (64, 32), 'regressor__model__learning_rate_init': 0.0001}"
2025-12-22 07:00:00,Naive,7,0.12605367330836015,0.19472730024317816,2023-12-22 07:00:00,2025-12-22 07:00:00,2025-12-22 07:00:00,731,1,,,not_applicable
2025-12-23 07:00:00,Decision Tree,7,-0.224080092397987,-0.11975123623583066,2023-12-23 07:00:00,2025-12-23 07:00:00,2025-12-23 07:00:00,731,1,-0.42290985504429074,0.42290985504429074,"{'max_depth': None, 'min_samples_leaf': 1, 'min_samples_split': 20}"
2025-12-23 07:00:00,ARX,7,-0.224080092397987,0.1868940745562827,2023-12-23 07:00:00,2025-12-23 07:00:00,2025-12-23 07:00:00,731,1,-0.3032104293734177,0.3032104293734177,{'model__alpha': 0.01}
2025-12-23 07:00:00,Random Forest,7,-0.224080092397987,0.01861339180353131,2023-12-23 07:00:00,2025-12-23 07:00:00,2025-12-23 07:00:00,731,1,-0.28640559026943707,0.28640559026943707,"{'max_depth': 10, 'max_features': 0.5, 'min_samples_leaf': 2, 'n_estimators': 100}"
2025-12-23 07:00:00,Neural Network,7,-0.224080092397987,-0.16060063088210957,2023-12-23 07:00:00,2025-12-23 07:00:00,2025-12-23 07:00:00,731,1,-0.35941423956503044,0.35941423956503044,"{'regressor__model__alpha': 0.0001, 'regressor__model__hidden_layer_sizes': (64, 32), 'regressor__model__learning_rate_init': 0.0001}"
2025-12-23 07:00:00,Naive,7,-0.224080092397987,0.12605367330836015,2023-12-23 07:00:00,2025-12-23 07:00:00,2025-12-23 07:00:00,731,1,,,not_applicable
2025-12-24 07:00:00,Decision Tree,7,-0.5047824039918842,-0.023390038526279126,2023-12-24 07:00:00,2025-12-24 07:00:00,2025-12-24 07:00:00,731,1,-0.42290985504429074,0.42290985504429074,"{'max_depth': None, 'min_samples_leaf': 1, 'min_samples_split': 20}"
2025-12-24 07:00:00,ARX,7,-0.5047824039918842,-0.26431064760996215,2023-12-24 07:00:00,2025-12-24 07:00:00,2025-12-24 07:00:00,731,1,-0.3032104293734177,0.3032104293734177,{'model__alpha': 0.01}
2025-12-24 07:00:00,Random Forest,7,-0.5047824039918842,-0.43817680741543014,2023-12-24 07:00:00,2025-12-24 07:00:00,2025-12-24 07:00:00,731,1,-0.28640559026943707,0.28640559026943707,"{'max_depth': 10, 'max_features': 0.5, 'min_samples_leaf': 2, 'n_estimators': 100}"
2025-12-24 07:00:00,Neural Network,7,-0.5047824039918842,0.2979043725028476,2023-12-24 07:00:00,2025-12-24 07:00:00,2025-12-24 07:00:00,731,1,-0.35941423956503044,0.35941423956503044,"{'regressor__model__alpha': 0.0001, 'regressor__model__hidden_layer_sizes': (64, 32), 'regressor__model__learning_rate_init': 0.0001}"
2025-12-24 07:00:00,Naive,7,-0.5047824039918842,-0.224080092397987,2023-12-24 07:00:00,2025-12-24 07:00:00,2025-12-24 07:00:00,731,1,,,not_applicable
2025-12-25 07:00:00,Decision Tree,7,-0.8166237885243113,-0.8158042707029292,2023-12-25 07:00:00,2025-12-25 07:00:00,2025-12-25 07:00:00,731,1,-0.42290985504429074,0.42290985504429074,"{'max_depth': None, 'min_samples_leaf': 1, 'min_samples_split': 20}"
2025-12-25 07:00:00,ARX,7,-0.8166237885243113,-0.6625280461691156,2023-12-25 07:00:00,2025-12-25 07:00:00,2025-12-25 07:00:00,731,1,-0.3032104293734177,0.3032104293734177,{'model__alpha': 0.01}
2025-12-25 07:00:00,Random Forest,7,-0.8166237885243113,-0.8227010542926141,2023-12-25 07:00:00,2025-12-25 07:00:00,2025-12-25 07:00:00,731,1,-0.28640559026943707,0.28640559026943707,"{'max_depth': 10, 'max_features': 0.5, 'min_samples_leaf': 2, 'n_estimators': 100}"
2025-12-25 07:00:00,Neural Network,7,-0.8166237885243113,-0.8592112015566133,2023-12-25 07:00:00,2025-12-25 07:00:00,2025-12-25 07:00:00,731,1,-0.35941423956503044,0.35941423956503044,"{'regressor__model__alpha': 0.0001, 'regressor__model__hidden_layer_sizes': (64, 32), 'regressor__model__learning_rate_init': 0.0001}"
2025-12-25 07:00:00,Naive,7,-0.8166237885243113,-0.5047824039918842,2023-12-25 07:00:00,2025-12-25 07:00:00,2025-12-25 07:00:00,731,1,,,not_applicable
2025-12-26 07:00:00,Decision Tree,7,0.19981656894527738,-0.33250229261836467,2023-12-26 07:00:00,2025-12-26 07:00:00,2025-12-26 07:00:00,731,1,-0.42290985504429074,0.42290985504429074,"{'max_depth': None, 'min_samples_leaf': 1, 'min_samples_split': 20}"
2025-12-26 07:00:00,ARX,7,0.19981656894527738,-0.10207056192974684,2023-12-26 07:00:00,2025-12-26 07:00:00,2025-12-26 07:00:00,731,1,-0.3032104293734177,0.3032104293734177,{'model__alpha': 0.01}
2025-12-26 07:00:00,Random Forest,7,0.19981656894527738,-0.19408313457896362,2023-12-26 07:00:00,2025-12-26 07:00:00,2025-12-26 07:00:00,731,1,-0.28640559026943707,0.28640559026943707,"{'max_depth': 10, 'max_features': 0.5, 'min_samples_leaf': 2, 'n_estimators': 100}"
2025-12-26 07:00:00,Neural Network,7,0.19981656894527738,0.033753844070339656,2023-12-26 07:00:00,2025-12-26 07:00:00,2025-12-26 07:00:00,731,1,-0.35941423956503044,0.35941423956503044,"{'regressor__model__alpha': 0.0001, 'regressor__model__hidden_layer_sizes': (64, 32), 'regressor__model__learning_rate_init': 0.0001}"
2025-12-26 07:00:00,Naive,7,0.19981656894527738,-0.8166237885243113,2023-12-26 07:00:00,2025-12-26 07:00:00,2025-12-26 07:00:00,731,1,,,not_applicable
2025-12-27 07:00:00,Decision Tree,7,0.3741444992830261,-0.36460920926523216,2023-12-27 07:00:00,2025-12-27 07:00:00,2025-12-27 07:00:00,731,1,-0.42290985504429074,0.42290985504429074,"{'max_depth': None, 'min_samples_leaf': 1, 'min_samples_split': 20}"
2025-12-27 07:00:00,ARX,7,0.3741444992830261,0.12211413397675708,2023-12-27 07:00:00,2025-12-27 07:00:00,2025-12-27 07:00:00,731,1,-0.3032104293734177,0.3032104293734177,{'model__alpha': 0.01}
2025-12-27 07:00:00,Random Forest,7,0.3741444992830261,0.11805617362960157,2023-12-27 07:00:00,2025-12-27 07:00:00,2025-12-27 07:00:00,731,1,-0.28640559026943707,0.28640559026943707,"{'max_depth': 10, 'max_features': 0.5, 'min_samples_leaf': 2, 'n_estimators': 100}"
2025-12-27 07:00:00,Neural Network,7,0.3741444992830261,0.3951786731189452,2023-12-27 07:00:00,2025-12-27 07:00:00,2025-12-27 07:00:00,731,1,-0.35941423956503044,0.35941423956503044,"{'regressor__model__alpha': 0.0001, 'regressor__model__hidden_layer_sizes': (64, 32), 'regressor__model__learning_rate_init': 0.0001}"
2025-12-27 07:00:00,Naive,7,0.3741444992830261,0.19981656894527738,2023-12-27 07:00:00,2025-12-27 07:00:00,2025-12-27 07:00:00,731,1,,,not_applicable
2025-12-28 07:00:00,Decision Tree,7,0.1710847520807416,0.1133748931466649,2023-12-28 07:00:00,2025-12-28 07:00:00,2025-12-28 07:00:00,731,1,-0.42290985504429074,0.42290985504429074,"{'max_depth': None, 'min_samples_leaf': 1, 'min_samples_split': 20}"
2025-12-28 07:00:00,ARX,7,0.1710847520807416,0.1033460256086162,2023-12-28 07:00:00,2025-12-28 07:00:00,2025-12-28 07:00:00,731,1,-0.3032104293734177,0.3032104293734177,{'model__alpha': 0.01}
2025-12-28 07:00:00,Random Forest,7,0.1710847520807416,-0.017237631970624813,2023-12-28 07:00:00,2025-12-28 07:00:00,2025-12-28 07:00:00,731,1,-0.28640559026943707,0.28640559026943707,"{'max_depth': 10, 'max_features': 0.5, 'min_samples_leaf': 2, 'n_estimators': 100}"
2025-12-28 07:00:00,Neural Network,7,0.1710847520807416,0.38349719162331186,2023-12-28 07:00:00,2025-12-28 07:00:00,2025-12-28 07:00:00,731,1,-0.35941423956503044,0.35941423956503044,"{'regressor__model__alpha': 0.0001, 'regressor__model__hidden_layer_sizes': (64, 32), 'regressor__model__learning_rate_init': 0.0001}"
2025-12-28 07:00:00,Naive,7,0.1710847520807416,0.3741444992830261,2023-12-28 07:00:00,2025-12-28 07:00:00,2025-12-28 07:00:00,731,1,,,not_applicable
2025-12-29 07:00:00,Decision Tree,7,0.5102711835785483,-0.02021596597387448,2023-12-29 07:00:00,2025-12-29 07:00:00,2025-12-29 07:00:00,731,1,-0.42290985504429074,0.42290985504429074,"{'max_depth': None, 'min_samples_leaf': 1, 'min_samples_split': 20}"
2025-12-29 07:00:00,ARX,7,0.5102711835785483,0.5894862603548978,2023-12-29 07:00:00,2025-12-29 07:00:00,2025-12-29 07:00:00,731,1,-0.3032104293734177,0.3032104293734177,{'model__alpha': 0.01}
2025-12-29 07:00:00,Random Forest,7,0.5102711835785483,0.25968082932783504,2023-12-29 07:00:00,2025-12-29 07:00:00,2025-12-29 07:00:00,731,1,-0.28640559026943707,0.28640559026943707,"{'max_depth': 10, 'max_features': 0.5, 'min_samples_leaf': 2, 'n_estimators': 100}"
2025-12-29 07:00:00,Neural Network,7,0.5102711835785483,0.5006947861629619,2023-12-29 07:00:00,2025-12-29 07:00:00,2025-12-29 07:00:00,731,1,-0.35941423956503044,0.35941423956503044,"{'regressor__model__alpha': 0.0001, 'regressor__model__hidden_layer_sizes': (64, 32), 'regressor__model__learning_rate_init': 0.0001}"
2025-12-29 07:00:00,Naive,7,0.5102711835785483,0.1710847520807416,2023-12-29 07:00:00,2025-12-29 07:00:00,2025-12-29 07:00:00,731,1,,,not_applicable
2025-12-30 07:00:00,Decision Tree,7,0.04795311345201896,-0.039353458826907606,2023-12-30 07:00:00,2025-12-30 07:00:00,2025-12-30 07:00:00,731,1,-0.42290985504429074,0.42290985504429074,"{'max_depth': None, 'min_samples_leaf': 1, 'min_samples_split': 20}"
2025-12-30 07:00:00,ARX,7,0.04795311345201896,0.2601918337443052,2023-12-30 07:00:00,2025-12-30 07:00:00,2025-12-30 07:00:00,731,1,-0.3032104293734177,0.3032104293734177,{'model__alpha': 0.01}
2025-12-30 07:00:00,Random Forest,7,0.04795311345201896,-0.009799768432429124,2023-12-30 07:00:00,2025-12-30 07:00:00,2025-12-30 07:00:00,731,1,-0.28640559026943707,0.28640559026943707,"{'max_depth': 10, 'max_features': 0.5, 'min_samples_leaf': 2, 'n_estimators': 100}"
2025-12-30 07:00:00,Neural Network,7,0.04795311345201896,0.42843122225649355,2023-12-30 07:00:00,2025-12-30 07:00:00,2025-12-30 07:00:00,731,1,-0.35941423956503044,0.35941423956503044,"{'regressor__model__alpha': 0.0001, 'regressor__model__hidden_layer_sizes': (64, 32), 'regressor__model__learning_rate_init': 0.0001}"
2025-12-30 07:00:00,Naive,7,0.04795311345201896,0.5102711835785483,2023-12-30 07:00:00,2025-12-30 07:00:00,2025-12-30 07:00:00,731,1,,,not_applicable
2025-12-31 07:00:00,Decision Tree,7,-0.03143724788414086,-0.03353302067497917,2023-12-31 07:00:00,2025-12-31 07:00:00,2025-12-31 07:00:00,731,1,-0.42290985504429074,0.42290985504429074,"{'max_depth': None, 'min_samples_leaf': 1, 'min_samples_split': 20}"
2025-12-31 07:00:00,ARX,7,-0.03143724788414086,0.01897667780319645,2023-12-31 07:00:00,2025-12-31 07:00:00,2025-12-31 07:00:00,731,1,-0.3032104293734177,0.3032104293734177,{'model__alpha': 0.01}
2025-12-31 07:00:00,Random Forest,7,-0.03143724788414086,0.07031330325073896,2023-12-31 07:00:00,2025-12-31 07:00:00,2025-12-31 07:00:00,731,1,-0.28640559026943707,0.28640559026943707,"{'max_depth': 10, 'max_features': 0.5, 'min_samples_leaf': 2, 'n_estimators': 100}"
2025-12-31 07:00:00,Neural Network,7,-0.03143724788414086,-0.03171746773887263,2023-12-31 07:00:00,2025-12-31 07:00:00,2025-12-31 07:00:00,731,1,-0.35941423956503044,0.35941423956503044,"{'regressor__model__alpha': 0.0001, 'regressor__model__hidden_layer_sizes': (64, 32), 'regressor__model__learning_rate_init': 0.0001}"
2025-12-31 07:00:00,Naive,7,-0.03143724788414086,0.04795311345201896,2023-12-31 07:00:00,2025-12-31 07:00:00,2025-12-31 07:00:00,731,1,,,not_applicable
2026-01-01 07:00:00,Decision Tree,7,-1.6518406586764278,-0.45232385895655836,2024-01-01 07:00:00,2026-01-01 07:00:00,2026-01-01 07:00:00,731,1,-0.42290985504429074,0.42290985504429074,"{'max_depth': None, 'min_samples_leaf': 1, 'min_samples_split': 20}"
2026-01-01 07:00:00,ARX,7,-1.6518406586764278,-1.0553676811653132,2024-01-01 07:00:00,2026-01-01 07:00:00,2026-01-01 07:00:00,731,1,-0.3032104293734177,0.3032104293734177,{'model__alpha': 0.01}
2026-01-01 07:00:00,Random Forest,7,-1.6518406586764278,-0.5337326629006397,2024-01-01 07:00:00,2026-01-01 07:00:00,2026-01-01 07:00:00,731,1,-0.28640559026943707,0.28640559026943707,"{'max_depth': 10, 'max_features': 0.5, 'min_samples_leaf': 2, 'n_estimators': 100}"
2026-01-01 07:00:00,Neural Network,7,-1.6518406586764278,-0.8240581885496225,2024-01-01 07:00:00,2026-01-01 07:00:00,2026-01-01 07:00:00,731,1,-0.35941423956503044,0.35941423956503044,"{'regressor__model__alpha': 0.0001, 'regressor__model__hidden_layer_sizes': (64, 32), 'regressor__model__learning_rate_init': 0.0001}"
2026-01-01 07:00:00,Naive,7,-1.6518406586764278,-0.03143724788414086,2024-01-01 07:00:00,2026-01-01 07:00:00,2026-01-01 07:00:00,731,1,,,not_applicable
2026-01-02 07:00:00,Decision Tree,7,-0.9020969592984189,0.23598607577836062,2024-01-02 07:00:00,2026-01-02 07:00:00,2026-01-02 07:00:00,731,1,-0.42290985504429074,0.42290985504429074,"{'max_depth': None, 'min_samples_leaf': 1, 'min_samples_split': 20}"
2026-01-02 07:00:00,ARX,7,-0.9020969592984189,-1.1610963978341973,2024-01-02 07:00:00,2026-01-02 07:00:00,2026-01-02 07:00:00,731,1,-0.3032104293734177,0.3032104293734177,{'model__alpha': 0.01}
2026-01-02 07:00:00,Random Forest,7,-0.9020969592984189,-0.3306537161077643,2024-01-02 07:00:00,2026-01-02 07:00:00,2026-01-02 07:00:00,731,1,-0.28640559026943707,0.28640559026943707,"{'max_depth': 10, 'max_features': 0.5, 'min_samples_leaf': 2, 'n_estimators': 100}"
2026-01-02 07:00:00,Neural Network,7,-0.9020969592984189,-0.40515782075545825,2024-01-02 07:00:00,2026-01-02 07:00:00,2026-01-02 07:00:00,731,1,-0.35941423956503044,0.35941423956503044,"{'regressor__model__alpha': 0.0001, 'regressor__model__hidden_layer_sizes': (64, 32), 'regressor__model__learning_rate_init': 0.0001}"
2026-01-02 07:00:00,Naive,7,-0.9020969592984189,-1.6518406586764278,2024-01-02 07:00:00,2026-01-02 07:00:00,2026-01-02 07:00:00,731,1,,,not_applicable
2026-01-03 07:00:00,Decision Tree,7,-0.20560337012569144,0.01267661822681356,2024-01-03 07:00:00,2026-01-03 07:00:00,2026-01-03 07:00:00,731,1,-0.42290985504429074,0.42290985504429074,"{'max_depth': None, 'min_samples_leaf': 1, 'min_samples_split': 20}"
2026-01-03 07:00:00,ARX,7,-0.20560337012569144,-0.47557061203644757,2024-01-03 07:00:00,2026-01-03 07:00:00,2026-01-03 07:00:00,731,1,-0.3032104293734177,0.3032104293734177,{'model__alpha': 0.01}
2026-01-03 07:00:00,Random Forest,7,-0.20560337012569144,-0.5029230701675188,2024-01-03 07:00:00,2026-01-03 07:00:00,2026-01-03 07:00:00,731,1,-0.28640559026943707,0.28640559026943707,"{'max_depth': 10, 'max_features': 0.5, 'min_samples_leaf': 2, 'n_estimators': 100}"
2026-01-03 07:00:00,Neural Network,7,-0.20560337012569144,-0.23236379208021202,2024-01-03 07:00:00,2026-01-03 07:00:00,2026-01-03 07:00:00,731,1,-0.35941423956503044,0.35941423956503044,"{'regressor__model__alpha': 0.0001, 'regressor__model__hidden_layer_sizes': (64, 32), 'regressor__model__learning_rate_init': 0.0001}"
2026-01-03 07:00:00,Naive,7,-0.20560337012569144,-0.9020969592984189,2024-01-03 07:00:00,2026-01-03 07:00:00,2026-01-03 07:00:00,731,1,,,not_applicable
2026-01-04 07:00:00,Decision Tree,7,0.001162914840430648,-0.0041141501079945235,2024-01-04 07:00:00,2026-01-04 07:00:00,2026-01-04 07:00:00,731,1,-0.42290985504429074,0.42290985504429074,"{'max_depth': None, 'min_samples_leaf': 1, 'min_samples_split': 20}"
2026-01-04 07:00:00,ARX,7,0.001162914840430648,-0.3357022352250627,2024-01-04 07:00:00,2026-01-04 07:00:00,2026-01-04 07:00:00,731,1,-0.3032104293734177,0.3032104293734177,{'model__alpha': 0.01}
2026-01-04 07:00:00,Random Forest,7,0.001162914840430648,-0.11203881136914742,2024-01-04 07:00:00,2026-01-04 07:00:00,2026-01-04 07:00:00,731,1,-0.28640559026943707,0.28640559026943707,"{'max_depth': 10, 'max_features': 0.5, 'min_samples_leaf': 2, 'n_estimators': 100}"
2026-01-04 07:00:00,Neural Network,7,0.001162914840430648,-0.28706281850956367,2024-01-04 07:00:00,2026-01-04 07:00:00,2026-01-04 07:00:00,731,1,-0.35941423956503044,0.35941423956503044,"{'regressor__model__alpha': 0.0001, 'regressor__model__hidden_layer_sizes': (64, 32), 'regressor__model__learning_rate_init': 0.0001}"
2026-01-04 07:00:00,Naive,7,0.001162914840430648,-0.20560337012569144,2024-01-04 07:00:00,2026-01-04 07:00:00,2026-01-04 07:00:00,731,1,,,not_applicable
2026-01-05 07:00:00,Decision Tree,7,1.0451454374433111,0.8391381123744249,2024-01-05 07:00:00,2026-01-05 07:00:00,2026-01-05 07:00:00,731,1,-0.42290985504429074,0.42290985504429074,"{'max_depth': None, 'min_samples_leaf': 1, 'min_samples_split': 20}"
2026-01-05 07:00:00,ARX,7,1.0451454374433111,0.8353487224074942,2024-01-05 07:00:00,2026-01-05 07:00:00,2026-01-05 07:00:00,731,1,-0.3032104293734177,0.3032104293734177,{'model__alpha': 0.01}
2026-01-05 07:00:00,Random Forest,7,1.0451454374433111,0.9507833394556303,2024-01-05 07:00:00,2026-01-05 07:00:00,2026-01-05 07:00:00,731,1,-0.28640559026943707,0.28640559026943707,"{'max_depth': 10, 'max_features': 0.5, 'min_samples_leaf': 2, 'n_estimators': 100}"
2026-01-05 07:00:00,Neural Network,7,1.0451454374433111,0.25885619763530965,2024-01-05 07:00:00,2026-01-05 07:00:00,2026-01-05 07:00:00,731,1,-0.35941423956503044,0.35941423956503044,"{'regressor__model__alpha': 0.0001, 'regressor__model__hidden_layer_sizes': (64, 32), 'regressor__model__learning_rate_init': 0.0001}"
2026-01-05 07:00:00,Naive,7,1.0451454374433111,0.001162914840430648,2024-01-05 07:00:00,2026-01-05 07:00:00,2026-01-05 07:00:00,731,1,,,not_applicable
2026-01-06 07:00:00,Decision Tree,7,1.1998107301353744,1.0663883787936776,2024-01-06 07:00:00,2026-01-06 07:00:00,2026-01-06 07:00:00,731,1,-0.42290985504429074,0.42290985504429074,"{'max_depth': None, 'min_samples_leaf': 1, 'min_samples_split': 20}"
2026-01-06 07:00:00,ARX,7,1.1998107301353744,1.3342613891472574,2024-01-06 07:00:00,2026-01-06 07:00:00,2026-01-06 07:00:00,731,1,-0.3032104293734177,0.3032104293734177,{'model__alpha': 0.01}
2026-01-06 07:00:00,Random Forest,7,1.1998107301353744,1.3148622205958411,2024-01-06 07:00:00,2026-01-06 07:00:00,2026-01-06 07:00:00,731,1,-0.28640559026943707,0.28640559026943707,"{'max_depth': 10, 'max_features': 0.5, 'min_samples_leaf': 2, 'n_estimators': 100}"
2026-01-06 07:00:00,Neural Network,7,1.1998107301353744,1.9122269075653504,2024-01-06 07:00:00,2026-01-06 07:00:00,2026-01-06 07:00:00,731,1,-0.35941423956503044,0.35941423956503044,"{'regressor__model__alpha': 0.0001, 'regressor__model__hidden_layer_sizes': (64, 32), 'regressor__model__learning_rate_init': 0.0001}"
2026-01-06 07:00:00,Naive,7,1.1998107301353744,1.0451454374433111,2024-01-06 07:00:00,2026-01-06 07:00:00,2026-01-06 07:00:00,731,1,,,not_applicable
2026-01-07 07:00:00,Decision Tree,7,0.3591344672878836,0.9077050061798227,2024-01-07 07:00:00,2026-01-07 07:00:00,2026-01-07 07:00:00,731,1,-0.42290985504429074,0.42290985504429074,"{'max_depth': None, 'min_samples_leaf': 1, 'min_samples_split': 20}"
2026-01-07 07:00:00,ARX,7,0.3591344672878836,0.47748902156196005,2024-01-07 07:00:00,2026-01-07 07:00:00,2026-01-07 07:00:00,731,1,-0.3032104293734177,0.3032104293734177,{'model__alpha': 0.01}
2026-01-07 07:00:00,Random Forest,7,0.3591344672878836,0.9351167976474499,2024-01-07 07:00:00,2026-01-07 07:00:00,2026-01-07 07:00:00,731,1,-0.28640559026943707,0.28640559026943707,"{'max_depth': 10, 'max_features': 0.5, 'min_samples_leaf': 2, 'n_estimators': 100}"
2026-01-07 07:00:00,Neural Network,7,0.3591344672878836,0.3664762919205377,2024-01-07 07:00:00,2026-01-07 07:00:00,2026-01-07 07:00:00,731,1,-0.35941423956503044,0.35941423956503044,"{'regressor__model__alpha': 0.0001, 'regressor__model__hidden_layer_sizes': (64, 32), 'regressor__model__learning_rate_init': 0.0001}"
2026-01-07 07:00:00,Naive,7,0.3591344672878836,1.1998107301353744,2024-01-07 07:00:00,2026-01-07 07:00:00,2026-01-07 07:00:00,731,1,,,not_applicable
2026-01-08 07:00:00,Decision Tree,7,0.9924140306216698,0.6719340148558444,2024-01-08 07:00:00,2026-01-08 07:00:00,2026-01-08 07:00:00,731,1,-0.42290985504429074,0.42290985504429074,"{'max_depth': None, 'min_samples_leaf': 1, 'min_samples_split': 20}"
2026-01-08 07:00:00,ARX,7,0.9924140306216698,0.5394444410409232,2024-01-08 07:00:00,2026-01-08 07:00:00,2026-01-08 07:00:00,731,1,-0.3032104293734177,0.3032104293734177,{'model__alpha': 0.01}
2026-01-08 07:00:00,Random Forest,7,0.9924140306216698,0.8986323299421088,2024-01-08 07:00:00,2026-01-08 07:00:00,2026-01-08 07:00:00,731,1,-0.28640559026943707,0.28640559026943707,"{'max_depth': 10, 'max_features': 0.5, 'min_samples_leaf': 2, 'n_estimators': 100}"
2026-01-08 07:00:00,Neural Network,7,0.9924140306216698,0.41594409548230293,2024-01-08 07:00:00,2026-01-08 07:00:00,2026-01-08 07:00:00,731,1,-0.35941423956503044,0.35941423956503044,"{'regressor__model__alpha': 0.0001, 'regressor__model__hidden_layer_sizes': (64, 32), 'regressor__model__learning_rate_init': 0.0001}"
2026-01-08 07:00:00,Naive,7,0.9924140306216698,0.3591344672878836,2024-01-08 07:00:00,2026-01-08 07:00:00,2026-01-08 07:00:00,731,1,,,not_applicable
2026-01-09 07:00:00,Decision Tree,7,-0.06395915680367656,-0.033402034875551774,2024-01-09 07:00:00,2026-01-09 07:00:00,2026-01-09 07:00:00,731,1,-0.42290985504429074,0.42290985504429074,"{'max_depth': None, 'min_samples_leaf': 1, 'min_samples_split': 20}"
2026-01-09 07:00:00,ARX,7,-0.06395915680367656,-0.21627651276676507,2024-01-09 07:00:00,2026-01-09 07:00:00,2026-01-09 07:00:00,731,1,-0.3032104293734177,0.3032104293734177,{'model__alpha': 0.01}
2026-01-09 07:00:00,Random Forest,7,-0.06395915680367656,0.19488586494809274,2024-01-09 07:00:00,2026-01-09 07:00:00,2026-01-09 07:00:00,731,1,-0.28640559026943707,0.28640559026943707,"{'max_depth': 10, 'max_features': 0.5, 'min_samples_leaf': 2, 'n_estimators': 100}"
2026-01-09 07:00:00,Neural Network,7,-0.06395915680367656,0.08127639338253362,2024-01-09 07:00:00,2026-01-09 07:00:00,2026-01-09 07:00:00,731,1,-0.35941423956503044,0.35941423956503044,"{'regressor__model__alpha': 0.0001, 'regressor__model__hidden_layer_sizes': (64, 32), 'regressor__model__learning_rate_init': 0.0001}"
2026-01-09 07:00:00,Naive,7,-0.06395915680367656,0.9924140306216698,2024-01-09 07:00:00,2026-01-09 07:00:00,2026-01-09 07:00:00,731,1,,,not_applicable
2026-01-10 07:00:00,Decision Tree,7,-0.2799290590631036,-0.035199512636029696,2024-01-10 07:00:00,2026-01-10 07:00:00,2026-01-10 07:00:00,731,1,-0.42290985504429074,0.42290985504429074,"{'max_depth': None, 'min_samples_leaf': 1, 'min_samples_split': 20}"
2026-01-10 07:00:00,ARX,7,-0.2799290590631036,-0.4466830184868869,2024-01-10 07:00:00,2026-01-10 07:00:00,2026-01-10 07:00:00,731,1,-0.3032104293734177,0.3032104293734177,{'model__alpha': 0.01}
2026-01-10 07:00:00,Random Forest,7,-0.2799290590631036,-0.2876104582988507,2024-01-10 07:00:00,2026-01-10 07:00:00,2026-01-10 07:00:00,731,1,-0.28640559026943707,0.28640559026943707,"{'max_depth': 10, 'max_features': 0.5, 'min_samples_leaf': 2, 'n_estimators': 100}"
2026-01-10 07:00:00,Neural Network,7,-0.2799290590631036,-0.42803081042244134,2024-01-10 07:00:00,2026-01-10 07:00:00,2026-01-10 07:00:00,731,1,-0.35941423956503044,0.35941423956503044,"{'regressor__model__alpha': 0.0001, 'regressor__model__hidden_layer_sizes': (64, 32), 'regressor__model__learning_rate_init': 0.0001}"
2026-01-10 07:00:00,Naive,7,-0.2799290590631036,-0.06395915680367656,2024-01-10 07:00:00,2026-01-10 07:00:00,2026-01-10 07:00:00,731,1,,,not_applicable
2026-01-11 07:00:00,Decision Tree,7,-0.0628704564376932,0.10722766875080705,2024-01-11 07:00:00,2026-01-11 07:00:00,2026-01-11 07:00:00,731,1,-0.42290985504429074,0.42290985504429074,"{'max_depth': None, 'min_samples_leaf': 1, 'min_samples_split': 20}"
2026-01-11 07:00:00,ARX,7,-0.0628704564376932,0.48375259443227303,2024-01-11 07:00:00,2026-01-11 07:00:00,2026-01-11 07:00:00,731,1,-0.3032104293734177,0.3032104293734177,{'model__alpha': 0.01}
2026-01-11 07:00:00,Random Forest,7,-0.0628704564376932,0.16434263775455307,2024-01-11 07:00:00,2026-01-11 07:00:00,2026-01-11 07:00:00,731,1,-0.28640559026943707,0.28640559026943707,"{'max_depth': 10, 'max_features': 0.5, 'min_samples_leaf': 2, 'n_estimators': 100}"
2026-01-11 07:00:00,Neural Network,7,-0.0628704564376932,0.30640648767340556,2024-01-11 07:00:00,2026-01-11 07:00:00,2026-01-11 07:00:00,731,1,-0.35941423956503044,0.35941423956503044,"{'regressor__model__alpha': 0.0001, 'regressor__model__hidden_layer_sizes': (64, 32), 'regressor__model__learning_rate_init': 0.0001}"
2026-01-11 07:00:00,Naive,7,-0.0628704564376932,-0.2799290590631036,2024-01-11 07:00:00,2026-01-11 07:00:00,2026-01-11 07:00:00,731,1,,,not_applicable
2026-01-12 07:00:00,Decision Tree,7,0.3262051718393776,0.6095741899133893,2024-01-12 07:00:00,2026-01-12 07:00:00,2026-01-12 07:00:00,731,1,-0.42290985504429074,0.42290985504429074,"{'max_depth': None, 'min_samples_leaf': 1, 'min_samples_split': 20}"
2026-01-12 07:00:00,ARX,7,0.3262051718393776,0.9076825230511554,2024-01-12 07:00:00,2026-01-12 07:00:00,2026-01-12 07:00:00,731,1,-0.3032104293734177,0.3032104293734177,{'model__alpha': 0.01}
2026-01-12 07:00:00,Random Forest,7,0.3262051718393776,0.7651937850324417,2024-01-12 07:00:00,2026-01-12 07:00:00,2026-01-12 07:00:00,731,1,-0.28640559026943707,0.28640559026943707,"{'max_depth': 10, 'max_features': 0.5, 'min_samples_leaf': 2, 'n_estimators': 100}"
2026-01-12 07:00:00,Neural Network,7,0.3262051718393776,0.5726532404387077,2024-01-12 07:00:00,2026-01-12 07:00:00,2026-01-12 07:00:00,731,1,-0.35941423956503044,0.35941423956503044,"{'regressor__model__alpha': 0.0001, 'regressor__model__hidden_layer_sizes': (64, 32), 'regressor__model__learning_rate_init': 0.0001}"
2026-01-12 07:00:00,Naive,7,0.3262051718393776,-0.0628704564376932,2024-01-12 07:00:00,2026-01-12 07:00:00,2026-01-12 07:00:00,731,1,,,not_applicable
2026-01-13 07:00:00,Decision Tree,7,0.7761163040476144,1.2090904250320005,2024-01-13 07:00:00,2026-01-13 07:00:00,2026-01-13 07:00:00,731,1,-0.42290985504429074,0.42290985504429074,"{'max_depth': None, 'min_samples_leaf': 1, 'min_samples_split': 20}"
2026-01-13 07:00:00,ARX,7,0.7761163040476144,1.047515903602404,2024-01-13 07:00:00,2026-01-13 07:00:00,2026-01-13 07:00:00,731,1,-0.3032104293734177,0.3032104293734177,{'model__alpha': 0.01}
2026-01-13 07:00:00,Random Forest,7,0.7761163040476144,0.9747212134532346,2024-01-13 07:00:00,2026-01-13 07:00:00,2026-01-13 07:00:00,731,1,-0.28640559026943707,0.28640559026943707,"{'max_depth': 10, 'max_features': 0.5, 'min_samples_leaf': 2, 'n_estimators': 100}"
2026-01-13 07:00:00,Neural Network,7,0.7761163040476144,1.0703002330952243,2024-01-13 07:00:00,2026-01-13 07:00:00,2026-01-13 07:00:00,731,1,-0.35941423956503044,0.35941423956503044,"{'regressor__model__alpha': 0.0001, 'regressor__model__hidden_layer_sizes': (64, 32), 'regressor__model__learning_rate_init': 0.0001}"
2026-01-13 07:00:00,Naive,7,0.7761163040476144,0.3262051718393776,2024-01-13 07:00:00,2026-01-13 07:00:00,2026-01-13 07:00:00,731,1,,,not_applicable
2026-01-14 07:00:00,Decision Tree,7,0.514177083065354,0.39172615795692994,2024-01-14 07:00:00,2026-01-14 07:00:00,2026-01-14 07:00:00,731,1,-0.42290985504429074,0.42290985504429074,"{'max_depth': None, 'min_samples_leaf': 1, 'min_samples_split': 20}"
2026-01-14 07:00:00,ARX,7,0.514177083065354,0.6386522717763479,2024-01-14 07:00:00,2026-01-14 07:00:00,2026-01-14 07:00:00,731,1,-0.3032104293734177,0.3032104293734177,{'model__alpha': 0.01}
2026-01-14 07:00:00,Random Forest,7,0.514177083065354,0.5942528140216341,2024-01-14 07:00:00,2026-01-14 07:00:00,2026-01-14 07:00:00,731,1,-0.28640559026943707,0.28640559026943707,"{'max_depth': 10, 'max_features': 0.5, 'min_samples_leaf': 2, 'n_estimators': 100}"
2026-01-14 07:00:00,Neural Network,7,0.514177083065354,0.8779726977855993,2024-01-14 07:00:00,2026-01-14 07:00:00,2026-01-14 07:00:00,731,1,-0.35941423956503044,0.35941423956503044,"{'regressor__model__alpha': 0.0001, 'regressor__model__hidden_layer_sizes': (64, 32), 'regressor__model__learning_rate_init': 0.0001}"
2026-01-14 07:00:00,Naive,7,0.514177083065354,0.7761163040476144,2024-01-14 07:00:00,2026-01-14 07:00:00,2026-01-14 07:00:00,731,1,,,not_applicable
2026-01-15 07:00:00,Decision Tree,7,0.5128767285497499,0.31954946234586107,2024-01-15 07:00:00,2026-01-15 07:00:00,2026-01-15 07:00:00,731,1,-0.42290985504429074,0.42290985504429074,"{'max_depth': None, 'min_samples_leaf': 1, 'min_samples_split': 20}"
2026-01-15 07:00:00,ARX,7,0.5128767285497499,0.9913667569485686,2024-01-15 07:00:00,2026-01-15 07:00:00,2026-01-15 07:00:00,731,1,-0.3032104293734177,0.3032104293734177,{'model__alpha': 0.01}
2026-01-15 07:00:00,Random Forest,7,0.5128767285497499,0.9424732539556497,2024-01-15 07:00:00,2026-01-15 07:00:00,2026-01-15 07:00:00,731,1,-0.28640559026943707,0.28640559026943707,"{'max_depth': 10, 'max_features': 0.5, 'min_samples_leaf': 2, 'n_estimators': 100}"
2026-01-15 07:00:00,Neural Network,7,0.5128767285497499,0.7903374155573208,2024-01-15 07:00:00,2026-01-15 07:00:00,2026-01-15 07:00:00,731,1,-0.35941423956503044,0.35941423956503044,"{'regressor__model__alpha': 0.0001, 'regressor__model__hidden_layer_sizes': (64, 32), 'regressor__model__learning_rate_init': 0.0001}"
2026-01-15 07:00:00,Naive,7,0.5128767285497499,0.514177083065354,2024-01-15 07:00:00,2026-01-15 07:00:00,2026-01-15 07:00:00,731,1,,,not_applicable
2026-01-16 07:00:00,Decision Tree,7,0.3402644776821384,0.36198808935994375,2024-01-16 07:00:00,2026-01-16 07:00:00,2026-01-16 07:00:00,731,1,-0.42290985504429074,0.42290985504429074,"{'max_depth': None, 'min_samples_leaf': 1, 'min_samples_split': 20}"
2026-01-16 07:00:00,ARX,7,0.3402644776821384,0.17607248369522244,2024-01-16 07:00:00,2026-01-16 07:00:00,2026-01-16 07:00:00,731,1,-0.3032104293734177,0.3032104293734177,{'model__alpha': 0.01}
2026-01-16 07:00:00,Random Forest,7,0.3402644776821384,0.482004471104459,2024-01-16 07:00:00,2026-01-16 07:00:00,2026-01-16 07:00:00,731,1,-0.28640559026943707,0.28640559026943707,"{'max_depth': 10, 'max_features': 0.5, 'min_samples_leaf': 2, 'n_estimators': 100}"
2026-01-16 07:00:00,Neural Network,7,0.3402644776821384,0.3483539733531351,2024-01-16 07:00:00,2026-01-16 07:00:00,2026-01-16 07:00:00,731,1,-0.35941423956503044,0.35941423956503044,"{'regressor__model__alpha': 0.0001, 'regressor__model__hidden_layer_sizes': (64, 32), 'regressor__model__learning_rate_init': 0.0001}"
2026-01-16 07:00:00,Naive,7,0.3402644776821384,0.5128767285497499,2024-01-16 07:00:00,2026-01-16 07:00:00,2026-01-16 07:00:00,731,1,,,not_applicable
2026-01-17 07:00:00,Decision Tree,7,0.3556950832942043,0.847984705111884,2024-01-17 07:00:00,2026-01-17 07:00:00,2026-01-17 07:00:00,731,1,-0.42290985504429074,0.42290985504429074,"{'max_depth': None, 'min_samples_leaf': 1, 'min_samples_split': 20}"
2026-01-17 07:00:00,ARX,7,0.3556950832942043,0.5753242312565794,2024-01-17 07:00:00,2026-01-17 07:00:00,2026-01-17 07:00:00,731,1,-0.3032104293734177,0.3032104293734177,{'model__alpha': 0.01}
2026-01-17 07:00:00,Random Forest,7,0.3556950832942043,0.7455078597696745,2024-01-17 07:00:00,2026-01-17 07:00:00,2026-01-17 07:00:00,731,1,-0.28640559026943707,0.28640559026943707,"{'max_depth': 10, 'max_features': 0.5, 'min_samples_leaf': 2, 'n_estimators': 100}"
2026-01-17 07:00:00,Neural Network,7,0.3556950832942043,0.5588584065224581,2024-01-17 07:00:00,2026-01-17 07:00:00,2026-01-17 07:00:00,731,1,-0.35941423956503044,0.35941423956503044,"{'regressor__model__alpha': 0.0001, 'regressor__model__hidden_layer_sizes': (64, 32), 'regressor__model__learning_rate_init': 0.0001}"
2026-01-17 07:00:00,Naive,7,0.3556950832942043,0.3402644776821384,2024-01-17 07:00:00,2026-01-17 07:00:00,2026-01-17 07:00:00,731,1,,,not_applicable
2026-01-18 07:00:00,Decision Tree,7,0.39315503231557153,0.3186784081980146,2024-01-18 07:00:00,2026-01-18 07:00:00,2026-01-18 07:00:00,731,1,-0.42290985504429074,0.42290985504429074,"{'max_depth': None, 'min_samples_leaf': 1, 'min_samples_split': 20}"
2026-01-18 07:00:00,ARX,7,0.39315503231557153,0.3180516401707937,2024-01-18 07:00:00,2026-01-18 07:00:00,2026-01-18 07:00:00,731,1,-0.3032104293734177,0.3032104293734177,{'model__alpha': 0.01}
2026-01-18 07:00:00,Random Forest,7,0.39315503231557153,0.23572692995837874,2024-01-18 07:00:00,2026-01-18 07:00:00,2026-01-18 07:00:00,731,1,-0.28640559026943707,0.28640559026943707,"{'max_depth': 10, 'max_features': 0.5, 'min_samples_leaf': 2, 'n_estimators': 100}"
2026-01-18 07:00:00,Neural Network,7,0.39315503231557153,0.6808255232591536,2024-01-18 07:00:00,2026-01-18 07:00:00,2026-01-18 07:00:00,731,1,-0.35941423956503044,0.35941423956503044,"{'regressor__model__alpha': 0.0001, 'regressor__model__hidden_layer_sizes': (64, 32), 'regressor__model__learning_rate_init': 0.0001}"
2026-01-18 07:00:00,Naive,7,0.39315503231557153,0.3556950832942043,2024-01-18 07:00:00,2026-01-18 07:00:00,2026-01-18 07:00:00,731,1,,,not_applicable
2026-01-19 07:00:00,Decision Tree,7,1.5122488568693175,1.669249118336657,2024-01-19 07:00:00,2026-01-19 07:00:00,2026-01-19 07:00:00,731,1,-0.42290985504429074,0.42290985504429074,"{'max_depth': None, 'min_samples_leaf': 1, 'min_samples_split': 20}"
2026-01-19 07:00:00,ARX,7,1.5122488568693175,1.2894614602855714,2024-01-19 07:00:00,2026-01-19 07:00:00,2026-01-19 07:00:00,731,1,-0.3032104293734177,0.3032104293734177,{'model__alpha': 0.01}
2026-01-19 07:00:00,Random Forest,7,1.5122488568693175,1.1224190149963575,2024-01-19 07:00:00,2026-01-19 07:00:00,2026-01-19 07:00:00,731,1,-0.28640559026943707,0.28640559026943707,"{'max_depth': 10, 'max_features': 0.5, 'min_samples_leaf': 2, 'n_estimators': 100}"
2026-01-19 07:00:00,Neural Network,7,1.5122488568693175,1.3970186721080295,2024-01-19 07:00:00,2026-01-19 07:00:00,2026-01-19 07:00:00,731,1,-0.35941423956503044,0.35941423956503044,"{'regressor__model__alpha': 0.0001, 'regressor__model__hidden_layer_sizes': (64, 32), 'regressor__model__learning_rate_init': 0.0001}"
2026-01-19 07:00:00,Naive,7,1.5122488568693175,0.39315503231557153,2024-01-19 07:00:00,2026-01-19 07:00:00,2026-01-19 07:00:00,731,1,,,not_applicable
2026-01-20 07:00:00,Decision Tree,7,2.2047635431488057,1.853762217287947,2024-01-20 07:00:00,2026-01-20 07:00:00,2026-01-20 07:00:00,731,1,-0.42290985504429074,0.42290985504429074,"{'max_depth': None, 'min_samples_leaf': 1, 'min_samples_split': 20}"
2026-01-20 07:00:00,ARX,7,2.2047635431488057,1.7497217054533603,2024-01-20 07:00:00,2026-01-20 07:00:00,2026-01-20 07:00:00,731,1,-0.3032104293734177,0.3032104293734177,{'model__alpha': 0.01}
2026-01-20 07:00:00,Random Forest,7,2.2047635431488057,1.622229587576803,2024-01-20 07:00:00,2026-01-20 07:00:00,2026-01-20 07:00:00,731,1,-0.28640559026943707,0.28640559026943707,"{'max_depth': 10, 'max_features': 0.5, 'min_samples_leaf': 2, 'n_estimators': 100}"
2026-01-20 07:00:00,Neural Network,7,2.2047635431488057,2.142828803861647,2024-01-20 07:00:00,2026-01-20 07:00:00,2026-01-20 07:00:00,731,1,-0.35941423956503044,0.35941423956503044,"{'regressor__model__alpha': 0.0001, 'regressor__model__hidden_layer_sizes': (64, 32), 'regressor__model__learning_rate_init': 0.0001}"
2026-01-20 07:00:00,Naive,7,2.2047635431488057,1.5122488568693175,2024-01-20 07:00:00,2026-01-20 07:00:00,2026-01-20 07:00:00,731,1,,,not_applicable
2026-01-21 07:00:00,Decision Tree,7,1.4988278417625098,1.9287349773483828,2024-01-21 07:00:00,2026-01-21 07:00:00,2026-01-21 07:00:00,731,1,-0.42290985504429074,0.42290985504429074,"{'max_depth': None, 'min_samples_leaf': 1, 'min_samples_split': 20}"
2026-01-21 07:00:00,ARX,7,1.4988278417625098,1.4895629644122528,2024-01-21 07:00:00,2026-01-21 07:00:00,2026-01-21 07:00:00,731,1,-0.3032104293734177,0.3032104293734177,{'model__alpha': 0.01}
2026-01-21 07:00:00,Random Forest,7,1.4988278417625098,1.4604370437127556,2024-01-21 07:00:00,2026-01-21 07:00:00,2026-01-21 07:00:00,731,1,-0.28640559026943707,0.28640559026943707,"{'max_depth': 10, 'max_features': 0.5, 'min_samples_leaf': 2, 'n_estimators': 100}"
2026-01-21 07:00:00,Neural Network,7,1.4988278417625098,1.1424617352800692,2024-01-21 07:00:00,2026-01-21 07:00:00,2026-01-21 07:00:00,731,1,-0.35941423956503044,0.35941423956503044,"{'regressor__model__alpha': 0.0001, 'regressor__model__hidden_layer_sizes': (64, 32), 'regressor__model__learning_rate_init': 0.0001}"
2026-01-21 07:00:00,Naive,7,1.4988278417625098,2.2047635431488057,2024-01-21 07:00:00,2026-01-21 07:00:00,2026-01-21 07:00:00,731,1,,,not_applicable
2026-01-22 07:00:00,Decision Tree,7,0.9637829907129745,0.5735923860406892,2024-01-22 07:00:00,2026-01-22 07:00:00,2026-01-22 07:00:00,731,1,-0.42290985504429074,0.42290985504429074,"{'max_depth': None, 'min_samples_leaf': 1, 'min_samples_split': 20}"
2026-01-22 07:00:00,ARX,7,0.9637829907129745,1.058888757332159,2024-01-22 07:00:00,2026-01-22 07:00:00,2026-01-22 07:00:00,731,1,-0.3032104293734177,0.3032104293734177,{'model__alpha': 0.01}
2026-01-22 07:00:00,Random Forest,7,0.9637829907129745,0.9295810623868302,2024-01-22 07:00:00,2026-01-22 07:00:00,2026-01-22 07:00:00,731,1,-0.28640559026943707,0.28640559026943707,"{'max_depth': 10, 'max_features': 0.5, 'min_samples_leaf': 2, 'n_estimators': 100}"
2026-01-22 07:00:00,Neural Network,7,0.9637829907129745,0.7972606010062113,2024-01-22 07:00:00,2026-01-22 07:00:00,2026-01-22 07:00:00,731,1,-0.35941423956503044,0.35941423956503044,"{'regressor__model__alpha': 0.0001, 'regressor__model__hidden_layer_sizes': (64, 32), 'regressor__model__learning_rate_init': 0.0001}"
2026-01-22 07:00:00,Naive,7,0.9637829907129745,1.4988278417625098,2024-01-22 07:00:00,2026-01-22 07:00:00,2026-01-22 07:00:00,731,1,,,not_applicable
2026-01-23 07:00:00,Decision Tree,7,1.1004827965803259,0.20844488915013815,2024-01-23 07:00:00,2026-01-23 07:00:00,2026-01-23 07:00:00,731,1,-0.42290985504429074,0.42290985504429074,"{'max_depth': None, 'min_samples_leaf': 1, 'min_samples_split': 20}"
2026-01-23 07:00:00,ARX,7,1.1004827965803259,0.8829970996255516,2024-01-23 07:00:00,2026-01-23 07:00:00,2026-01-23 07:00:00,731,1,-0.3032104293734177,0.3032104293734177,{'model__alpha': 0.01}
2026-01-23 07:00:00,Random Forest,7,1.1004827965803259,0.829458340281029,2024-01-23 07:00:00,2026-01-23 07:00:00,2026-01-23 07:00:00,731,1,-0.28640559026943707,0.28640559026943707,"{'max_depth': 10, 'max_features': 0.5, 'min_samples_leaf': 2, 'n_estimators': 100}"
2026-01-23 07:00:00,Neural Network,7,1.1004827965803259,0.39613693020494634,2024-01-23 07:00:00,2026-01-23 07:00:00,2026-01-23 07:00:00,731,1,-0.35941423956503044,0.35941423956503044,"{'regressor__model__alpha': 0.0001, 'regressor__model__hidden_layer_sizes': (64, 32), 'regressor__model__learning_rate_init': 0.0001}"
2026-01-23 07:00:00,Naive,7,1.1004827965803259,0.9637829907129745,2024-01-23 07:00:00,2026-01-23 07:00:00,2026-01-23 07:00:00,731,1,,,not_applicable
2026-01-24 07:00:00,Decision Tree,7,0.472924165757335,-0.38943009404856,2024-01-24 07:00:00,2026-01-24 07:00:00,2026-01-24 07:00:00,731,1,-0.42290985504429074,0.42290985504429074,"{'max_depth': None, 'min_samples_leaf': 1, 'min_samples_split': 20}"
2026-01-24 07:00:00,ARX,7,0.472924165757335,0.3057398306882074,2024-01-24 07:00:00,2026-01-24 07:00:00,2026-01-24 07:00:00,731,1,-0.3032104293734177,0.3032104293734177,{'model__alpha': 0.01}
2026-01-24 07:00:00,Random Forest,7,0.472924165757335,0.39816577040829826,2024-01-24 07:00:00,2026-01-24 07:00:00,2026-01-24 07:00:00,731,1,-0.28640559026943707,0.28640559026943707,"{'max_depth': 10, 'max_features': 0.5, 'min_samples_leaf': 2, 'n_estimators': 100}"
2026-01-24 07:00:00,Neural Network,7,0.472924165757335,0.4987550484541675,2024-01-24 07:00:00,2026-01-24 07:00:00,2026-01-24 07:00:00,731,1,-0.35941423956503044,0.35941423956503044,"{'regressor__model__alpha': 0.0001, 'regressor__model__hidden_layer_sizes': (64, 32), 'regressor__model__learning_rate_init': 0.0001}"
2026-01-24 07:00:00,Naive,7,0.472924165757335,1.1004827965803259,2024-01-24 07:00:00,2026-01-24 07:00:00,2026-01-24 07:00:00,731,1,,,not_applicable
2026-01-25 07:00:00,Decision Tree,7,0.41757652733464434,0.2259465985145448,2024-01-25 07:00:00,2026-01-25 07:00:00,2026-01-25 07:00:00,731,1,-0.42290985504429074,0.42290985504429074,"{'max_depth': None, 'min_samples_leaf': 1, 'min_samples_split': 20}"
2026-01-25 07:00:00,ARX,7,0.41757652733464434,0.4273854243585544,2024-01-25 07:00:00,2026-01-25 07:00:00,2026-01-25 07:00:00,731,1,-0.3032104293734177,0.3032104293734177,{'model__alpha': 0.01}
2026-01-25 07:00:00,Random Forest,7,0.41757652733464434,0.37485184731657406,2024-01-25 07:00:00,2026-01-25 07:00:00,2026-01-25 07:00:00,731,1,-0.28640559026943707,0.28640559026943707,"{'max_depth': 10, 'max_features': 0.5, 'min_samples_leaf': 2, 'n_estimators': 100}"
2026-01-25 07:00:00,Neural Network,7,0.41757652733464434,0.3263198118594358,2024-01-25 07:00:00,2026-01-25 07:00:00,2026-01-25 07:00:00,731,1,-0.35941423956503044,0.35941423956503044,"{'regressor__model__alpha': 0.0001, 'regressor__model__hidden_layer_sizes': (64, 32), 'regressor__model__learning_rate_init': 0.0001}"
2026-01-25 07:00:00,Naive,7,0.41757652733464434,0.472924165757335,2024-01-25 07:00:00,2026-01-25 07:00:00,2026-01-25 07:00:00,731,1,,,not_applicable
2026-01-26 07:00:00,Decision Tree,7,1.407257883610725,1.4034512998705289,2024-01-26 07:00:00,2026-01-26 07:00:00,2026-01-26 07:00:00,731,1,-0.42290985504429074,0.42290985504429074,"{'max_depth': None, 'min_samples_leaf': 1, 'min_samples_split': 20}"
2026-01-26 07:00:00,ARX,7,1.407257883610725,1.4294085053868049,2024-01-26 07:00:00,2026-01-26 07:00:00,2026-01-26 07:00:00,731,1,-0.3032104293734177,0.3032104293734177,{'model__alpha': 0.01}
2026-01-26 07:00:00,Random Forest,7,1.407257883610725,1.2422684750379809,2024-01-26 07:00:00,2026-01-26 07:00:00,2026-01-26 07:00:00,731,1,-0.28640559026943707,0.28640559026943707,"{'max_depth': 10, 'max_features': 0.5, 'min_samples_leaf': 2, 'n_estimators': 100}"
2026-01-26 07:00:00,Neural Network,7,1.407257883610725,1.2598673812012655,2024-01-26 07:00:00,2026-01-26 07:00:00,2026-01-26 07:00:00,731,1,-0.35941423956503044,0.35941423956503044,"{'regressor__model__alpha': 0.0001, 'regressor__model__hidden_layer_sizes': (64, 32), 'regressor__model__learning_rate_init': 0.0001}"
2026-01-26 07:00:00,Naive,7,1.407257883610725,0.41757652733464434,2024-01-26 07:00:00,2026-01-26 07:00:00,2026-01-26 07:00:00,731,1,,,not_applicable
2026-01-27 07:00:00,Decision Tree,7,1.4903949431722416,1.4037231987091146,2024-01-27 07:00:00,2026-01-27 07:00:00,2026-01-27 07:00:00,731,1,-0.42290985504429074,0.42290985504429074,"{'max_depth': None, 'min_samples_leaf': 1, 'min_samples_split': 20}"
2026-01-27 07:00:00,ARX,7,1.4903949431722416,1.7528167294352834,2024-01-27 07:00:00,2026-01-27 07:00:00,2026-01-27 07:00:00,731,1,-0.3032104293734177,0.3032104293734177,{'model__alpha': 0.01}
2026-01-27 07:00:00,Random Forest,7,1.4903949431722416,1.5521841165283738,2024-01-27 07:00:00,2026-01-27 07:00:00,2026-01-27 07:00:00,731,1,-0.28640559026943707,0.28640559026943707,"{'max_depth': 10, 'max_features': 0.5, 'min_samples_leaf': 2, 'n_estimators': 100}"
2026-01-27 07:00:00,Neural Network,7,1.4903949431722416,1.3432012187826594,2024-01-27 07:00:00,2026-01-27 07:00:00,2026-01-27 07:00:00,731,1,-0.35941423956503044,0.35941423956503044,"{'regressor__model__alpha': 0.0001, 'regressor__model__hidden_layer_sizes': (64, 32), 'regressor__model__learning_rate_init': 0.0001}"
2026-01-27 07:00:00,Naive,7,1.4903949431722416,1.407257883610725,2024-01-27 07:00:00,2026-01-27 07:00:00,2026-01-27 07:00:00,731,1,,,not_applicable
2026-01-28 07:00:00,Decision Tree,7,1.2638544321885963,1.4095013150066558,2024-01-28 07:00:00,2026-01-28 07:00:00,2026-01-28 07:00:00,731,1,-0.42290985504429074,0.42290985504429074,"{'max_depth': None, 'min_samples_leaf': 1, 'min_samples_split': 20}"
2026-01-28 07:00:00,ARX,7,1.2638544321885963,1.3756385002267943,2024-01-28 07:00:00,2026-01-28 07:00:00,2026-01-28 07:00:00,731,1,-0.3032104293734177,0.3032104293734177,{'model__alpha': 0.01}
2026-01-28 07:00:00,Random Forest,7,1.2638544321885963,1.337882930399568,2024-01-28 07:00:00,2026-01-28 07:00:00,2026-01-28 07:00:00,731,1,-0.28640559026943707,0.28640559026943707,"{'max_depth': 10, 'max_features': 0.5, 'min_samples_leaf': 2, 'n_estimators': 100}"
2026-01-28 07:00:00,Neural Network,7,1.2638544321885963,1.2542108425735101,2024-01-28 07:00:00,2026-01-28 07:00:00,2026-01-28 07:00:00,731,1,-0.35941423956503044,0.35941423956503044,"{'regressor__model__alpha': 0.0001, 'regressor__model__hidden_layer_sizes': (64, 32), 'regressor__model__learning_rate_init': 0.0001}"
2026-01-28 07:00:00,Naive,7,1.2638544321885963,1.4903949431722416,2024-01-28 07:00:00,2026-01-28 07:00:00,2026-01-28 07:00:00,731,1,,,not_applicable
2026-01-29 07:00:00,Decision Tree,7,1.3494515196346242,1.4281698559275806,2024-01-29 07:00:00,2026-01-29 07:00:00,2026-01-29 07:00:00,731,1,-0.42290985504429074,0.42290985504429074,"{'max_depth': None, 'min_samples_leaf': 1, 'min_samples_split': 20}"
2026-01-29 07:00:00,ARX,7,1.3494515196346242,1.2203304427245605,2024-01-29 07:00:00,2026-01-29 07:00:00,2026-01-29 07:00:00,731,1,-0.3032104293734177,0.3032104293734177,{'model__alpha': 0.01}
2026-01-29 07:00:00,Random Forest,7,1.3494515196346242,1.2869396918753142,2024-01-29 07:00:00,2026-01-29 07:00:00,2026-01-29 07:00:00,731,1,-0.28640559026943707,0.28640559026943707,"{'max_depth': 10, 'max_features': 0.5, 'min_samples_leaf': 2, 'n_estimators': 100}"
2026-01-29 07:00:00,Neural Network,7,1.3494515196346242,1.0532127701477352,2024-01-29 07:00:00,2026-01-29 07:00:00,2026-01-29 07:00:00,731,1,-0.35941423956503044,0.35941423956503044,"{'regressor__model__alpha': 0.0001, 'regressor__model__hidden_layer_sizes': (64, 32), 'regressor__model__learning_rate_init': 0.0001}"
2026-01-29 07:00:00,Naive,7,1.3494515196346242,1.2638544321885963,2024-01-29 07:00:00,2026-01-29 07:00:00,2026-01-29 07:00:00,731,1,,,not_applicable
2026-01-30 07:00:00,Decision Tree,7,1.063904954752501,0.894745464346709,2024-01-30 07:00:00,2026-01-30 07:00:00,2026-01-30 07:00:00,731,1,-0.42290985504429074,0.42290985504429074,"{'max_depth': None, 'min_samples_leaf': 1, 'min_samples_split': 20}"
2026-01-30 07:00:00,ARX,7,1.063904954752501,1.021848780675325,2024-01-30 07:00:00,2026-01-30 07:00:00,2026-01-30 07:00:00,731,1,-0.3032104293734177,0.3032104293734177,{'model__alpha': 0.01}
2026-01-30 07:00:00,Random Forest,7,1.063904954752501,1.034734384725044,2024-01-30 07:00:00,2026-01-30 07:00:00,2026-01-30 07:00:00,731,1,-0.28640559026943707,0.28640559026943707,"{'max_depth': 10, 'max_features': 0.5, 'min_samples_leaf': 2, 'n_estimators': 100}"
2026-01-30 07:00:00,Neural Network,7,1.063904954752501,1.0216503481108092,2024-01-30 07:00:00,2026-01-30 07:00:00,2026-01-30 07:00:00,731,1,-0.35941423956503044,0.35941423956503044,"{'regressor__model__alpha': 0.0001, 'regressor__model__hidden_layer_sizes': (64, 32), 'regressor__model__learning_rate_init': 0.0001}"
2026-01-30 07:00:00,Naive,7,1.063904954752501,1.3494515196346242,2024-01-30 07:00:00,2026-01-30 07:00:00,2026-01-30 07:00:00,731,1,,,not_applicable
2026-01-31 07:00:00,Decision Tree,7,0.1441068909404141,0.2952397372689009,2024-01-31 07:00:00,2026-01-31 07:00:00,2026-01-31 07:00:00,731,1,-0.42290985504429074,0.42290985504429074,"{'max_depth': None, 'min_samples_leaf': 1, 'min_samples_split': 20}"
2026-01-31 07:00:00,ARX,7,0.1441068909404141,0.11062447911584092,2024-01-31 07:00:00,2026-01-31 07:00:00,2026-01-31 07:00:00,731,1,-0.3032104293734177,0.3032104293734177,{'model__alpha': 0.01}
2026-01-31 07:00:00,Random Forest,7,0.1441068909404141,0.304318878542572,2024-01-31 07:00:00,2026-01-31 07:00:00,2026-01-31 07:00:00,731,1,-0.28640559026943707,0.28640559026943707,"{'max_depth': 10, 'max_features': 0.5, 'min_samples_leaf': 2, 'n_estimators': 100}"
2026-01-31 07:00:00,Neural Network,7,0.1441068909404141,0.058807762616890025,2024-01-31 07:00:00,2026-01-31 07:00:00,2026-01-31 07:00:00,731,1,-0.35941423956503044,0.35941423956503044,"{'regressor__model__alpha': 0.0001, 'regressor__model__hidden_layer_sizes': (64, 32), 'regressor__model__learning_rate_init': 0.0001}"
2026-01-31 07:00:00,Naive,7,0.1441068909404141,1.063904954752501,2024-01-31 07:00:00,2026-01-31 07:00:00,2026-01-31 07:00:00,731,1,,,not_applicable
2026-02-01 07:00:00,Decision Tree,7,0.3282740474431455,0.2863495698378134,2024-02-01 07:00:00,2026-02-01 07:00:00,2026-02-01 07:00:00,731,1,-0.42290985504429074,0.42290985504429074,"{'max_depth': None, 'min_samples_leaf': 1, 'min_samples_split': 20}"
2026-02-01 07:00:00,ARX,7,0.3282740474431455,0.3590029932429558,2024-02-01 07:00:00,2026-02-01 07:00:00,2026-02-01 07:00:00,731,1,-0.3032104293734177,0.3032104293734177,{'model__alpha': 0.01}
2026-02-01 07:00:00,Random Forest,7,0.3282740474431455,0.27200835201586954,2024-02-01 07:00:00,2026-02-01 07:00:00,2026-02-01 07:00:00,731,1,-0.28640559026943707,0.28640559026943707,"{'max_depth': 10, 'max_features': 0.5, 'min_samples_leaf': 2, 'n_estimators': 100}"
2026-02-01 07:00:00,Neural Network,7,0.3282740474431455,0.19244700471390852,2024-02-01 07:00:00,2026-02-01 07:00:00,2026-02-01 07:00:00,731,1,-0.35941423956503044,0.35941423956503044,"{'regressor__model__alpha': 0.0001, 'regressor__model__hidden_layer_sizes': (64, 32), 'regressor__model__learning_rate_init': 0.0001}"
2026-02-01 07:00:00,Naive,7,0.3282740474431455,0.1441068909404141,2024-02-01 07:00:00,2026-02-01 07:00:00,2026-02-01 07:00:00,731,1,,,not_applicable
2026-02-02 07:00:00,Decision Tree,7,0.8891887670907388,0.7474557022335537,2024-02-02 07:00:00,2026-02-02 07:00:00,2026-02-02 07:00:00,731,1,-0.42290985504429074,0.42290985504429074,"{'max_depth': None, 'min_samples_leaf': 1, 'min_samples_split': 20}"
2026-02-02 07:00:00,ARX,7,0.8891887670907388,1.0955185160576804,2024-02-02 07:00:00,2026-02-02 07:00:00,2026-02-02 07:00:00,731,1,-0.3032104293734177,0.3032104293734177,{'model__alpha': 0.01}
2026-02-02 07:00:00,Random Forest,7,0.8891887670907388,0.9324397676063628,2024-02-02 07:00:00,2026-02-02 07:00:00,2026-02-02 07:00:00,731,1,-0.28640559026943707,0.28640559026943707,"{'max_depth': 10, 'max_features': 0.5, 'min_samples_leaf': 2, 'n_estimators': 100}"
2026-02-02 07:00:00,Neural Network,7,0.8891887670907388,1.0519242598681773,2024-02-02 07:00:00,2026-02-02 07:00:00,2026-02-02 07:00:00,731,1,-0.35941423956503044,0.35941423956503044,"{'regressor__model__alpha': 0.0001, 'regressor__model__hidden_layer_sizes': (64, 32), 'regressor__model__learning_rate_init': 0.0001}"
2026-02-02 07:00:00,Naive,7,0.8891887670907388,0.3282740474431455,2024-02-02 07:00:00,2026-02-02 07:00:00,2026-02-02 07:00:00,731,1,,,not_applicable
2026-02-03 07:00:00,Decision Tree,7,0.2746013474128929,0.6361893327150285,2024-02-03 07:00:00,2026-02-03 07:00:00,2026-02-03 07:00:00,731,1,-0.42290985504429074,0.42290985504429074,"{'max_depth': None, 'min_samples_leaf': 1, 'min_samples_split': 20}"
2026-02-03 07:00:00,ARX,7,0.2746013474128929,0.4979496688041009,2024-02-03 07:00:00,2026-02-03 07:00:00,2026-02-03 07:00:00,731,1,-0.3032104293734177,0.3032104293734177,{'model__alpha': 0.01}
2026-02-03 07:00:00,Random Forest,7,0.2746013474128929,0.6497667409167669,2024-02-03 07:00:00,2026-02-03 07:00:00,2026-02-03 07:00:00,731,1,-0.28640559026943707,0.28640559026943707,"{'max_depth': 10, 'max_features': 0.5, 'min_samples_leaf': 2, 'n_estimators': 100}"
2026-02-03 07:00:00,Neural Network,7,0.2746013474128929,0.31581685025572337,2024-02-03 07:00:00,2026-02-03 07:00:00,2026-02-03 07:00:00,731,1,-0.35941423956503044,0.35941423956503044,"{'regressor__model__alpha': 0.0001, 'regressor__model__hidden_layer_sizes': (64, 32), 'regressor__model__learning_rate_init': 0.0001}"
2026-02-03 07:00:00,Naive,7,0.2746013474128929,0.8891887670907388,2024-02-03 07:00:00,2026-02-03 07:00:00,2026-02-03 07:00:00,731,1,,,not_applicable
2026-02-04 07:00:00,Decision Tree,7,0.8899040404364496,1.214610868599785,2024-02-04 07:00:00,2026-02-04 07:00:00,2026-02-04 07:00:00,731,1,-0.42290985504429074,0.42290985504429074,"{'max_depth': None, 'min_samples_leaf': 1, 'min_samples_split': 20}"
2026-02-04 07:00:00,ARX,7,0.8899040404364496,1.1150380460812443,2024-02-04 07:00:00,2026-02-04 07:00:00,2026-02-04 07:00:00,731,1,-0.3032104293734177,0.3032104293734177,{'model__alpha': 0.01}
2026-02-04 07:00:00,Random Forest,7,0.8899040404364496,1.0210926521730186,2024-02-04 07:00:00,2026-02-04 07:00:00,2026-02-04 07:00:00,731,1,-0.28640559026943707,0.28640559026943707,"{'max_depth': 10, 'max_features': 0.5, 'min_samples_leaf': 2, 'n_estimators': 100}"
2026-02-04 07:00:00,Neural Network,7,0.8899040404364496,1.1032536362707188,2024-02-04 07:00:00,2026-02-04 07:00:00,2026-02-04 07:00:00,731,1,-0.35941423956503044,0.35941423956503044,"{'regressor__model__alpha': 0.0001, 'regressor__model__hidden_layer_sizes': (64, 32), 'regressor__model__learning_rate_init': 0.0001}"
2026-02-04 07:00:00,Naive,7,0.8899040404364496,0.2746013474128929,2024-02-04 07:00:00,2026-02-04 07:00:00,2026-02-04 07:00:00,731,1,,,not_applicable
2026-02-05 07:00:00,Decision Tree,7,0.6789034504432226,0.7982296209284883,2024-02-05 07:00:00,2026-02-05 07:00:00,2026-02-05 07:00:00,731,1,-0.42290985504429074,0.42290985504429074,"{'max_depth': None, 'min_samples_leaf': 1, 'min_samples_split': 20}"
2026-02-05 07:00:00,ARX,7,0.6789034504432226,0.8670795686662613,2024-02-05 07:00:00,2026-02-05 07:00:00,2026-02-05 07:00:00,731,1,-0.3032104293734177,0.3032104293734177,{'model__alpha': 0.01}
2026-02-05 07:00:00,Random Forest,7,0.6789034504432226,0.866711995995927,2024-02-05 07:00:00,2026-02-05 07:00:00,2026-02-05 07:00:00,731,1,-0.28640559026943707,0.28640559026943707,"{'max_depth': 10, 'max_features': 0.5, 'min_samples_leaf': 2, 'n_estimators': 100}"
2026-02-05 07:00:00,Neural Network,7,0.6789034504432226,0.8708988621864291,2024-02-05 07:00:00,2026-02-05 07:00:00,2026-02-05 07:00:00,731,1,-0.35941423956503044,0.35941423956503044,"{'regressor__model__alpha': 0.0001, 'regressor__model__hidden_layer_sizes': (64, 32), 'regressor__model__learning_rate_init': 0.0001}"
2026-02-05 07:00:00,Naive,7,0.6789034504432226,0.8899040404364496,2024-02-05 07:00:00,2026-02-05 07:00:00,2026-02-05 07:00:00,731,1,,,not_applicable
2026-02-06 07:00:00,Decision Tree,7,1.1930331464803954,1.196519666497627,2024-02-06 07:00:00,2026-02-06 07:00:00,2026-02-06 07:00:00,731,1,-0.42290985504429074,0.42290985504429074,"{'max_depth': None, 'min_samples_leaf': 1, 'min_samples_split': 20}"
2026-02-06 07:00:00,ARX,7,1.1930331464803954,1.3260708726789623,2024-02-06 07:00:00,2026-02-06 07:00:00,2026-02-06 07:00:00,731,1,-0.3032104293734177,0.3032104293734177,{'model__alpha': 0.01}
2026-02-06 07:00:00,Random Forest,7,1.1930331464803954,1.147188077564113,2024-02-06 07:00:00,2026-02-06 07:00:00,2026-02-06 07:00:00,731,1,-0.28640559026943707,0.28640559026943707,"{'max_depth': 10, 'max_features': 0.5, 'min_samples_leaf': 2, 'n_estimators': 100}"
2026-02-06 07:00:00,Neural Network,7,1.1930331464803954,1.3442270469948217,2024-02-06 07:00:00,2026-02-06 07:00:00,2026-02-06 07:00:00,731,1,-0.35941423956503044,0.35941423956503044,"{'regressor__model__alpha': 0.0001, 'regressor__model__hidden_layer_sizes': (64, 32), 'regressor__model__learning_rate_init': 0.0001}"
2026-02-06 07:00:00,Naive,7,1.1930331464803954,0.6789034504432226,2024-02-06 07:00:00,2026-02-06 07:00:00,2026-02-06 07:00:00,731,1,,,not_applicable
2026-02-07 07:00:00,Decision Tree,7,0.4816204817682179,0.8595414099918659,2024-02-07 07:00:00,2026-02-07 07:00:00,2026-02-07 07:00:00,731,1,-0.42290985504429074,0.42290985504429074,"{'max_depth': None, 'min_samples_leaf': 1, 'min_samples_split': 20}"
2026-02-07 07:00:00,ARX,7,0.4816204817682179,0.7712649010855075,2024-02-07 07:00:00,2026-02-07 07:00:00,2026-02-07 07:00:00,731,1,-0.3032104293734177,0.3032104293734177,{'model__alpha': 0.01}
2026-02-07 07:00:00,Random Forest,7,0.4816204817682179,0.8403740580530878,2024-02-07 07:00:00,2026-02-07 07:00:00,2026-02-07 07:00:00,731,1,-0.28640559026943707,0.28640559026943707,"{'max_depth': 10, 'max_features': 0.5, 'min_samples_leaf': 2, 'n_estimators': 100}"
2026-02-07 07:00:00,Neural Network,7,0.4816204817682179,0.8873405113959518,2024-02-07 07:00:00,2026-02-07 07:00:00,2026-02-07 07:00:00,731,1,-0.35941423956503044,0.35941423956503044,"{'regressor__model__alpha': 0.0001, 'regressor__model__hidden_layer_sizes': (64, 32), 'regressor__model__learning_rate_init': 0.0001}"
2026-02-07 07:00:00,Naive,7,0.4816204817682179,1.1930331464803954,2024-02-07 07:00:00,2026-02-07 07:00:00,2026-02-07 07:00:00,731,1,,,not_applicable
2026-02-08 07:00:00,Decision Tree,7,0.21203531540889786,0.9537113694164674,2024-02-08 07:00:00,2026-02-08 07:00:00,2026-02-08 07:00:00,731,1,-0.42290985504429074,0.42290985504429074,"{'max_depth': None, 'min_samples_leaf': 1, 'min_samples_split': 20}"
2026-02-08 07:00:00,ARX,7,0.21203531540889786,0.3150984821927151,2024-02-08 07:00:00,2026-02-08 07:00:00,2026-02-08 07:00:00,731,1,-0.3032104293734177,0.3032104293734177,{'model__alpha': 0.01}
2026-02-08 07:00:00,Random Forest,7,0.21203531540889786,0.5905408432819637,2024-02-08 07:00:00,2026-02-08 07:00:00,2026-02-08 07:00:00,731,1,-0.28640559026943707,0.28640559026943707,"{'max_depth': 10, 'max_features': 0.5, 'min_samples_leaf': 2, 'n_estimators': 100}"
2026-02-08 07:00:00,Neural Network,7,0.21203531540889786,0.18454479958493578,2024-02-08 07:00:00,2026-02-08 07:00:00,2026-02-08 07:00:00,731,1,-0.35941423956503044,0.35941423956503044,"{'regressor__model__alpha': 0.0001, 'regressor__model__hidden_layer_sizes': (64, 32), 'regressor__model__learning_rate_init': 0.0001}"
2026-02-08 07:00:00,Naive,7,0.21203531540889786,0.4816204817682179,2024-02-08 07:00:00,2026-02-08 07:00:00,2026-02-08 07:00:00,731,1,,,not_applicable
2026-02-09 07:00:00,Decision Tree,7,1.4641394694284937,1.6215930929795266,2024-02-09 07:00:00,2026-02-09 07:00:00,2026-02-09 07:00:00,731,1,-0.42290985504429074,0.42290985504429074,"{'max_depth': None, 'min_samples_leaf': 1, 'min_samples_split': 20}"
2026-02-09 07:00:00,ARX,7,1.4641394694284937,1.563076514054755,2024-02-09 07:00:00,2026-02-09 07:00:00,2026-02-09 07:00:00,731,1,-0.3032104293734177,0.3032104293734177,{'model__alpha': 0.01}
2026-02-09 07:00:00,Random Forest,7,1.4641394694284937,1.2649150184425748,2024-02-09 07:00:00,2026-02-09 07:00:00,2026-02-09 07:00:00,731,1,-0.28640559026943707,0.28640559026943707,"{'max_depth': 10, 'max_features': 0.5, 'min_samples_leaf': 2, 'n_estimators': 100}"
2026-02-09 07:00:00,Neural Network,7,1.4641394694284937,1.6782319362868336,2024-02-09 07:00:00,2026-02-09 07:00:00,2026-02-09 07:00:00,731,1,-0.35941423956503044,0.35941423956503044,"{'regressor__model__alpha': 0.0001, 'regressor__model__hidden_layer_sizes': (64, 32), 'regressor__model__learning_rate_init': 0.0001}"
2026-02-09 07:00:00,Naive,7,1.4641394694284937,0.21203531540889786,2024-02-09 07:00:00,2026-02-09 07:00:00,2026-02-09 07:00:00,731,1,,,not_applicable
2026-02-10 07:00:00,Decision Tree,7,1.1074446446430515,1.9747614443985868,2024-02-10 07:00:00,2026-02-10 07:00:00,2026-02-10 07:00:00,731,1,-0.42290985504429074,0.42290985504429074,"{'max_depth': None, 'min_samples_leaf': 1, 'min_samples_split': 20}"
2026-02-10 07:00:00,ARX,7,1.1074446446430515,1.4072965108467312,2024-02-10 07:00:00,2026-02-10 07:00:00,2026-02-10 07:00:00,731,1,-0.3032104293734177,0.3032104293734177,{'model__alpha': 0.01}
2026-02-10 07:00:00,Random Forest,7,1.1074446446430515,1.6091994615914647,2024-02-10 07:00:00,2026-02-10 07:00:00,2026-02-10 07:00:00,731,1,-0.28640559026943707,0.28640559026943707,"{'max_depth': 10, 'max_features': 0.5, 'min_samples_leaf': 2, 'n_estimators': 100}"
2026-02-10 07:00:00,Neural Network,7,1.1074446446430515,1.50367116690562,2024-02-10 07:00:00,2026-02-10 07:00:00,2026-02-10 07:00:00,731,1,-0.35941423956503044,0.35941423956503044,"{'regressor__model__alpha': 0.0001, 'regressor__model__hidden_layer_sizes': (64, 32), 'regressor__model__learning_rate_init': 0.0001}"
2026-02-10 07:00:00,Naive,7,1.1074446446430515,1.4641394694284937,2024-02-10 07:00:00,2026-02-10 07:00:00,2026-02-10 07:00:00,731,1,,,not_applicable
2026-02-11 07:00:00,Decision Tree,7,1.0007347530583306,1.138877302761027,2024-02-11 07:00:00,2026-02-11 07:00:00,2026-02-11 07:00:00,731,1,-0.42290985504429074,0.42290985504429074,"{'max_depth': None, 'min_samples_leaf': 1, 'min_samples_split': 20}"
2026-02-11 07:00:00,ARX,7,1.0007347530583306,1.122537409856436,2024-02-11 07:00:00,2026-02-11 07:00:00,2026-02-11 07:00:00,731,1,-0.3032104293734177,0.3032104293734177,{'model__alpha': 0.01}
2026-02-11 07:00:00,Random Forest,7,1.0007347530583306,1.1552063110004025,2024-02-11 07:00:00,2026-02-11 07:00:00,2026-02-11 07:00:00,731,1,-0.28640559026943707,0.28640559026943707,"{'max_depth': 10, 'max_features': 0.5, 'min_samples_leaf': 2, 'n_estimators': 100}"
2026-02-11 07:00:00,Neural Network,7,1.0007347530583306,1.1971882717399918,2024-02-11 07:00:00,2026-02-11 07:00:00,2026-02-11 07:00:00,731,1,-0.35941423956503044,0.35941423956503044,"{'regressor__model__alpha': 0.0001, 'regressor__model__hidden_layer_sizes': (64, 32), 'regressor__model__learning_rate_init': 0.0001}"
2026-02-11 07:00:00,Naive,7,1.0007347530583306,1.1074446446430515,2024-02-11 07:00:00,2026-02-11 07:00:00,2026-02-11 07:00:00,731,1,,,not_applicable
2026-02-12 07:00:00,Decision Tree,7,0.7280301255923356,0.996556468775287,2024-02-12 07:00:00,2026-02-12 07:00:00,2026-02-12 07:00:00,731,1,-0.42290985504429074,0.42290985504429074,"{'max_depth': None, 'min_samples_leaf': 1, 'min_samples_split': 20}"
2026-02-12 07:00:00,ARX,7,0.7280301255923356,0.8941804762118339,2024-02-12 07:00:00,2026-02-12 07:00:00,2026-02-12 07:00:00,731,1,-0.3032104293734177,0.3032104293734177,{'model__alpha': 0.01}
2026-02-12 07:00:00,Random Forest,7,0.7280301255923356,0.9402709146922574,2024-02-12 07:00:00,2026-02-12 07:00:00,2026-02-12 07:00:00,731,1,-0.28640559026943707,0.28640559026943707,"{'max_depth': 10, 'max_features': 0.5, 'min_samples_leaf': 2, 'n_estimators': 100}"
2026-02-12 07:00:00,Neural Network,7,0.7280301255923356,0.8411653125834746,2024-02-12 07:00:00,2026-02-12 07:00:00,2026-02-12 07:00:00,731,1,-0.35941423956503044,0.35941423956503044,"{'regressor__model__alpha': 0.0001, 'regressor__model__hidden_layer_sizes': (64, 32), 'regressor__model__learning_rate_init': 0.0001}"
2026-02-12 07:00:00,Naive,7,0.7280301255923356,1.0007347530583306,2024-02-12 07:00:00,2026-02-12 07:00:00,2026-02-12 07:00:00,731,1,,,not_applicable
2026-02-13 07:00:00,Decision Tree,7,0.7672129395491265,0.9591967707907036,2024-02-13 07:00:00,2026-02-13 07:00:00,2026-02-13 07:00:00,731,1,-0.42290985504429074,0.42290985504429074,"{'max_depth': None, 'min_samples_leaf': 1, 'min_samples_split': 20}"
2026-02-13 07:00:00,ARX,7,0.7672129395491265,0.8081892426763375,2024-02-13 07:00:00,2026-02-13 07:00:00,2026-02-13 07:00:00,731,1,-0.3032104293734177,0.3032104293734177,{'model__alpha': 0.01}
2026-02-13 07:00:00,Random Forest,7,0.7672129395491265,0.9132239347665663,2024-02-13 07:00:00,2026-02-13 07:00:00,2026-02-13 07:00:00,731,1,-0.28640559026943707,0.28640559026943707,"{'max_depth': 10, 'max_features': 0.5, 'min_samples_leaf': 2, 'n_estimators': 100}"
2026-02-13 07:00:00,Neural Network,7,0.7672129395491265,0.9973065930950066,2024-02-13 07:00:00,2026-02-13 07:00:00,2026-02-13 07:00:00,731,1,-0.35941423956503044,0.35941423956503044,"{'regressor__model__alpha': 0.0001, 'regressor__model__hidden_layer_sizes': (64, 32), 'regressor__model__learning_rate_init': 0.0001}"
2026-02-13 07:00:00,Naive,7,0.7672129395491265,0.7280301255923356,2024-02-13 07:00:00,2026-02-13 07:00:00,2026-02-13 07:00:00,731,1,,,not_applicable
2026-02-14 07:00:00,Decision Tree,7,0.12108584330820914,0.3764018074560245,2024-02-14 07:00:00,2026-02-14 07:00:00,2026-02-14 07:00:00,731,1,-0.42290985504429074,0.42290985504429074,"{'max_depth': None, 'min_samples_leaf': 1, 'min_samples_split': 20}"
2026-02-14 07:00:00,ARX,7,0.12108584330820914,0.6297314628926991,2024-02-14 07:00:00,2026-02-14 07:00:00,2026-02-14 07:00:00,731,1,-0.3032104293734177,0.3032104293734177,{'model__alpha': 0.01}
2026-02-14 07:00:00,Random Forest,7,0.12108584330820914,0.7495858373941526,2024-02-14 07:00:00,2026-02-14 07:00:00,2026-02-14 07:00:00,731,1,-0.28640559026943707,0.28640559026943707,"{'max_depth': 10, 'max_features': 0.5, 'min_samples_leaf': 2, 'n_estimators': 100}"
2026-02-14 07:00:00,Neural Network,7,0.12108584330820914,0.7064087659001472,2024-02-14 07:00:00,2026-02-14 07:00:00,2026-02-14 07:00:00,731,1,-0.35941423956503044,0.35941423956503044,"{'regressor__model__alpha': 0.0001, 'regressor__model__hidden_layer_sizes': (64, 32), 'regressor__model__learning_rate_init': 0.0001}"
2026-02-14 07:00:00,Naive,7,0.12108584330820914,0.7672129395491265,2024-02-14 07:00:00,2026-02-14 07:00:00,2026-02-14 07:00:00,731,1,,,not_applicable
2026-02-15 07:00:00,Decision Tree,7,0.2057869566944805,0.43793656096027544,2024-02-15 07:00:00,2026-02-15 07:00:00,2026-02-15 07:00:00,731,1,-0.42290985504429074,0.42290985504429074,"{'max_depth': None, 'min_samples_leaf': 1, 'min_samples_split': 20}"
2026-02-15 07:00:00,ARX,7,0.2057869566944805,0.4855076862529754,2024-02-15 07:00:00,2026-02-15 07:00:00,2026-02-15 07:00:00,731,1,-0.3032104293734177,0.3032104293734177,{'model__alpha': 0.01}
2026-02-15 07:00:00,Random Forest,7,0.2057869566944805,0.33853461753546554,2024-02-15 07:00:00,2026-02-15 07:00:00,2026-02-15 07:00:00,731,1,-0.28640559026943707,0.28640559026943707,"{'max_depth': 10, 'max_features': 0.5, 'min_samples_leaf': 2, 'n_estimators': 100}"
2026-02-15 07:00:00,Neural Network,7,0.2057869566944805,0.6228151800410885,2024-02-15 07:00:00,2026-02-15 07:00:00,2026-02-15 07:00:00,731,1,-0.35941423956503044,0.35941423956503044,"{'regressor__model__alpha': 0.0001, 'regressor__model__hidden_layer_sizes': (64, 32), 'regressor__model__learning_rate_init': 0.0001}"
2026-02-15 07:00:00,Naive,7,0.2057869566944805,0.12108584330820914,2024-02-15 07:00:00,2026-02-15 07:00:00,2026-02-15 07:00:00,731,1,,,not_applicable
2026-02-16 07:00:00,Decision Tree,7,0.14565346447857752,0.13127903774344174,2024-02-16 07:00:00,2026-02-16 07:00:00,2026-02-16 07:00:00,731,1,-0.42290985504429074,0.42290985504429074,"{'max_depth': None, 'min_samples_leaf': 1, 'min_samples_split': 20}"
2026-02-16 07:00:00,ARX,7,0.14565346447857752,0.058153278058439783,2024-02-16 07:00:00,2026-02-16 07:00:00,2026-02-16 07:00:00,731,1,-0.3032104293734177,0.3032104293734177,{'model__alpha': 0.01}
2026-02-16 07:00:00,Random Forest,7,0.14565346447857752,0.16194969703296735,2024-02-16 07:00:00,2026-02-16 07:00:00,2026-02-16 07:00:00,731,1,-0.28640559026943707,0.28640559026943707,"{'max_depth': 10, 'max_features': 0.5, 'min_samples_leaf': 2, 'n_estimators': 100}"
2026-02-16 07:00:00,Neural Network,7,0.14565346447857752,-0.03540945859635147,2024-02-16 07:00:00,2026-02-16 07:00:00,2026-02-16 07:00:00,731,1,-0.35941423956503044,0.35941423956503044,"{'regressor__model__alpha': 0.0001, 'regressor__model__hidden_layer_sizes': (64, 32), 'regressor__model__learning_rate_init': 0.0001}"
2026-02-16 07:00:00,Naive,7,0.14565346447857752,0.2057869566944805,2024-02-16 07:00:00,2026-02-16 07:00:00,2026-02-16 07:00:00,731,1,,,not_applicable
2026-02-17 07:00:00,Decision Tree,7,0.6849040134864062,0.8953447088868659,2024-02-17 07:00:00,2026-02-17 07:00:00,2026-02-17 07:00:00,731,1,-0.42290985504429074,0.42290985504429074,"{'max_depth': None, 'min_samples_leaf': 1, 'min_samples_split': 20}"
2026-02-17 07:00:00,ARX,7,0.6849040134864062,1.086930364600162,2024-02-17 07:00:00,2026-02-17 07:00:00,2026-02-17 07:00:00,731,1,-0.3032104293734177,0.3032104293734177,{'model__alpha': 0.01}
2026-02-17 07:00:00,Random Forest,7,0.6849040134864062,1.0262117015220527,2024-02-17 07:00:00,2026-02-17 07:00:00,2026-02-17 07:00:00,731,1,-0.28640559026943707,0.28640559026943707,"{'max_depth': 10, 'max_features': 0.5, 'min_samples_leaf': 2, 'n_estimators': 100}"
2026-02-17 07:00:00,Neural Network,7,0.6849040134864062,0.9182858656966519,2024-02-17 07:00:00,2026-02-17 07:00:00,2026-02-17 07:00:00,731,1,-0.35941423956503044,0.35941423956503044,"{'regressor__model__alpha': 0.0001, 'regressor__model__hidden_layer_sizes': (64, 32), 'regressor__model__learning_rate_init': 0.0001}"
2026-02-17 07:00:00,Naive,7,0.6849040134864062,0.14565346447857752,2024-02-17 07:00:00,2026-02-17 07:00:00,2026-02-17 07:00:00,731,1,,,not_applicable
2026-02-18 07:00:00,Decision Tree,7,1.6646586903885807,1.6926270174942704,2024-02-18 07:00:00,2026-02-18 07:00:00,2026-02-18 07:00:00,731,1,-0.42290985504429074,0.42290985504429074,"{'max_depth': None, 'min_samples_leaf': 1, 'min_samples_split': 20}"
2026-02-18 07:00:00,ARX,7,1.6646586903885807,1.3237709645868845,2024-02-18 07:00:00,2026-02-18 07:00:00,2026-02-18 07:00:00,731,1,-0.3032104293734177,0.3032104293734177,{'model__alpha': 0.01}
2026-02-18 07:00:00,Random Forest,7,1.6646586903885807,1.2323082139490091,2024-02-18 07:00:00,2026-02-18 07:00:00,2026-02-18 07:00:00,731,1,-0.28640559026943707,0.28640559026943707,"{'max_depth': 10, 'max_features': 0.5, 'min_samples_leaf': 2, 'n_estimators': 100}"
2026-02-18 07:00:00,Neural Network,7,1.6646586903885807,1.1653493101047632,2024-02-18 07:00:00,2026-02-18 07:00:00,2026-02-18 07:00:00,731,1,-0.35941423956503044,0.35941423956503044,"{'regressor__model__alpha': 0.0001, 'regressor__model__hidden_layer_sizes': (64, 32), 'regressor__model__learning_rate_init': 0.0001}"
2026-02-18 07:00:00,Naive,7,1.6646586903885807,0.6849040134864062,2024-02-18 07:00:00,2026-02-18 07:00:00,2026-02-18 07:00:00,731,1,,,not_applicable
2026-02-19 07:00:00,Decision Tree,7,-0.001032007536229909,0.45911206995702836,2024-02-19 07:00:00,2026-02-19 07:00:00,2026-02-19 07:00:00,731,1,-0.42290985504429074,0.42290985504429074,"{'max_depth': None, 'min_samples_leaf': 1, 'min_samples_split': 20}"
2026-02-19 07:00:00,ARX,7,-0.001032007536229909,0.5477713938569044,2024-02-19 07:00:00,2026-02-19 07:00:00,2026-02-19 07:00:00,731,1,-0.3032104293734177,0.3032104293734177,{'model__alpha': 0.01}
2026-02-19 07:00:00,Random Forest,7,-0.001032007536229909,0.7379009534071136,2024-02-19 07:00:00,2026-02-19 07:00:00,2026-02-19 07:00:00,731,1,-0.28640559026943707,0.28640559026943707,"{'max_depth': 10, 'max_features': 0.5, 'min_samples_leaf': 2, 'n_estimators': 100}"
2026-02-19 07:00:00,Neural Network,7,-0.001032007536229909,0.5542479989211211,2024-02-19 07:00:00,2026-02-19 07:00:00,2026-02-19 07:00:00,731,1,-0.35941423956503044,0.35941423956503044,"{'regressor__model__alpha': 0.0001, 'regressor__model__hidden_layer_sizes': (64, 32), 'regressor__model__learning_rate_init': 0.0001}"
2026-02-19 07:00:00,Naive,7,-0.001032007536229909,1.6646586903885807,2024-02-19 07:00:00,2026-02-19 07:00:00,2026-02-19 07:00:00,731,1,,,not_applicable
2026-02-20 07:00:00,Decision Tree,7,0.6717808405655519,1.0232424974655638,2024-02-20 07:00:00,2026-02-20 07:00:00,2026-02-20 07:00:00,731,1,-0.42290985504429074,0.42290985504429074,"{'max_depth': None, 'min_samples_leaf': 1, 'min_samples_split': 20}"
2026-02-20 07:00:00,ARX,7,0.6717808405655519,0.7952314884431539,2024-02-20 07:00:00,2026-02-20 07:00:00,2026-02-20 07:00:00,731,1,-0.3032104293734177,0.3032104293734177,{'model__alpha': 0.01}
2026-02-20 07:00:00,Random Forest,7,0.6717808405655519,0.7892314258030582,2024-02-20 07:00:00,2026-02-20 07:00:00,2026-02-20 07:00:00,731,1,-0.28640559026943707,0.28640559026943707,"{'max_depth': 10, 'max_features': 0.5, 'min_samples_leaf': 2, 'n_estimators': 100}"
2026-02-20 07:00:00,Neural Network,7,0.6717808405655519,0.9829043469030143,2024-02-20 07:00:00,2026-02-20 07:00:00,2026-02-20 07:00:00,731,1,-0.35941423956503044,0.35941423956503044,"{'regressor__model__alpha': 0.0001, 'regressor__model__hidden_layer_sizes': (64, 32), 'regressor__model__learning_rate_init': 0.0001}"
2026-02-20 07:00:00,Naive,7,0.6717808405655519,-0.001032007536229909,2024-02-20 07:00:00,2026-02-20 07:00:00,2026-02-20 07:00:00,731,1,,,not_applicable
2026-02-21 07:00:00,Decision Tree,7,-1.052243067840894,-1.5856281544810384,2024-02-21 07:00:00,2026-02-21 07:00:00,2026-02-21 07:00:00,731,1,-0.42290985504429074,0.42290985504429074,"{'max_depth': None, 'min_samples_leaf': 1, 'min_samples_split': 20}"
2026-02-21 07:00:00,ARX,7,-1.052243067840894,-1.0405629866349326,2024-02-21 07:00:00,2026-02-21 07:00:00,2026-02-21 07:00:00,731,1,-0.3032104293734177,0.3032104293734177,{'model__alpha': 0.01}
2026-02-21 07:00:00,Random Forest,7,-1.052243067840894,-0.7033171419365865,2024-02-21 07:00:00,2026-02-21 07:00:00,2026-02-21 07:00:00,731,1,-0.28640559026943707,0.28640559026943707,"{'max_depth': 10, 'max_features': 0.5, 'min_samples_leaf': 2, 'n_estimators': 100}"
2026-02-21 07:00:00,Neural Network,7,-1.052243067840894,-0.11534006947204628,2024-02-21 07:00:00,2026-02-21 07:00:00,2026-02-21 07:00:00,731,1,-0.35941423956503044,0.35941423956503044,"{'regressor__model__alpha': 0.0001, 'regressor__model__hidden_layer_sizes': (64, 32), 'regressor__model__learning_rate_init': 0.0001}"
2026-02-21 07:00:00,Naive,7,-1.052243067840894,0.6717808405655519,2024-02-21 07:00:00,2026-02-21 07:00:00,2026-02-21 07:00:00,731,1,,,not_applicable
2026-02-22 07:00:00,Decision Tree,7,-1.1504445001836292,-1.5607968069726177,2024-02-22 07:00:00,2026-02-22 07:00:00,2026-02-22 07:00:00,731,1,-0.42290985504429074,0.42290985504429074,"{'max_depth': None, 'min_samples_leaf': 1, 'min_samples_split': 20}"
2026-02-22 07:00:00,ARX,7,-1.1504445001836292,-0.7790137809012672,2024-02-22 07:00:00,2026-02-22 07:00:00,2026-02-22 07:00:00,731,1,-0.3032104293734177,0.3032104293734177,{'model__alpha': 0.01}
2026-02-22 07:00:00,Random Forest,7,-1.1504445001836292,-0.9021929365956567,2024-02-22 07:00:00,2026-02-22 07:00:00,2026-02-22 07:00:00,731,1,-0.28640559026943707,0.28640559026943707,"{'max_depth': 10, 'max_features': 0.5, 'min_samples_leaf': 2, 'n_estimators': 100}"
2026-02-22 07:00:00,Neural Network,7,-1.1504445001836292,-0.5471289791260916,2024-02-22 07:00:00,2026-02-22 07:00:00,2026-02-22 07:00:00,731,1,-0.35941423956503044,0.35941423956503044,"{'regressor__model__alpha': 0.0001, 'regressor__model__hidden_layer_sizes': (64, 32), 'regressor__model__learning_rate_init': 0.0001}"
2026-02-22 07:00:00,Naive,7,-1.1504445001836292,-1.052243067840894,2024-02-22 07:00:00,2026-02-22 07:00:00,2026-02-22 07:00:00,731,1,,,not_applicable
2026-02-23 07:00:00,Decision Tree,7,0.19364047098090412,-0.5729397609635467,2024-02-23 07:00:00,2026-02-23 07:00:00,2026-02-23 07:00:00,731,1,-0.42290985504429074,0.42290985504429074,"{'max_depth': None, 'min_samples_leaf': 1, 'min_samples_split': 20}"
2026-02-23 07:00:00,ARX,7,0.19364047098090412,-0.16550390977620166,2024-02-23 07:00:00,2026-02-23 07:00:00,2026-02-23 07:00:00,731,1,-0.3032104293734177,0.3032104293734177,{'model__alpha': 0.01}
2026-02-23 07:00:00,Random Forest,7,0.19364047098090412,-0.09175148707439122,2024-02-23 07:00:00,2026-02-23 07:00:00,2026-02-23 07:00:00,731,1,-0.28640559026943707,0.28640559026943707,"{'max_depth': 10, 'max_features': 0.5, 'min_samples_leaf': 2, 'n_estimators': 100}"
2026-02-23 07:00:00,Neural Network,7,0.19364047098090412,0.19674862193363735,2024-02-23 07:00:00,2026-02-23 07:00:00,2026-02-23 07:00:00,731,1,-0.35941423956503044,0.35941423956503044,"{'regressor__model__alpha': 0.0001, 'regressor__model__hidden_layer_sizes': (64, 32), 'regressor__model__learning_rate_init': 0.0001}"
2026-02-23 07:00:00,Naive,7,0.19364047098090412,-1.1504445001836292,2024-02-23 07:00:00,2026-02-23 07:00:00,2026-02-23 07:00:00,731,1,,,not_applicable
2026-02-24 07:00:00,Decision Tree,7,1.077147721175678,1.5258738206737223,2024-02-24 07:00:00,2026-02-24 07:00:00,2026-02-24 07:00:00,731,1,-0.42290985504429074,0.42290985504429074,"{'max_depth': None, 'min_samples_leaf': 1, 'min_samples_split': 20}"
2026-02-24 07:00:00,ARX,7,1.077147721175678,1.1748931197089652,2024-02-24 07:00:00,2026-02-24 07:00:00,2026-02-24 07:00:00,731,1,-0.3032104293734177,0.3032104293734177,{'model__alpha': 0.01}
2026-02-24 07:00:00,Random Forest,7,1.077147721175678,0.9986536264094721,2024-02-24 07:00:00,2026-02-24 07:00:00,2026-02-24 07:00:00,731,1,-0.28640559026943707,0.28640559026943707,"{'max_depth': 10, 'max_features': 0.5, 'min_samples_leaf': 2, 'n_estimators': 100}"
2026-02-24 07:00:00,Neural Network,7,1.077147721175678,1.4201947251630298,2024-02-24 07:00:00,2026-02-24 07:00:00,2026-02-24 07:00:00,731,1,-0.35941423956503044,0.35941423956503044,"{'regressor__model__alpha': 0.0001, 'regressor__model__hidden_layer_sizes': (64, 32), 'regressor__model__learning_rate_init': 0.0001}"
2026-02-24 07:00:00,Naive,7,1.077147721175678,0.19364047098090412,2024-02-24 07:00:00,2026-02-24 07:00:00,2026-02-24 07:00:00,731,1,,,not_applicable
2026-02-25 07:00:00,Decision Tree,7,1.0344001207367401,1.9654804228416822,2024-02-25 07:00:00,2026-02-25 07:00:00,2026-02-25 07:00:00,731,1,-0.42290985504429074,0.42290985504429074,"{'max_depth': None, 'min_samples_leaf': 1, 'min_samples_split': 20}"
2026-02-25 07:00:00,ARX,7,1.0344001207367401,1.400352505423768,2024-02-25 07:00:00,2026-02-25 07:00:00,2026-02-25 07:00:00,731,1,-0.3032104293734177,0.3032104293734177,{'model__alpha': 0.01}
2026-02-25 07:00:00,Random Forest,7,1.0344001207367401,1.3044711772136333,2024-02-25 07:00:00,2026-02-25 07:00:00,2026-02-25 07:00:00,731,1,-0.28640559026943707,0.28640559026943707,"{'max_depth': 10, 'max_features': 0.5, 'min_samples_leaf': 2, 'n_estimators': 100}"
2026-02-25 07:00:00,Neural Network,7,1.0344001207367401,1.3416960994453726,2024-02-25 07:00:00,2026-02-25 07:00:00,2026-02-25 07:00:00,731,1,-0.35941423956503044,0.35941423956503044,"{'regressor__model__alpha': 0.0001, 'regressor__model__hidden_layer_sizes': (64, 32), 'regressor__model__learning_rate_init': 0.0001}"
2026-02-25 07:00:00,Naive,7,1.0344001207367401,1.077147721175678,2024-02-25 07:00:00,2026-02-25 07:00:00,2026-02-25 07:00:00,731,1,,,not_applicable
2026-02-26 07:00:00,Decision Tree,7,0.5784936459940186,0.5299421138325602,2024-02-26 07:00:00,2026-02-26 07:00:00,2026-02-26 07:00:00,731,1,-0.42290985504429074,0.42290985504429074,"{'max_depth': None, 'min_samples_leaf': 1, 'min_samples_split': 20}"
2026-02-26 07:00:00,ARX,7,0.5784936459940186,0.2199138749842631,2024-02-26 07:00:00,2026-02-26 07:00:00,2026-02-26 07:00:00,731,1,-0.3032104293734177,0.3032104293734177,{'model__alpha': 0.01}
2026-02-26 07:00:00,Random Forest,7,0.5784936459940186,0.26604329975952373,2024-02-26 07:00:00,2026-02-26 07:00:00,2026-02-26 07:00:00,731,1,-0.28640559026943707,0.28640559026943707,"{'max_depth': 10, 'max_features': 0.5, 'min_samples_leaf': 2, 'n_estimators': 100}"
2026-02-26 07:00:00,Neural Network,7,0.5784936459940186,0.5787656549392112,2024-02-26 07:00:00,2026-02-26 07:00:00,2026-02-26 07:00:00,731,1,-0.35941423956503044,0.35941423956503044,"{'regressor__model__alpha': 0.0001, 'regressor__model__hidden_layer_sizes': (64, 32), 'regressor__model__learning_rate_init': 0.0001}"
2026-02-26 07:00:00,Naive,7,0.5784936459940186,1.0344001207367401,2024-02-26 07:00:00,2026-02-26 07:00:00,2026-02-26 07:00:00,731,1,,,not_applicable
2026-02-27 07:00:00,Decision Tree,7,-0.03178631155208518,0.7905470079065623,2024-02-27 07:00:00,2026-02-27 07:00:00,2026-02-27 07:00:00,731,1,-0.42290985504429074,0.42290985504429074,"{'max_depth': None, 'min_samples_leaf': 1, 'min_samples_split': 20}"
2026-02-27 07:00:00,ARX,7,-0.03178631155208518,0.0747928253152767,2024-02-27 07:00:00,2026-02-27 07:00:00,2026-02-27 07:00:00,731,1,-0.3032104293734177,0.3032104293734177,{'model__alpha': 0.01}
2026-02-27 07:00:00,Random Forest,7,-0.03178631155208518,0.176390065260191,2024-02-27 07:00:00,2026-02-27 07:00:00,2026-02-27 07:00:00,731,1,-0.28640559026943707,0.28640559026943707,"{'max_depth': 10, 'max_features': 0.5, 'min_samples_leaf': 2, 'n_estimators': 100}"
2026-02-27 07:00:00,Neural Network,7,-0.03178631155208518,0.44021539439017987,2024-02-27 07:00:00,2026-02-27 07:00:00,2026-02-27 07:00:00,731,1,-0.35941423956503044,0.35941423956503044,"{'regressor__model__alpha': 0.0001, 'regressor__model__hidden_layer_sizes': (64, 32), 'regressor__model__learning_rate_init': 0.0001}"
2026-02-27 07:00:00,Naive,7,-0.03178631155208518,0.5784936459940186,2024-02-27 07:00:00,2026-02-27 07:00:00,2026-02-27 07:00:00,731,1,,,not_applicable
2026-02-28 07:00:00,Decision Tree,7,-0.3875792175329875,-0.6055277456796635,2024-02-28 07:00:00,2026-02-28 07:00:00,2026-02-28 07:00:00,731,1,-0.42290985504429074,0.42290985504429074,"{'max_depth': None, 'min_samples_leaf': 1, 'min_samples_split': 20}"
2026-02-28 07:00:00,ARX,7,-0.3875792175329875,-0.2590902278398263,2024-02-28 07:00:00,2026-02-28 07:00:00,2026-02-28 07:00:00,731,1,-0.3032104293734177,0.3032104293734177,{'model__alpha': 0.01}
2026-02-28 07:00:00,Random Forest,7,-0.3875792175329875,-0.0156361666463561,2024-02-28 07:00:00,2026-02-28 07:00:00,2026-02-28 07:00:00,731,1,-0.28640559026943707,0.28640559026943707,"{'max_depth': 10, 'max_features': 0.5, 'min_samples_leaf': 2, 'n_estimators': 100}"
2026-02-28 07:00:00,Neural Network,7,-0.3875792175329875,-0.30109573875107665,2024-02-28 07:00:00,2026-02-28 07:00:00,2026-02-28 07:00:00,731,1,-0.35941423956503044,0.35941423956503044,"{'regressor__model__alpha': 0.0001, 'regressor__model__hidden_layer_sizes': (64, 32), 'regressor__model__learning_rate_init': 0.0001}"
2026-02-28 07:00:00,Naive,7,-0.3875792175329875,-0.03178631155208518,2024-02-28 07:00:00,2026-02-28 07:00:00,2026-02-28 07:00:00,731,1,,,not_applicable
2026-03-01 07:00:00,Decision Tree,7,-0.6804219903110336,-0.7658192463122211,2024-03-01 07:00:00,2026-03-01 07:00:00,2026-03-01 07:00:00,730,1,-0.42290985504429074,0.42290985504429074,"{'max_depth': None, 'min_samples_leaf': 1, 'min_samples_split': 20}"
2026-03-01 07:00:00,ARX,7,-0.6804219903110336,-0.5481429559972615,2024-03-01 07:00:00,2026-03-01 07:00:00,2026-03-01 07:00:00,730,1,-0.3032104293734177,0.3032104293734177,{'model__alpha': 0.01}
2026-03-01 07:00:00,Random Forest,7,-0.6804219903110336,-0.8157462559272891,2024-03-01 07:00:00,2026-03-01 07:00:00,2026-03-01 07:00:00,730,1,-0.28640559026943707,0.28640559026943707,"{'max_depth': 10, 'max_features': 0.5, 'min_samples_leaf': 2, 'n_estimators': 100}"
2026-03-01 07:00:00,Neural Network,7,-0.6804219903110336,-0.18176210173352908,2024-03-01 07:00:00,2026-03-01 07:00:00,2026-03-01 07:00:00,730,1,-0.35941423956503044,0.35941423956503044,"{'regressor__model__alpha': 0.0001, 'regressor__model__hidden_layer_sizes': (64, 32), 'regressor__model__learning_rate_init': 0.0001}"
2026-03-01 07:00:00,Naive,7,-0.6804219903110336,-0.3875792175329875,2024-03-01 07:00:00,2026-03-01 07:00:00,2026-03-01 07:00:00,730,1,,,not_applicable
2026-03-02 07:00:00,Decision Tree,7,1.1731433676196423,0.43209272659686465,2024-03-02 07:00:00,2026-03-02 07:00:00,2026-03-02 07:00:00,730,1,-0.42290985504429074,0.42290985504429074,"{'max_depth': None, 'min_samples_leaf': 1, 'min_samples_split': 20}"
2026-03-02 07:00:00,ARX,7,1.1731433676196423,0.6620912787716017,2024-03-02 07:00:00,2026-03-02 07:00:00,2026-03-02 07:00:00,730,1,-0.3032104293734177,0.3032104293734177,{'model__alpha': 0.01}
2026-03-02 07:00:00,Random Forest,7,1.1731433676196423,0.5284464099067083,2024-03-02 07:00:00,2026-03-02 07:00:00,2026-03-02 07:00:00,730,1,-0.28640559026943707,0.28640559026943707,"{'max_depth': 10, 'max_features': 0.5, 'min_samples_leaf': 2, 'n_estimators': 100}"
2026-03-02 07:00:00,Neural Network,7,1.1731433676196423,0.853143467415334,2024-03-02 07:00:00,2026-03-02 07:00:00,2026-03-02 07:00:00,730,1,-0.35941423956503044,0.35941423956503044,"{'regressor__model__alpha': 0.0001, 'regressor__model__hidden_layer_sizes': (64, 32), 'regressor__model__learning_rate_init': 0.0001}"
2026-03-02 07:00:00,Naive,7,1.1731433676196423,-0.6804219903110336,2024-03-02 07:00:00,2026-03-02 07:00:00,2026-03-02 07:00:00,730,1,,,not_applicable
2026-03-03 07:00:00,Decision Tree,7,1.4398449266915823,1.449498819149211,2024-03-03 07:00:00,2026-03-03 07:00:00,2026-03-03 07:00:00,730,1,-0.42290985504429074,0.42290985504429074,"{'max_depth': None, 'min_samples_leaf': 1, 'min_samples_split': 20}"
2026-03-03 07:00:00,ARX,7,1.4398449266915823,1.2276071862170215,2024-03-03 07:00:00,2026-03-03 07:00:00,2026-03-03 07:00:00,730,1,-0.3032104293734177,0.3032104293734177,{'model__alpha': 0.01}
2026-03-03 07:00:00,Random Forest,7,1.4398449266915823,1.2779879772605691,2024-03-03 07:00:00,2026-03-03 07:00:00,2026-03-03 07:00:00,730,1,-0.28640559026943707,0.28640559026943707,"{'max_depth': 10, 'max_features': 0.5, 'min_samples_leaf': 2, 'n_estimators': 100}"
2026-03-03 07:00:00,Neural Network,7,1.4398449266915823,1.6103359889658857,2024-03-03 07:00:00,2026-03-03 07:00:00,2026-03-03 07:00:00,730,1,-0.35941423956503044,0.35941423956503044,"{'regressor__model__alpha': 0.0001, 'regressor__model__hidden_layer_sizes': (64, 32), 'regressor__model__learning_rate_init': 0.0001}"
2026-03-03 07:00:00,Naive,7,1.4398449266915823,1.1731433676196423,2024-03-03 07:00:00,2026-03-03 07:00:00,2026-03-03 07:00:00,730,1,,,not_applicable
2026-03-04 07:00:00,Decision Tree,7,2.373019752092701,1.259334036076987,2024-03-04 07:00:00,2026-03-04 07:00:00,2026-03-04 07:00:00,730,1,-0.42290985504429074,0.42290985504429074,"{'max_depth': None, 'min_samples_leaf': 1, 'min_samples_split': 20}"
2026-03-04 07:00:00,ARX,7,2.373019752092701,1.5301098319231383,2024-03-04 07:00:00,2026-03-04 07:00:00,2026-03-04 07:00:00,730,1,-0.3032104293734177,0.3032104293734177,{'model__alpha': 0.01}
2026-03-04 07:00:00,Random Forest,7,2.373019752092701,1.3175642566620107,2024-03-04 07:00:00,2026-03-04 07:00:00,2026-03-04 07:00:00,730,1,-0.28640559026943707,0.28640559026943707,"{'max_depth': 10, 'max_features': 0.5, 'min_samples_leaf': 2, 'n_estimators': 100}"
2026-03-04 07:00:00,Neural Network,7,2.373019752092701,1.5108027966246909,2024-03-04 07:00:00,2026-03-04 07:00:00,2026-03-04 07:00:00,730,1,-0.35941423956503044,0.35941423956503044,"{'regressor__model__alpha': 0.0001, 'regressor__model__hidden_layer_sizes': (64, 32), 'regressor__model__learning_rate_init': 0.0001}"
2026-03-04 07:00:00,Naive,7,2.373019752092701,1.4398449266915823,2024-03-04 07:00:00,2026-03-04 07:00:00,2026-03-04 07:00:00,730,1,,,not_applicable
2026-03-05 07:00:00,Decision Tree,7,1.6687619141157202,1.148376140525175,2024-03-05 07:00:00,2026-03-05 07:00:00,2026-03-05 07:00:00,730,1,-0.42290985504429074,0.42290985504429074,"{'max_depth': None, 'min_samples_leaf': 1, 'min_samples_split': 20}"
2026-03-05 07:00:00,ARX,7,1.6687619141157202,1.405146706048322,2024-03-05 07:00:00,2026-03-05 07:00:00,2026-03-05 07:00:00,730,1,-0.3032104293734177,0.3032104293734177,{'model__alpha': 0.01}
2026-03-05 07:00:00,Random Forest,7,1.6687619141157202,1.4556580133423094,2024-03-05 07:00:00,2026-03-05 07:00:00,2026-03-05 07:00:00,730,1,-0.28640559026943707,0.28640559026943707,"{'max_depth': 10, 'max_features': 0.5, 'min_samples_leaf': 2, 'n_estimators': 100}"
2026-03-05 07:00:00,Neural Network,7,1.6687619141157202,2.061207715736007,2024-03-05 07:00:00,2026-03-05 07:00:00,2026-03-05 07:00:00,730,1,-0.35941423956503044,0.35941423956503044,"{'regressor__model__alpha': 0.0001, 'regressor__model__hidden_layer_sizes': (64, 32), 'regressor__model__learning_rate_init': 0.0001}"
2026-03-05 07:00:00,Naive,7,1.6687619141157202,2.373019752092701,2024-03-05 07:00:00,2026-03-05 07:00:00,2026-03-05 07:00:00,730,1,,,not_applicable
2026-03-06 07:00:00,Decision Tree,7,1.6826381922604108,1.2336832078256719,2024-03-06 07:00:00,2026-03-06 07:00:00,2026-03-06 07:00:00,730,1,-0.42290985504429074,0.42290985504429074,"{'max_depth': None, 'min_samples_leaf': 1, 'min_samples_split': 20}"
2026-03-06 07:00:00,ARX,7,1.6826381922604108,1.3415857746280924,2024-03-06 07:00:00,2026-03-06 07:00:00,2026-03-06 07:00:00,730,1,-0.3032104293734177,0.3032104293734177,{'model__alpha': 0.01}
2026-03-06 07:00:00,Random Forest,7,1.6826381922604108,1.4477738824696684,2024-03-06 07:00:00,2026-03-06 07:00:00,2026-03-06 07:00:00,730,1,-0.28640559026943707,0.28640559026943707,"{'max_depth': 10, 'max_features': 0.5, 'min_samples_leaf': 2, 'n_estimators': 100}"
2026-03-06 07:00:00,Neural Network,7,1.6826381922604108,1.2171394317624118,2024-03-06 07:00:00,2026-03-06 07:00:00,2026-03-06 07:00:00,730,1,-0.35941423956503044,0.35941423956503044,"{'regressor__model__alpha': 0.0001, 'regressor__model__hidden_layer_sizes': (64, 32), 'regressor__model__learning_rate_init': 0.0001}"
2026-03-06 07:00:00,Naive,7,1.6826381922604108,1.6687619141157202,2024-03-06 07:00:00,2026-03-06 07:00:00,2026-03-06 07:00:00,730,1,,,not_applicable
2026-03-07 07:00:00,Decision Tree,7,1.0025690005460746,0.339087492759177,2024-03-07 07:00:00,2026-03-07 07:00:00,2026-03-07 07:00:00,730,1,-0.42290985504429074,0.42290985504429074,"{'max_depth': None, 'min_samples_leaf': 1, 'min_samples_split': 20}"
2026-03-07 07:00:00,ARX,7,1.0025690005460746,0.8562571035926094,2024-03-07 07:00:00,2026-03-07 07:00:00,2026-03-07 07:00:00,730,1,-0.3032104293734177,0.3032104293734177,{'model__alpha': 0.01}
2026-03-07 07:00:00,Random Forest,7,1.0025690005460746,0.8296946516070755,2024-03-07 07:00:00,2026-03-07 07:00:00,2026-03-07 07:00:00,730,1,-0.28640559026943707,0.28640559026943707,"{'max_depth': 10, 'max_features': 0.5, 'min_samples_leaf': 2, 'n_estimators': 100}"
2026-03-07 07:00:00,Neural Network,7,1.0025690005460746,1.3134449014601202,2024-03-07 07:00:00,2026-03-07 07:00:00,2026-03-07 07:00:00,730,1,-0.35941423956503044,0.35941423956503044,"{'regressor__model__alpha': 0.0001, 'regressor__model__hidden_layer_sizes': (64, 32), 'regressor__model__learning_rate_init': 0.0001}"
2026-03-07 07:00:00,Naive,7,1.0025690005460746,1.6826381922604108,2024-03-07 07:00:00,2026-03-07 07:00:00,2026-03-07 07:00:00,730,1,,,not_applicable
2026-03-08 07:00:00,Decision Tree,7,0.7343487573824505,-0.6903524376247078,2024-03-08 07:00:00,2026-03-08 07:00:00,2026-03-08 07:00:00,730,1,-0.42290985504429074,0.42290985504429074,"{'max_depth': None, 'min_samples_leaf': 1, 'min_samples_split': 20}"
2026-03-08 07:00:00,ARX,7,0.7343487573824505,0.728796559369675,2024-03-08 07:00:00,2026-03-08 07:00:00,2026-03-08 07:00:00,730,1,-0.3032104293734177,0.3032104293734177,{'model__alpha': 0.01}
2026-03-08 07:00:00,Random Forest,7,0.7343487573824505,0.431456468485834,2024-03-08 07:00:00,2026-03-08 07:00:00,2026-03-08 07:00:00,730,1,-0.28640559026943707,0.28640559026943707,"{'max_depth': 10, 'max_features': 0.5, 'min_samples_leaf': 2, 'n_estimators': 100}"
2026-03-08 07:00:00,Neural Network,7,0.7343487573824505,0.9232467623924692,2024-03-08 07:00:00,2026-03-08 07:00:00,2026-03-08 07:00:00,730,1,-0.35941423956503044,0.35941423956503044,"{'regressor__model__alpha': 0.0001, 'regressor__model__hidden_layer_sizes': (64, 32), 'regressor__model__learning_rate_init': 0.0001}"
2026-03-08 07:00:00,Naive,7,0.7343487573824505,1.0025690005460746,2024-03-08 07:00:00,2026-03-08 07:00:00,2026-03-08 07:00:00,730,1,,,not_applicable
2026-03-09 07:00:00,Decision Tree,7,1.821566700621419,1.276708954025753,2024-03-09 07:00:00,2026-03-09 07:00:00,2026-03-09 07:00:00,730,1,-0.42290985504429074,0.42290985504429074,"{'max_depth': None, 'min_samples_leaf': 1, 'min_samples_split': 20}"
2026-03-09 07:00:00,ARX,7,1.821566700621419,1.6451937672774974,2024-03-09 07:00:00,2026-03-09 07:00:00,2026-03-09 07:00:00,730,1,-0.3032104293734177,0.3032104293734177,{'model__alpha': 0.01}
2026-03-09 07:00:00,Random Forest,7,1.821566700621419,1.299100896226531,2024-03-09 07:00:00,2026-03-09 07:00:00,2026-03-09 07:00:00,730,1,-0.28640559026943707,0.28640559026943707,"{'max_depth': 10, 'max_features': 0.5, 'min_samples_leaf': 2, 'n_estimators': 100}"
2026-03-09 07:00:00,Neural Network,7,1.821566700621419,1.1898091549572287,2024-03-09 07:00:00,2026-03-09 07:00:00,2026-03-09 07:00:00,730,1,-0.35941423956503044,0.35941423956503044,"{'regressor__model__alpha': 0.0001, 'regressor__model__hidden_layer_sizes': (64, 32), 'regressor__model__learning_rate_init': 0.0001}"
2026-03-09 07:00:00,Naive,7,1.821566700621419,0.7343487573824505,2024-03-09 07:00:00,2026-03-09 07:00:00,2026-03-09 07:00:00,730,1,,,not_applicable
2026-03-10 07:00:00,Decision Tree,7,1.7099632488423968,1.6172109516057223,2024-03-10 07:00:00,2026-03-10 07:00:00,2026-03-10 07:00:00,730,1,-0.42290985504429074,0.42290985504429074,"{'max_depth': None, 'min_samples_leaf': 1, 'min_samples_split': 20}"
2026-03-10 07:00:00,ARX,7,1.7099632488423968,1.837016838819488,2024-03-10 07:00:00,2026-03-10 07:00:00,2026-03-10 07:00:00,730,1,-0.3032104293734177,0.3032104293734177,{'model__alpha': 0.01}
2026-03-10 07:00:00,Random Forest,7,1.7099632488423968,1.605388520777943,2024-03-10 07:00:00,2026-03-10 07:00:00,2026-03-10 07:00:00,730,1,-0.28640559026943707,0.28640559026943707,"{'max_depth': 10, 'max_features': 0.5, 'min_samples_leaf': 2, 'n_estimators': 100}"
2026-03-10 07:00:00,Neural Network,7,1.7099632488423968,1.604366428529031,2024-03-10 07:00:00,2026-03-10 07:00:00,2026-03-10 07:00:00,730,1,-0.35941423956503044,0.35941423956503044,"{'regressor__model__alpha': 0.0001, 'regressor__model__hidden_layer_sizes': (64, 32), 'regressor__model__learning_rate_init': 0.0001}"
2026-03-10 07:00:00,Naive,7,1.7099632488423968,1.821566700621419,2024-03-10 07:00:00,2026-03-10 07:00:00,2026-03-10 07:00:00,730,1,,,not_applicable
2026-03-11 07:00:00,Decision Tree,7,-0.2680569632312273,0.5840570710478452,2024-03-11 07:00:00,2026-03-11 07:00:00,2026-03-11 07:00:00,730,1,-0.42290985504429074,0.42290985504429074,"{'max_depth': None, 'min_samples_leaf': 1, 'min_samples_split': 20}"
2026-03-11 07:00:00,ARX,7,-0.2680569632312273,0.5577548938427184,2024-03-11 07:00:00,2026-03-11 07:00:00,2026-03-11 07:00:00,730,1,-0.3032104293734177,0.3032104293734177,{'model__alpha': 0.01}
2026-03-11 07:00:00,Random Forest,7,-0.2680569632312273,0.38651824268083756,2024-03-11 07:00:00,2026-03-11 07:00:00,2026-03-11 07:00:00,730,1,-0.28640559026943707,0.28640559026943707,"{'max_depth': 10, 'max_features': 0.5, 'min_samples_leaf': 2, 'n_estimators': 100}"
2026-03-11 07:00:00,Neural Network,7,-0.2680569632312273,0.5045475199194079,2024-03-11 07:00:00,2026-03-11 07:00:00,2026-03-11 07:00:00,730,1,-0.35941423956503044,0.35941423956503044,"{'regressor__model__alpha': 0.0001, 'regressor__model__hidden_layer_sizes': (64, 32), 'regressor__model__learning_rate_init': 0.0001}"
2026-03-11 07:00:00,Naive,7,-0.2680569632312273,1.7099632488423968,2024-03-11 07:00:00,2026-03-11 07:00:00,2026-03-11 07:00:00,730,1,,,not_applicable
2026-03-12 07:00:00,Decision Tree,7,1.1353685470262223,1.246439263966895,2024-03-12 07:00:00,2026-03-12 07:00:00,2026-03-12 07:00:00,730,1,-0.42290985504429074,0.42290985504429074,"{'max_depth': None, 'min_samples_leaf': 1, 'min_samples_split': 20}"
2026-03-12 07:00:00,ARX,7,1.1353685470262223,0.7933365165147307,2024-03-12 07:00:00,2026-03-12 07:00:00,2026-03-12 07:00:00,730,1,-0.3032104293734177,0.3032104293734177,{'model__alpha': 0.01}
2026-03-12 07:00:00,Random Forest,7,1.1353685470262223,0.9908977680704005,2024-03-12 07:00:00,2026-03-12 07:00:00,2026-03-12 07:00:00,730,1,-0.28640559026943707,0.28640559026943707,"{'max_depth': 10, 'max_features': 0.5, 'min_samples_leaf': 2, 'n_estimators': 100}"
2026-03-12 07:00:00,Neural Network,7,1.1353685470262223,0.8345047152697586,2024-03-12 07:00:00,2026-03-12 07:00:00,2026-03-12 07:00:00,730,1,-0.35941423956503044,0.35941423956503044,"{'regressor__model__alpha': 0.0001, 'regressor__model__hidden_layer_sizes': (64, 32), 'regressor__model__learning_rate_init': 0.0001}"
2026-03-12 07:00:00,Naive,7,1.1353685470262223,-0.2680569632312273,2024-03-12 07:00:00,2026-03-12 07:00:00,2026-03-12 07:00:00,730,1,,,not_applicable
2026-03-13 07:00:00,Decision Tree,7,-1.4766686548663739,-0.6878190897774086,2024-03-13 07:00:00,2026-03-13 07:00:00,2026-03-13 07:00:00,730,1,-0.42290985504429074,0.42290985504429074,"{'max_depth': None, 'min_samples_leaf': 1, 'min_samples_split': 20}"
2026-03-13 07:00:00,ARX,7,-1.4766686548663739,-0.7319836145568087,2024-03-13 07:00:00,2026-03-13 07:00:00,2026-03-13 07:00:00,730,1,-0.3032104293734177,0.3032104293734177,{'model__alpha': 0.01}
2026-03-13 07:00:00,Random Forest,7,-1.4766686548663739,-0.4180947388179764,2024-03-13 07:00:00,2026-03-13 07:00:00,2026-03-13 07:00:00,730,1,-0.28640559026943707,0.28640559026943707,"{'max_depth': 10, 'max_features': 0.5, 'min_samples_leaf': 2, 'n_estimators': 100}"
2026-03-13 07:00:00,Neural Network,7,-1.4766686548663739,-0.7468366493799471,2024-03-13 07:00:00,2026-03-13 07:00:00,2026-03-13 07:00:00,730,1,-0.35941423956503044,0.35941423956503044,"{'regressor__model__alpha': 0.0001, 'regressor__model__hidden_layer_sizes': (64, 32), 'regressor__model__learning_rate_init': 0.0001}"
2026-03-13 07:00:00,Naive,7,-1.4766686548663739,1.1353685470262223,2024-03-13 07:00:00,2026-03-13 07:00:00,2026-03-13 07:00:00,730,1,,,not_applicable
2026-03-14 07:00:00,Decision Tree,7,0.7228945198862581,1.2402686685813022,2024-03-14 07:00:00,2026-03-14 07:00:00,2026-03-14 07:00:00,730,1,-0.42290985504429074,0.42290985504429074,"{'max_depth': None, 'min_samples_leaf': 1, 'min_samples_split': 20}"
2026-03-14 07:00:00,ARX,7,0.7228945198862581,0.7741206005600517,2024-03-14 07:00:00,2026-03-14 07:00:00,2026-03-14 07:00:00,730,1,-0.3032104293734177,0.3032104293734177,{'model__alpha': 0.01}
2026-03-14 07:00:00,Random Forest,7,0.7228945198862581,0.7538131741410047,2024-03-14 07:00:00,2026-03-14 07:00:00,2026-03-14 07:00:00,730,1,-0.28640559026943707,0.28640559026943707,"{'max_depth': 10, 'max_features': 0.5, 'min_samples_leaf': 2, 'n_estimators': 100}"
2026-03-14 07:00:00,Neural Network,7,0.7228945198862581,1.0243932837605678,2024-03-14 07:00:00,2026-03-14 07:00:00,2026-03-14 07:00:00,730,1,-0.35941423956503044,0.35941423956503044,"{'regressor__model__alpha': 0.0001, 'regressor__model__hidden_layer_sizes': (64, 32), 'regressor__model__learning_rate_init': 0.0001}"
2026-03-14 07:00:00,Naive,7,0.7228945198862581,-1.4766686548663739,2024-03-14 07:00:00,2026-03-14 07:00:00,2026-03-14 07:00:00,730,1,,,not_applicable
2026-03-15 07:00:00,Decision Tree,7,0.7615412993638495,0.5307999439054032,2024-03-15 07:00:00,2026-03-15 07:00:00,2026-03-15 07:00:00,730,1,-0.42290985504429074,0.42290985504429074,"{'max_depth': None, 'min_samples_leaf': 1, 'min_samples_split': 20}"
2026-03-15 07:00:00,ARX,7,0.7615412993638495,0.6513502364912815,2024-03-15 07:00:00,2026-03-15 07:00:00,2026-03-15 07:00:00,730,1,-0.3032104293734177,0.3032104293734177,{'model__alpha': 0.01}
2026-03-15 07:00:00,Random Forest,7,0.7615412993638495,0.48687783246509286,2024-03-15 07:00:00,2026-03-15 07:00:00,2026-03-15 07:00:00,730,1,-0.28640559026943707,0.28640559026943707,"{'max_depth': 10, 'max_features': 0.5, 'min_samples_leaf': 2, 'n_estimators': 100}"
2026-03-15 07:00:00,Neural Network,7,0.7615412993638495,-0.007702611679781479,2024-03-15 07:00:00,2026-03-15 07:00:00,2026-03-15 07:00:00,730,1,-0.35941423956503044,0.35941423956503044,"{'regressor__model__alpha': 0.0001, 'regressor__model__hidden_layer_sizes': (64, 32), 'regressor__model__learning_rate_init': 0.0001}"
2026-03-15 07:00:00,Naive,7,0.7615412993638495,0.7228945198862581,2024-03-15 07:00:00,2026-03-15 07:00:00,2026-03-15 07:00:00,730,1,,,not_applicable
2026-03-16 07:00:00,Decision Tree,7,0.15808791533378105,0.5443729648147235,2024-03-16 07:00:00,2026-03-16 07:00:00,2026-03-16 07:00:00,730,1,-0.42290985504429074,0.42290985504429074,"{'max_depth': None, 'min_samples_leaf': 1, 'min_samples_split': 20}"
2026-03-16 07:00:00,ARX,7,0.15808791533378105,0.2626450186618399,2024-03-16 07:00:00,2026-03-16 07:00:00,2026-03-16 07:00:00,730,1,-0.3032104293734177,0.3032104293734177,{'model__alpha': 0.01}
2026-03-16 07:00:00,Random Forest,7,0.15808791533378105,0.2403431256190302,2024-03-16 07:00:00,2026-03-16 07:00:00,2026-03-16 07:00:00,730,1,-0.28640559026943707,0.28640559026943707,"{'max_depth': 10, 'max_features': 0.5, 'min_samples_leaf': 2, 'n_estimators': 100}"
2026-03-16 07:00:00,Neural Network,7,0.15808791533378105,-0.032830755602625494,2024-03-16 07:00:00,2026-03-16 07:00:00,2026-03-16 07:00:00,730,1,-0.35941423956503044,0.35941423956503044,"{'regressor__model__alpha': 0.0001, 'regressor__model__hidden_layer_sizes': (64, 32), 'regressor__model__learning_rate_init': 0.0001}"
2026-03-16 07:00:00,Naive,7,0.15808791533378105,0.7615412993638495,2024-03-16 07:00:00,2026-03-16 07:00:00,2026-03-16 07:00:00,730,1,,,not_applicable
2026-03-17 07:00:00,Decision Tree,7,1.570047450101884,1.2643174524337826,2024-03-17 07:00:00,2026-03-17 07:00:00,2026-03-17 07:00:00,730,1,-0.42290985504429074,0.42290985504429074,"{'max_depth': None, 'min_samples_leaf': 1, 'min_samples_split': 20}"
2026-03-17 07:00:00,ARX,7,1.570047450101884,1.4645208209508846,2024-03-17 07:00:00,2026-03-17 07:00:00,2026-03-17 07:00:00,730,1,-0.3032104293734177,0.3032104293734177,{'model__alpha': 0.01}
2026-03-17 07:00:00,Random Forest,7,1.570047450101884,1.1244638802153941,2024-03-17 07:00:00,2026-03-17 07:00:00,2026-03-17 07:00:00,730,1,-0.28640559026943707,0.28640559026943707,"{'max_depth': 10, 'max_features': 0.5, 'min_samples_leaf': 2, 'n_estimators': 100}"
2026-03-17 07:00:00,Neural Network,7,1.570047450101884,1.3835313368538447,2024-03-17 07:00:00,2026-03-17 07:00:00,2026-03-17 07:00:00,730,1,-0.35941423956503044,0.35941423956503044,"{'regressor__model__alpha': 0.0001, 'regressor__model__hidden_layer_sizes': (64, 32), 'regressor__model__learning_rate_init': 0.0001}"
2026-03-17 07:00:00,Naive,7,1.570047450101884,0.15808791533378105,2024-03-17 07:00:00,2026-03-17 07:00:00,2026-03-17 07:00:00,730,1,,,not_applicable
2026-03-18 07:00:00,Decision Tree,7,1.0664851121338426,0.9121658661711499,2024-03-18 07:00:00,2026-03-18 07:00:00,2026-03-18 07:00:00,730,1,-0.42290985504429074,0.42290985504429074,"{'max_depth': None, 'min_samples_leaf': 1, 'min_samples_split': 20}"
2026-03-18 07:00:00,ARX,7,1.0664851121338426,0.5353108523536592,2024-03-18 07:00:00,2026-03-18 07:00:00,2026-03-18 07:00:00,730,1,-0.3032104293734177,0.3032104293734177,{'model__alpha': 0.01}
2026-03-18 07:00:00,Random Forest,7,1.0664851121338426,0.9217572883043792,2024-03-18 07:00:00,2026-03-18 07:00:00,2026-03-18 07:00:00,730,1,-0.28640559026943707,0.28640559026943707,"{'max_depth': 10, 'max_features': 0.5, 'min_samples_leaf': 2, 'n_estimators': 100}"
2026-03-18 07:00:00,Neural Network,7,1.0664851121338426,1.4410673670245777,2024-03-18 07:00:00,2026-03-18 07:00:00,2026-03-18 07:00:00,730,1,-0.35941423956503044,0.35941423956503044,"{'regressor__model__alpha': 0.0001, 'regressor__model__hidden_layer_sizes': (64, 32), 'regressor__model__learning_rate_init': 0.0001}"
2026-03-18 07:00:00,Naive,7,1.0664851121338426,1.570047450101884,2024-03-18 07:00:00,2026-03-18 07:00:00,2026-03-18 07:00:00,730,1,,,not_applicable
2026-03-19 07:00:00,Decision Tree,7,1.4465893083462178,0.9595099262234356,2024-03-19 07:00:00,2026-03-19 07:00:00,2026-03-19 07:00:00,730,1,-0.42290985504429074,0.42290985504429074,"{'max_depth': None, 'min_samples_leaf': 1, 'min_samples_split': 20}"
2026-03-19 07:00:00,ARX,7,1.4465893083462178,1.405133457670842,2024-03-19 07:00:00,2026-03-19 07:00:00,2026-03-19 07:00:00,730,1,-0.3032104293734177,0.3032104293734177,{'model__alpha': 0.01}
2026-03-19 07:00:00,Random Forest,7,1.4465893083462178,1.4801367844198503,2024-03-19 07:00:00,2026-03-19 07:00:00,2026-03-19 07:00:00,730,1,-0.28640559026943707,0.28640559026943707,"{'max_depth': 10, 'max_features': 0.5, 'min_samples_leaf': 2, 'n_estimators': 100}"
2026-03-19 07:00:00,Neural Network,7,1.4465893083462178,1.8672848061303755,2024-03-19 07:00:00,2026-03-19 07:00:00,2026-03-19 07:00:00,730,1,-0.35941423956503044,0.35941423956503044,"{'regressor__model__alpha': 0.0001, 'regressor__model__hidden_layer_sizes': (64, 32), 'regressor__model__learning_rate_init': 0.0001}"
2026-03-19 07:00:00,Naive,7,1.4465893083462178,1.0664851121338426,2024-03-19 07:00:00,2026-03-19 07:00:00,2026-03-19 07:00:00,730,1,,,not_applicable
2026-03-20 07:00:00,Decision Tree,7,1.8684612613118607,1.629412289517599,2024-03-20 07:00:00,2026-03-20 07:00:00,2026-03-20 07:00:00,730,1,-0.42290985504429074,0.42290985504429074,"{'max_depth': None, 'min_samples_leaf': 1, 'min_samples_split': 20}"
2026-03-20 07:00:00,ARX,7,1.8684612613118607,1.3035632657059768,2024-03-20 07:00:00,2026-03-20 07:00:00,2026-03-20 07:00:00,730,1,-0.3032104293734177,0.3032104293734177,{'model__alpha': 0.01}
2026-03-20 07:00:00,Random Forest,7,1.8684612613118607,1.5223877793260254,2024-03-20 07:00:00,2026-03-20 07:00:00,2026-03-20 07:00:00,730,1,-0.28640559026943707,0.28640559026943707,"{'max_depth': 10, 'max_features': 0.5, 'min_samples_leaf': 2, 'n_estimators': 100}"
2026-03-20 07:00:00,Neural Network,7,1.8684612613118607,1.2823815056723997,2024-03-20 07:00:00,2026-03-20 07:00:00,2026-03-20 07:00:00,730,1,-0.35941423956503044,0.35941423956503044,"{'regressor__model__alpha': 0.0001, 'regressor__model__hidden_layer_sizes': (64, 32), 'regressor__model__learning_rate_init': 0.0001}"
2026-03-20 07:00:00,Naive,7,1.8684612613118607,1.4465893083462178,2024-03-20 07:00:00,2026-03-20 07:00:00,2026-03-20 07:00:00,730,1,,,not_applicable
2026-03-21 07:00:00,Decision Tree,7,1.1651784919074981,1.0323885541396287,2024-03-21 07:00:00,2026-03-21 07:00:00,2026-03-21 07:00:00,730,1,-0.42290985504429074,0.42290985504429074,"{'max_depth': None, 'min_samples_leaf': 1, 'min_samples_split': 20}"
2026-03-21 07:00:00,ARX,7,1.1651784919074981,0.9848403230319593,2024-03-21 07:00:00,2026-03-21 07:00:00,2026-03-21 07:00:00,730,1,-0.3032104293734177,0.3032104293734177,{'model__alpha': 0.01}
2026-03-21 07:00:00,Random Forest,7,1.1651784919074981,0.9338850267942205,2024-03-21 07:00:00,2026-03-21 07:00:00,2026-03-21 07:00:00,730,1,-0.28640559026943707,0.28640559026943707,"{'max_depth': 10, 'max_features': 0.5, 'min_samples_leaf': 2, 'n_estimators': 100}"
2026-03-21 07:00:00,Neural Network,7,1.1651784919074981,1.2768726805496837,2024-03-21 07:00:00,2026-03-21 07:00:00,2026-03-21 07:00:00,730,1,-0.35941423956503044,0.35941423956503044,"{'regressor__model__alpha': 0.0001, 'regressor__model__hidden_layer_sizes': (64, 32), 'regressor__model__learning_rate_init': 0.0001}"
2026-03-21 07:00:00,Naive,7,1.1651784919074981,1.8684612613118607,2024-03-21 07:00:00,2026-03-21 07:00:00,2026-03-21 07:00:00,730,1,,,not_applicable
2026-03-22 07:00:00,Decision Tree,7,-0.17087450146801672,-0.0037372168973927263,2024-03-22 07:00:00,2026-03-22 07:00:00,2026-03-22 07:00:00,730,1,-0.42290985504429074,0.42290985504429074,"{'max_depth': None, 'min_samples_leaf': 1, 'min_samples_split': 20}"
2026-03-22 07:00:00,ARX,7,-0.17087450146801672,-0.025939551887910306,2024-03-22 07:00:00,2026-03-22 07:00:00,2026-03-22 07:00:00,730,1,-0.3032104293734177,0.3032104293734177,{'model__alpha': 0.01}
2026-03-22 07:00:00,Random Forest,7,-0.17087450146801672,0.011412796022224479,2024-03-22 07:00:00,2026-03-22 07:00:00,2026-03-22 07:00:00,730,1,-0.28640559026943707,0.28640559026943707,"{'max_depth': 10, 'max_features': 0.5, 'min_samples_leaf': 2, 'n_estimators': 100}"
2026-03-22 07:00:00,Neural Network,7,-0.17087450146801672,0.6575460535491304,2024-03-22 07:00:00,2026-03-22 07:00:00,2026-03-22 07:00:00,730,1,-0.35941423956503044,0.35941423956503044,"{'regressor__model__alpha': 0.0001, 'regressor__model__hidden_layer_sizes': (64, 32), 'regressor__model__learning_rate_init': 0.0001}"
2026-03-22 07:00:00,Naive,7,-0.17087450146801672,1.1651784919074981,2024-03-22 07:00:00,2026-03-22 07:00:00,2026-03-22 07:00:00,730,1,,,not_applicable
2026-03-23 07:00:00,Decision Tree,7,1.755753315239716,1.2921857498391134,2024-03-23 07:00:00,2026-03-23 07:00:00,2026-03-23 07:00:00,730,1,-0.42290985504429074,0.42290985504429074,"{'max_depth': None, 'min_samples_leaf': 1, 'min_samples_split': 20}"
2026-03-23 07:00:00,ARX,7,1.755753315239716,1.6026483014791457,2024-03-23 07:00:00,2026-03-23 07:00:00,2026-03-23 07:00:00,730,1,-0.3032104293734177,0.3032104293734177,{'model__alpha': 0.01}
2026-03-23 07:00:00,Random Forest,7,1.755753315239716,1.38540233569306,2024-03-23 07:00:00,2026-03-23 07:00:00,2026-03-23 07:00:00,730,1,-0.28640559026943707,0.28640559026943707,"{'max_depth': 10, 'max_features': 0.5, 'min_samples_leaf': 2, 'n_estimators': 100}"
2026-03-23 07:00:00,Neural Network,7,1.755753315239716,1.9223840189857688,2024-03-23 07:00:00,2026-03-23 07:00:00,2026-03-23 07:00:00,730,1,-0.35941423956503044,0.35941423956503044,"{'regressor__model__alpha': 0.0001, 'regressor__model__hidden_layer_sizes': (64, 32), 'regressor__model__learning_rate_init': 0.0001}"
2026-03-23 07:00:00,Naive,7,1.755753315239716,-0.17087450146801672,2024-03-23 07:00:00,2026-03-23 07:00:00,2026-03-23 07:00:00,730,1,,,not_applicable
2026-03-24 07:00:00,Decision Tree,7,0.6167221284339625,1.0393774982326744,2024-03-24 07:00:00,2026-03-24 07:00:00,2026-03-24 07:00:00,730,1,-0.42290985504429074,0.42290985504429074,"{'max_depth': None, 'min_samples_leaf': 1, 'min_samples_split': 20}"
2026-03-24 07:00:00,ARX,7,0.6167221284339625,0.9644063017983475,2024-03-24 07:00:00,2026-03-24 07:00:00,2026-03-24 07:00:00,730,1,-0.3032104293734177,0.3032104293734177,{'model__alpha': 0.01}
2026-03-24 07:00:00,Random Forest,7,0.6167221284339625,1.0989894574715546,2024-03-24 07:00:00,2026-03-24 07:00:00,2026-03-24 07:00:00,730,1,-0.28640559026943707,0.28640559026943707,"{'max_depth': 10, 'max_features': 0.5, 'min_samples_leaf': 2, 'n_estimators': 100}"
2026-03-24 07:00:00,Neural Network,7,0.6167221284339625,0.9362394393179445,2024-03-24 07:00:00,2026-03-24 07:00:00,2026-03-24 07:00:00,730,1,-0.35941423956503044,0.35941423956503044,"{'regressor__model__alpha': 0.0001, 'regressor__model__hidden_layer_sizes': (64, 32), 'regressor__model__learning_rate_init': 0.0001}"
2026-03-24 07:00:00,Naive,7,0.6167221284339625,1.755753315239716,2024-03-24 07:00:00,2026-03-24 07:00:00,2026-03-24 07:00:00,730,1,,,not_applicable
2026-03-25 07:00:00,Decision Tree,7,-1.612998948343151,-0.6952693925382435,2024-03-25 07:00:00,2026-03-25 07:00:00,2026-03-25 07:00:00,730,1,-0.42290985504429074,0.42290985504429074,"{'max_depth': None, 'min_samples_leaf': 1, 'min_samples_split': 20}"
2026-03-25 07:00:00,ARX,7,-1.612998948343151,-0.8304079562137745,2024-03-25 07:00:00,2026-03-25 07:00:00,2026-03-25 07:00:00,730,1,-0.3032104293734177,0.3032104293734177,{'model__alpha': 0.01}
2026-03-25 07:00:00,Random Forest,7,-1.612998948343151,-0.6906456637366937,2024-03-25 07:00:00,2026-03-25 07:00:00,2026-03-25 07:00:00,730,1,-0.28640559026943707,0.28640559026943707,"{'max_depth': 10, 'max_features': 0.5, 'min_samples_leaf': 2, 'n_estimators': 100}"
2026-03-25 07:00:00,Neural Network,7,-1.612998948343151,-1.0081118437383232,2024-03-25 07:00:00,2026-03-25 07:00:00,2026-03-25 07:00:00,730,1,-0.35941423956503044,0.35941423956503044,"{'regressor__model__alpha': 0.0001, 'regressor__model__hidden_layer_sizes': (64, 32), 'regressor__model__learning_rate_init': 0.0001}"
2026-03-25 07:00:00,Naive,7,-1.612998948343151,0.6167221284339625,2024-03-25 07:00:00,2026-03-25 07:00:00,2026-03-25 07:00:00,730,1,,,not_applicable
2026-03-26 07:00:00,Decision Tree,7,1.1205149215973118,0.26638724990461204,2024-03-26 07:00:00,2026-03-26 07:00:00,2026-03-26 07:00:00,730,1,-0.42290985504429074,0.42290985504429074,"{'max_depth': None, 'min_samples_leaf': 1, 'min_samples_split': 20}"
2026-03-26 07:00:00,ARX,7,1.1205149215973118,0.23324378184413413,2024-03-26 07:00:00,2026-03-26 07:00:00,2026-03-26 07:00:00,730,1,-0.3032104293734177,0.3032104293734177,{'model__alpha': 0.01}
2026-03-26 07:00:00,Random Forest,7,1.1205149215973118,0.4234643260596443,2024-03-26 07:00:00,2026-03-26 07:00:00,2026-03-26 07:00:00,730,1,-0.28640559026943707,0.28640559026943707,"{'max_depth': 10, 'max_features': 0.5, 'min_samples_leaf': 2, 'n_estimators': 100}"
2026-03-26 07:00:00,Neural Network,7,1.1205149215973118,1.2839465304971895,2024-03-26 07:00:00,2026-03-26 07:00:00,2026-03-26 07:00:00,730,1,-0.35941423956503044,0.35941423956503044,"{'regressor__model__alpha': 0.0001, 'regressor__model__hidden_layer_sizes': (64, 32), 'regressor__model__learning_rate_init': 0.0001}"
2026-03-26 07:00:00,Naive,7,1.1205149215973118,-1.612998948343151,2024-03-26 07:00:00,2026-03-26 07:00:00,2026-03-26 07:00:00,730,1,,,not_applicable
2026-03-27 07:00:00,Decision Tree,7,1.6529552913339671,0.5395763971235341,2024-03-27 07:00:00,2026-03-27 07:00:00,2026-03-27 07:00:00,730,1,-0.42290985504429074,0.42290985504429074,"{'max_depth': None, 'min_samples_leaf': 1, 'min_samples_split': 20}"
2026-03-27 07:00:00,ARX,7,1.6529552913339671,1.0330426022597665,2024-03-27 07:00:00,2026-03-27 07:00:00,2026-03-27 07:00:00,730,1,-0.3032104293734177,0.3032104293734177,{'model__alpha': 0.01}
2026-03-27 07:00:00,Random Forest,7,1.6529552913339671,1.1689060413819776,2024-03-27 07:00:00,2026-03-27 07:00:00,2026-03-27 07:00:00,730,1,-0.28640559026943707,0.28640559026943707,"{'max_depth': 10, 'max_features': 0.5, 'min_samples_leaf': 2, 'n_estimators': 100}"
2026-03-27 07:00:00,Neural Network,7,1.6529552913339671,1.2174556671421468,2024-03-27 07:00:00,2026-03-27 07:00:00,2026-03-27 07:00:00,730,1,-0.35941423956503044,0.35941423956503044,"{'regressor__model__alpha': 0.0001, 'regressor__model__hidden_layer_sizes': (64, 32), 'regressor__model__learning_rate_init': 0.0001}"
2026-03-27 07:00:00,Naive,7,1.6529552913339671,1.1205149215973118,2024-03-27 07:00:00,2026-03-27 07:00:00,2026-03-27 07:00:00,730,1,,,not_applicable
2026-03-28 07:00:00,Decision Tree,7,-0.3353282985244972,0.3530193902409043,2024-03-28 07:00:00,2026-03-28 07:00:00,2026-03-28 07:00:00,730,1,-0.42290985504429074,0.42290985504429074,"{'max_depth': None, 'min_samples_leaf': 1, 'min_samples_split': 20}"
2026-03-28 07:00:00,ARX,7,-0.3353282985244972,0.13907649014370682,2024-03-28 07:00:00,2026-03-28 07:00:00,2026-03-28 07:00:00,730,1,-0.3032104293734177,0.3032104293734177,{'model__alpha': 0.01}
2026-03-28 07:00:00,Random Forest,7,-0.3353282985244972,0.10496164789241756,2024-03-28 07:00:00,2026-03-28 07:00:00,2026-03-28 07:00:00,730,1,-0.28640559026943707,0.28640559026943707,"{'max_depth': 10, 'max_features': 0.5, 'min_samples_leaf': 2, 'n_estimators': 100}"
2026-03-28 07:00:00,Neural Network,7,-0.3353282985244972,0.006729467475491913,2024-03-28 07:00:00,2026-03-28 07:00:00,2026-03-28 07:00:00,730,1,-0.35941423956503044,0.35941423956503044,"{'regressor__model__alpha': 0.0001, 'regressor__model__hidden_layer_sizes': (64, 32), 'regressor__model__learning_rate_init': 0.0001}"
2026-03-28 07:00:00,Naive,7,-0.3353282985244972,1.6529552913339671,2024-03-28 07:00:00,2026-03-28 07:00:00,2026-03-28 07:00:00,730,1,,,not_applicable
2026-03-29 07:00:00,Decision Tree,7,0.6598867439950652,0.9638680527993007,2024-03-29 07:00:00,2026-03-29 07:00:00,2026-03-29 07:00:00,730,1,-0.42290985504429074,0.42290985504429074,"{'max_depth': None, 'min_samples_leaf': 1, 'min_samples_split': 20}"
2026-03-29 07:00:00,ARX,7,0.6598867439950652,0.5417139779642381,2024-03-29 07:00:00,2026-03-29 07:00:00,2026-03-29 07:00:00,730,1,-0.3032104293734177,0.3032104293734177,{'model__alpha': 0.01}
2026-03-29 07:00:00,Random Forest,7,0.6598867439950652,0.33264371121976355,2024-03-29 07:00:00,2026-03-29 07:00:00,2026-03-29 07:00:00,730,1,-0.28640559026943707,0.28640559026943707,"{'max_depth': 10, 'max_features': 0.5, 'min_samples_leaf': 2, 'n_estimators': 100}"
2026-03-29 07:00:00,Neural Network,7,0.6598867439950652,0.45963499828465243,2024-03-29 07:00:00,2026-03-29 07:00:00,2026-03-29 07:00:00,730,1,-0.35941423956503044,0.35941423956503044,"{'regressor__model__alpha': 0.0001, 'regressor__model__hidden_layer_sizes': (64, 32), 'regressor__model__learning_rate_init': 0.0001}"
2026-03-29 07:00:00,Naive,7,0.6598867439950652,-0.3353282985244972,2024-03-29 07:00:00,2026-03-29 07:00:00,2026-03-29 07:00:00,730,1,,,not_applicable
2026-03-30 07:00:00,Decision Tree,7,-0.01851034256861034,-1.3042956188521713,2024-03-30 07:00:00,2026-03-30 07:00:00,2026-03-30 07:00:00,730,1,-0.42290985504429074,0.42290985504429074,"{'max_depth': None, 'min_samples_leaf': 1, 'min_samples_split': 20}"
2026-03-30 07:00:00,ARX,7,-0.01851034256861034,-0.21495643836317563,2024-03-30 07:00:00,2026-03-30 07:00:00,2026-03-30 07:00:00,730,1,-0.3032104293734177,0.3032104293734177,{'model__alpha': 0.01}
2026-03-30 07:00:00,Random Forest,7,-0.01851034256861034,-0.40444117358173926,2024-03-30 07:00:00,2026-03-30 07:00:00,2026-03-30 07:00:00,730,1,-0.28640559026943707,0.28640559026943707,"{'max_depth': 10, 'max_features': 0.5, 'min_samples_leaf': 2, 'n_estimators': 100}"
2026-03-30 07:00:00,Neural Network,7,-0.01851034256861034,-1.0776448465658228,2024-03-30 07:00:00,2026-03-30 07:00:00,2026-03-30 07:00:00,730,1,-0.35941423956503044,0.35941423956503044,"{'regressor__model__alpha': 0.0001, 'regressor__model__hidden_layer_sizes': (64, 32), 'regressor__model__learning_rate_init': 0.0001}"
2026-03-30 07:00:00,Naive,7,-0.01851034256861034,0.6598867439950652,2024-03-30 07:00:00,2026-03-30 07:00:00,2026-03-30 07:00:00,730,1,,,not_applicable
2026-03-31 07:00:00,Decision Tree,7,1.3485913879585465,0.9797512562846179,2024-03-31 07:00:00,2026-03-31 07:00:00,2026-03-31 07:00:00,730,1,-0.42290985504429074,0.42290985504429074,"{'max_depth': None, 'min_samples_leaf': 1, 'min_samples_split': 20}"
2026-03-31 07:00:00,ARX,7,1.3485913879585465,1.0243609910015017,2024-03-31 07:00:00,2026-03-31 07:00:00,2026-03-31 07:00:00,730,1,-0.3032104293734177,0.3032104293734177,{'model__alpha': 0.01}
2026-03-31 07:00:00,Random Forest,7,1.3485913879585465,0.8460397436582052,2024-03-31 07:00:00,2026-03-31 07:00:00,2026-03-31 07:00:00,730,1,-0.28640559026943707,0.28640559026943707,"{'max_depth': 10, 'max_features': 0.5, 'min_samples_leaf': 2, 'n_estimators': 100}"
2026-03-31 07:00:00,Neural Network,7,1.3485913879585465,0.44320206373961263,2024-03-31 07:00:00,2026-03-31 07:00:00,2026-03-31 07:00:00,730,1,-0.35941423956503044,0.35941423956503044,"{'regressor__model__alpha': 0.0001, 'regressor__model__hidden_layer_sizes': (64, 32), 'regressor__model__learning_rate_init': 0.0001}"
2026-03-31 07:00:00,Naive,7,1.3485913879585465,-0.01851034256861034,2024-03-31 07:00:00,2026-03-31 07:00:00,2026-03-31 07:00:00,730,1,,,not_applicable
2026-04-01 07:00:00,Decision Tree,7,2.0938680472081512,1.6407614878764285,2024-04-01 07:00:00,2026-04-01 07:00:00,2026-04-01 07:00:00,730,1,-0.42290985504429074,0.42290985504429074,"{'max_depth': None, 'min_samples_leaf': 1, 'min_samples_split': 20}"
2026-04-01 07:00:00,ARX,7,2.0938680472081512,1.8095839069774826,2024-04-01 07:00:00,2026-04-01 07:00:00,2026-04-01 07:00:00,730,1,-0.3032104293734177,0.3032104293734177,{'model__alpha': 0.01}
2026-04-01 07:00:00,Random Forest,7,2.0938680472081512,1.6593797187955055,2024-04-01 07:00:00,2026-04-01 07:00:00,2026-04-01 07:00:00,730,1,-0.28640559026943707,0.28640559026943707,"{'max_depth': 10, 'max_features': 0.5, 'min_samples_leaf': 2, 'n_estimators': 100}"
2026-04-01 07:00:00,Neural Network,7,2.0938680472081512,1.4789794166510621,2024-04-01 07:00:00,2026-04-01 07:00:00,2026-04-01 07:00:00,730,1,-0.35941423956503044,0.35941423956503044,"{'regressor__model__alpha': 0.0001, 'regressor__model__hidden_layer_sizes': (64, 32), 'regressor__model__learning_rate_init': 0.0001}"
2026-04-01 07:00:00,Naive,7,2.0938680472081512,1.3485913879585465,2024-04-01 07:00:00,2026-04-01 07:00:00,2026-04-01 07:00:00,730,1,,,not_applicable
2026-04-02 07:00:00,Decision Tree,7,1.4572144798279216,1.100805804533495,2024-04-02 07:00:00,2026-04-02 07:00:00,2026-04-02 07:00:00,730,1,-0.42290985504429074,0.42290985504429074,"{'max_depth': None, 'min_samples_leaf': 1, 'min_samples_split': 20}"
2026-04-02 07:00:00,ARX,7,1.4572144798279216,1.4839467059770668,2024-04-02 07:00:00,2026-04-02 07:00:00,2026-04-02 07:00:00,730,1,-0.3032104293734177,0.3032104293734177,{'model__alpha': 0.01}
2026-04-02 07:00:00,Random Forest,7,1.4572144798279216,1.444033285139619,2024-04-02 07:00:00,2026-04-02 07:00:00,2026-04-02 07:00:00,730,1,-0.28640559026943707,0.28640559026943707,"{'max_depth': 10, 'max_features': 0.5, 'min_samples_leaf': 2, 'n_estimators': 100}"
2026-04-02 07:00:00,Neural Network,7,1.4572144798279216,1.0722822665952996,2024-04-02 07:00:00,2026-04-02 07:00:00,2026-04-02 07:00:00,730,1,-0.35941423956503044,0.35941423956503044,"{'regressor__model__alpha': 0.0001, 'regressor__model__hidden_layer_sizes': (64, 32), 'regressor__model__learning_rate_init': 0.0001}"
2026-04-02 07:00:00,Naive,7,1.4572144798279216,2.0938680472081512,2024-04-02 07:00:00,2026-04-02 07:00:00,2026-04-02 07:00:00,730,1,,,not_applicable
2026-04-03 07:00:00,Decision Tree,7,1.08709973893493,0.5893500741410063,2024-04-03 07:00:00,2026-04-03 07:00:00,2026-04-03 07:00:00,730,1,-0.42290985504429074,0.42290985504429074,"{'max_depth': None, 'min_samples_leaf': 1, 'min_samples_split': 20}"
2026-04-03 07:00:00,ARX,7,1.08709973893493,0.774389658660685,2024-04-03 07:00:00,2026-04-03 07:00:00,2026-04-03 07:00:00,730,1,-0.3032104293734177,0.3032104293734177,{'model__alpha': 0.01}
2026-04-03 07:00:00,Random Forest,7,1.08709973893493,0.34402661149523417,2024-04-03 07:00:00,2026-04-03 07:00:00,2026-04-03 07:00:00,730,1,-0.28640559026943707,0.28640559026943707,"{'max_depth': 10, 'max_features': 0.5, 'min_samples_leaf': 2, 'n_estimators': 100}"
2026-04-03 07:00:00,Neural Network,7,1.08709973893493,0.7860601795605475,2024-04-03 07:00:00,2026-04-03 07:00:00,2026-04-03 07:00:00,730,1,-0.35941423956503044,0.35941423956503044,"{'regressor__model__alpha': 0.0001, 'regressor__model__hidden_layer_sizes': (64, 32), 'regressor__model__learning_rate_init': 0.0001}"
2026-04-03 07:00:00,Naive,7,1.08709973893493,1.4572144798279216,2024-04-03 07:00:00,2026-04-03 07:00:00,2026-04-03 07:00:00,730,1,,,not_applicable
2026-04-04 07:00:00,Decision Tree,7,-1.4941104414452848,-1.2662733775158013,2024-04-04 07:00:00,2026-04-04 07:00:00,2026-04-04 07:00:00,730,1,-0.42290985504429074,0.42290985504429074,"{'max_depth': None, 'min_samples_leaf': 1, 'min_samples_split': 20}"
2026-04-04 07:00:00,ARX,7,-1.4941104414452848,-0.9017892655216402,2024-04-04 07:00:00,2026-04-04 07:00:00,2026-04-04 07:00:00,730,1,-0.3032104293734177,0.3032104293734177,{'model__alpha': 0.01}
2026-04-04 07:00:00,Random Forest,7,-1.4941104414452848,-1.0219469188050845,2024-04-04 07:00:00,2026-04-04 07:00:00,2026-04-04 07:00:00,730,1,-0.28640559026943707,0.28640559026943707,"{'max_depth': 10, 'max_features': 0.5, 'min_samples_leaf': 2, 'n_estimators': 100}"
2026-04-04 07:00:00,Neural Network,7,-1.4941104414452848,-0.5187217652277588,2024-04-04 07:00:00,2026-04-04 07:00:00,2026-04-04 07:00:00,730,1,-0.35941423956503044,0.35941423956503044,"{'regressor__model__alpha': 0.0001, 'regressor__model__hidden_layer_sizes': (64, 32), 'regressor__model__learning_rate_init': 0.0001}"
2026-04-04 07:00:00,Naive,7,-1.4941104414452848,1.08709973893493,2024-04-04 07:00:00,2026-04-04 07:00:00,2026-04-04 07:00:00,730,1,,,not_applicable
2026-04-05 07:00:00,Decision Tree,7,-1.7248007001155519,-1.599142632681158,2024-04-05 07:00:00,2026-04-05 07:00:00,2026-04-05 07:00:00,730,1,-0.42290985504429074,0.42290985504429074,"{'max_depth': None, 'min_samples_leaf': 1, 'min_samples_split': 20}"
2026-04-05 07:00:00,ARX,7,-1.7248007001155519,-1.6707954083038101,2024-04-05 07:00:00,2026-04-05 07:00:00,2026-04-05 07:00:00,730,1,-0.3032104293734177,0.3032104293734177,{'model__alpha': 0.01}
2026-04-05 07:00:00,Random Forest,7,-1.7248007001155519,-1.1708169164013604,2024-04-05 07:00:00,2026-04-05 07:00:00,2026-04-05 07:00:00,730,1,-0.28640559026943707,0.28640559026943707,"{'max_depth': 10, 'max_features': 0.5, 'min_samples_leaf': 2, 'n_estimators': 100}"
2026-04-05 07:00:00,Neural Network,7,-1.7248007001155519,-0.8516697104179352,2024-04-05 07:00:00,2026-04-05 07:00:00,2026-04-05 07:00:00,730,1,-0.35941423956503044,0.35941423956503044,"{'regressor__model__alpha': 0.0001, 'regressor__model__hidden_layer_sizes': (64, 32), 'regressor__model__learning_rate_init': 0.0001}"
2026-04-05 07:00:00,Naive,7,-1.7248007001155519,-1.4941104414452848,2024-04-05 07:00:00,2026-04-05 07:00:00,2026-04-05 07:00:00,730,1,,,not_applicable
